Frequency (Hz)	Level (dB)
10.766602	-75.788521
21.533203	-75.773483
32.299805	-75.754257
43.066406	-75.737175
53.833008	-75.710335
64.599609	-75.664505
75.366211	-75.634056
86.132813	-75.589455
96.899414	-75.527466
107.666016	-75.471359
118.432617	-75.415298
129.199219	-75.337708
139.965820	-75.265427
150.732422	-75.179054
161.499023	-75.092964
172.265625	-75.002808
183.032227	-74.911125
193.798828	-74.804657
204.565430	-74.694138
215.332031	-74.599815
226.098633	-74.461510
236.865234	-74.348000
247.631836	-74.227402
258.398438	-74.096512
269.165039	-73.952713
279.931641	-73.825035
290.698242	-73.683449
301.464844	-73.526558
312.231445	-73.390694
322.998047	-73.224754
333.764648	-73.066116
344.531250	-72.909355
355.297852	-72.745796
366.064453	-72.560310
376.831055	-72.401863
387.597656	-72.225525
398.364258	-72.032600
409.130859	-71.856110
419.897461	-71.665009
430.664063	-71.473793
441.430664	-71.275108
452.197266	-71.077324
462.963867	-70.868423
473.730469	-70.665276
484.497070	-70.454300
495.263672	-70.232964
506.030273	-70.012077
516.796875	-69.795593
527.563477	-69.557533
538.330078	-69.322617
549.096680	-69.090874
559.863281	-68.839836
570.629883	-68.593788
581.396484	-68.334648
592.163086	-68.080505
602.929688	-67.806168
613.696289	-67.543121
624.462891	-67.255409
635.229492	-66.973007
645.996094	-66.680481
656.762695	-66.378426
667.529297	-66.066231
678.295898	-65.750946
689.062500	-65.425140
699.829102	-65.083519
710.595703	-64.738541
721.362305	-64.381470
732.128906	-64.008972
742.895508	-63.625256
753.662109	-63.227474
764.428711	-62.813396
775.195313	-62.384800
785.961914	-61.936508
796.728516	-61.469322
807.495117	-60.978470
818.261719	-60.468399
829.028320	-59.926945
839.794922	-59.358498
850.561523	-58.758858
861.328125	-58.121998
872.094727	-57.444695
882.861328	-56.724354
893.627930	-55.954266
904.394531	-55.132446
915.161133	-54.261703
925.927734	-53.350788
936.694336	-52.448261
947.460938	-51.710011
958.227539	-51.786118
968.994141	-58.478859
979.760742	-38.495106
990.527344	-5.634455
1001.293945	-0.099050
1012.060547	-9.504543
1022.827148	-45.702305
1033.593750	-54.050598
1044.360352	-51.147957
1055.126953	-51.414780
1065.893555	-52.195953
1076.660156	-53.070393
1087.426758	-53.926403
1098.193359	-54.739765
1108.959961	-55.494934
1119.726563	-56.200348
1130.493164	-56.856705
1141.259766	-57.468651
1152.026367	-58.039677
1162.792969	-58.577675
1173.559570	-59.083511
1184.326172	-59.557423
1195.092773	-60.007885
1205.859375	-60.436676
1216.625977	-60.840004
1227.392578	-61.226883
1238.159180	-61.596783
1248.925781	-61.946331
1259.692383	-62.283791
1270.458984	-62.607925
1281.225586	-62.916164
1291.992188	-63.215206
1302.758789	-63.505093
1313.525391	-63.778603
1324.291992	-64.047226
1335.058594	-64.307274
1345.825195	-64.556610
1356.591797	-64.794891
1367.358398	-65.031090
1378.125000	-65.260674
1388.891602	-65.476242
1399.658203	-65.697090
1410.424805	-65.899620
1421.191406	-66.104675
1431.958008	-66.301079
1442.724609	-66.497505
1453.491211	-66.677010
1464.257813	-66.866524
1475.024414	-67.044334
1485.791016	-67.213089
1496.557617	-67.386696
1507.324219	-67.555008
1518.090820	-67.713242
1528.857422	-67.872017
1539.624023	-68.031837
1550.390625	-68.179993
1561.157227	-68.331894
1571.923828	-68.478363
1582.690430	-68.618309
1593.457031	-68.759834
1604.223633	-68.901764
1614.990234	-69.030800
1625.756836	-69.164360
1636.523438	-69.300941
1647.290039	-69.426865
1658.056641	-69.546547
1668.823242	-69.673027
1679.589844	-69.800751
1690.356445	-69.909195
1701.123047	-70.036728
1711.889648	-70.147118
1722.656250	-70.259476
1733.422852	-70.376625
1744.189453	-70.485405
1754.956055	-70.590797
1765.722656	-70.697472
1776.489258	-70.814201
1787.255859	-70.904167
1798.022461	-71.007858
1808.789063	-71.118240
1819.555664	-71.208733
1830.322266	-71.310417
1841.088867	-71.410042
1851.855469	-71.501793
1862.622070	-71.593758
1873.388672	-71.693024
1884.155273	-71.777824
1894.921875	-71.872169
1905.688477	-71.965332
1916.455078	-72.047211
1927.221680	-72.129883
1937.988281	-72.229774
1948.754883	-72.309235
1959.521484	-72.384682
1970.288086	-72.478516
1981.054688	-72.561073
1991.821289	-72.634415
2002.587891	-72.717117
2013.354492	-72.804962
2024.121094	-72.867455
2034.887695	-72.959991
2045.654297	-73.026093
2056.420898	-73.110718
2067.187500	-73.181870
2077.954102	-73.260887
2088.720703	-73.328400
2099.487305	-73.402313
2110.253906	-73.484077
2121.020508	-73.538818
2131.787109	-73.619667
2142.553711	-73.688087
2153.320313	-73.762527
2164.086914	-73.818123
2174.853516	-73.897194
2185.620117	-73.966797
2196.386719	-74.021004
2207.153320	-74.099319
2217.919922	-74.159698
2228.686523	-74.221664
2239.453125	-74.289970
2250.219727	-74.351799
2260.986328	-74.412460
2271.752930	-74.481018
2282.519531	-74.542519
2293.286133	-74.595932
2304.052734	-74.662361
2314.819336	-74.735207
2325.585938	-74.767921
2336.352539	-74.850624
2347.119141	-74.898239
2357.885742	-74.960182
2368.652344	-75.015976
2379.418945	-75.076950
2390.185547	-75.131683
2400.952148	-75.186852
2411.718750	-75.252419
2422.485352	-75.294708
2433.251953	-75.355888
2444.018555	-75.419220
2454.785156	-75.464767
2465.551758	-75.514557
2476.318359	-75.575371
2487.084961	-75.632309
2497.851563	-75.669701
2508.618164	-75.739418
2519.384766	-75.785088
2530.151367	-75.838203
2540.917969	-75.886452
2551.684570	-75.936562
2562.451172	-75.984619
2573.217773	-76.042252
2583.984375	-76.092484
2594.750977	-76.132530
2605.517578	-76.187981
2616.284180	-76.242920
2627.050781	-76.285675
2637.817383	-76.330109
2648.583984	-76.386627
2659.350586	-76.427971
2670.117188	-76.472252
2680.883789	-76.525543
2691.650391	-76.574379
2702.416992	-76.604935
2713.183594	-76.674454
2723.950195	-76.696632
2734.716797	-76.754288
2745.483398	-76.808891
2756.250000	-76.837875
2767.016602	-76.880051
2777.783203	-76.933609
2788.549805	-76.991585
2799.316406	-76.992615
2810.083008	-77.076370
2820.849609	-77.108421
2831.616211	-77.151390
2842.382813	-77.190216
2853.149414	-77.238541
2863.916016	-77.272621
2874.682617	-77.320442
2885.449219	-77.369637
2896.215820	-77.393784
2906.982422	-77.441727
2917.749023	-77.505379
2928.515625	-77.511879
2939.282227	-77.565460
2950.048828	-77.616608
2960.815430	-77.647148
2971.582031	-77.682381
2982.348633	-77.727425
2993.115234	-77.779465
3003.881836	-77.793358
3014.648438	-77.855072
3025.415039	-77.879990
3036.181641	-77.914200
3046.948242	-77.972900
3057.714844	-78.001953
3068.481445	-78.033066
3079.248047	-78.070107
3090.014648	-78.126411
3100.781250	-78.128746
3111.547852	-78.199539
3122.314453	-78.219368
3133.081055	-78.258888
3143.847656	-78.298103
3154.614258	-78.340652
3165.380859	-78.373306
3176.147461	-78.399017
3186.914063	-78.450836
3197.680664	-78.466858
3208.447266	-78.524094
3219.213867	-78.547607
3229.980469	-78.583778
3240.747070	-78.617470
3251.513672	-78.667694
3262.280273	-78.687515
3273.046875	-78.712257
3283.813477	-78.776482
3294.580078	-78.792061
3305.346680	-78.822906
3316.113281	-78.863770
3326.879883	-78.900475
3337.646484	-78.921120
3348.413086	-78.970085
3359.179688	-78.991714
3369.946289	-79.030273
3380.712891	-79.062218
3391.479492	-79.106621
3402.246094	-79.107849
3413.012695	-79.176285
3423.779297	-79.197212
3434.545898	-79.212639
3445.312500	-79.256760
3456.079102	-79.298332
3466.845703	-79.322159
3477.612305	-79.338356
3488.378906	-79.404976
3499.145508	-79.403557
3509.912109	-79.450775
3520.678711	-79.483986
3531.445313	-79.503731
3542.211914	-79.540649
3552.978516	-79.577950
3563.745117	-79.606613
3574.511719	-79.613647
3585.278320	-79.681786
3596.044922	-79.693275
3606.811523	-79.714447
3617.578125	-79.760429
3628.344727	-79.792526
3639.111328	-79.800545
3649.877930	-79.847122
3660.644531	-79.875557
3671.411133	-79.897926
3682.177734	-79.933250
3692.944336	-79.969284
3703.710938	-79.978821
3714.477539	-80.029129
3725.244141	-80.055977
3736.010742	-80.061111
3746.777344	-80.110794
3757.543945	-80.141121
3768.310547	-80.163658
3779.077148	-80.176117
3789.843750	-80.238609
3800.610352	-80.242355
3811.376953	-80.272369
3822.143555	-80.310440
3832.910156	-80.326218
3843.676758	-80.359901
3854.443359	-80.389526
3865.209961	-80.410515
3875.976563	-80.426674
3886.743164	-80.484848
3897.509766	-80.493866
3908.276367	-80.506500
3919.042969	-80.560966
3929.809570	-80.581299
3940.576172	-80.591324
3951.342773	-80.627914
3962.109375	-80.664169
3972.875977	-80.674667
3983.642578	-80.708458
3994.409180	-80.742195
4005.175781	-80.754272
4015.942383	-80.790123
4026.708984	-80.824387
4037.475586	-80.827049
4048.242188	-80.867569
4059.008789	-80.907402
4069.775391	-80.908539
4080.541992	-80.930862
4091.308594	-80.985970
4102.075195	-80.992119
4112.841797	-81.009529
4123.608398	-81.053558
4134.375000	-81.069984
4145.141602	-81.093895
4155.908203	-81.122490
4166.674805	-81.140198
4177.441406	-81.165695
4188.208008	-81.197418
4198.974609	-81.221375
4209.741211	-81.220505
4220.507813	-81.283775
4231.274414	-81.293816
4242.041016	-81.306770
4252.807617	-81.336082
4263.574219	-81.380936
4274.340820	-81.372406
4285.107422	-81.407967
4295.874023	-81.446716
4306.640625	-81.449455
4317.407227	-81.487022
4328.173828	-81.508308
4338.940430	-81.527580
4349.707031	-81.554482
4360.473633	-81.587105
4371.240234	-81.596802
4382.006836	-81.614761
4392.773438	-81.663795
4403.540039	-81.663887
4414.306641	-81.683586
4425.073242	-81.728592
4435.839844	-81.744446
4446.606445	-81.750168
4457.373047	-81.792885
4468.139648	-81.806602
4478.906250	-81.831573
4489.672852	-81.847816
4500.439453	-81.889053
4511.206055	-81.871284
4521.972656	-81.938782
4532.739258	-81.939468
4543.505859	-81.955925
4554.272461	-81.989548
4565.039063	-82.024399
4575.805664	-82.026413
4586.572266	-82.039459
4597.338867	-82.098076
4608.105469	-82.082291
4618.872070	-82.121567
4629.638672	-82.136703
4640.405273	-82.167999
4651.171875	-82.176003
4661.938477	-82.218460
4672.705078	-82.219772
4683.471680	-82.237427
4694.238281	-82.287811
4705.004883	-82.280098
4715.771484	-82.295837
4726.538086	-82.348152
4737.304688	-82.363770
4748.071289	-82.351608
4758.837891	-82.401741
4769.604492	-82.419930
4780.371094	-82.434425
4791.137695	-82.446800
4801.904297	-82.495926
4812.670898	-82.493645
4823.437500	-82.531303
4834.204102	-82.528992
4844.970703	-82.552826
4855.737305	-82.584724
4866.503906	-82.628311
4877.270508	-82.591614
4888.037109	-82.643082
4898.803711	-82.693687
4909.570313	-82.670868
4920.336914	-82.693100
4931.103516	-82.718384
4941.870117	-82.759254
4952.636719	-82.740089
4963.403320	-82.804581
4974.169922	-82.795547
4984.936523	-82.806335
4995.703125	-82.860260
5006.469727	-82.848740
5017.236328	-82.878746
5028.002930	-82.899529
5038.769531	-82.928871
5049.536133	-82.919075
5060.302734	-82.973930
5071.069336	-82.969070
5081.835938	-82.999702
5092.602539	-82.996552
5103.369141	-83.062820
5114.135742	-83.027519
5124.902344	-83.091782
5135.668945	-83.080559
5146.435547	-83.119110
5157.202148	-83.127625
5167.968750	-83.147072
5178.735352	-83.170395
5189.501953	-83.174355
5200.268555	-83.241791
5211.035156	-83.213135
5221.801758	-83.227562
5232.568359	-83.284531
5243.334961	-83.277779
5254.101563	-83.294945
5264.868164	-83.318024
5275.634766	-83.327721
5286.401367	-83.350235
5297.167969	-83.394806
5307.934570	-83.370453
5318.701172	-83.394379
5329.467773	-83.454155
5340.234375	-83.430038
5351.000977	-83.458549
5361.767578	-83.483788
5372.534180	-83.519707
5383.300781	-83.485458
5394.067383	-83.525940
5404.833984	-83.575157
5415.600586	-83.571167
5426.367188	-83.580711
5437.133789	-83.590126
5447.900391	-83.630287
5458.666992	-83.639343
5469.433594	-83.673576
5480.200195	-83.674858
5490.966797	-83.668060
5501.733398	-83.739899
5512.500000	-83.710358
5523.266602	-83.726830
5534.033203	-83.785530
5544.799805	-83.787399
5555.566406	-83.792778
5566.333008	-83.817596
5577.099609	-83.829079
5587.866211	-83.837204
5598.632813	-83.884392
5609.399414	-83.879883
5620.166016	-83.887260
5630.932617	-83.953667
5641.699219	-83.911095
5652.465820	-83.951073
5663.232422	-83.970390
5673.999023	-84.017845
5684.765625	-83.941391
5695.532227	-84.023262
5706.298828	-84.069435
5717.065430	-84.044968
5727.832031	-84.021019
5738.598633	-84.124596
5749.365234	-84.090057
5760.131836	-84.110435
5770.898438	-84.159912
5781.665039	-84.121880
5792.431641	-84.145859
5803.198242	-84.205147
5813.964844	-84.194000
5824.731445	-84.192421
5835.498047	-84.277702
5846.264648	-84.216103
5857.031250	-84.266411
5867.797852	-84.273376
5878.564453	-84.291718
5889.331055	-84.321785
5900.097656	-84.299957
5910.864258	-84.345039
5921.630859	-84.395454
5932.397461	-84.352646
5943.164063	-84.371658
5953.930664	-84.435692
5964.697266	-84.382675
5975.463867	-84.479630
5986.230469	-84.443916
5996.997070	-84.447174
6007.763672	-84.533432
6018.530273	-84.468361
6029.296875	-84.491119
6040.063477	-84.599152
6050.830078	-84.509575
6061.596680	-84.521233
6072.363281	-84.641678
6083.129883	-84.605682
6093.896484	-84.554611
6104.663086	-84.650452
6115.429688	-84.617905
6126.196289	-84.681015
6136.962891	-84.651398
6147.729492	-84.699150
6158.496094	-84.704590
6169.262695	-84.683815
6180.029297	-84.760582
6190.795898	-84.720963
6201.562500	-84.753365
6212.329102	-84.811813
6223.095703	-84.764114
6233.862305	-84.767067
6244.628906	-84.825035
6255.395508	-84.838692
6266.162109	-84.848595
6276.928711	-84.869400
6287.695313	-84.884796
6298.461914	-84.874031
6309.228516	-84.945900
6319.995117	-84.876221
6330.761719	-84.957184
6341.528320	-84.957001
6352.294922	-84.968025
6363.061523	-84.941841
6373.828125	-85.008308
6384.594727	-85.040459
6395.361328	-85.017654
6406.127930	-85.047691
6416.894531	-85.029083
6427.661133	-85.040314
6438.427734	-85.163307
6449.194336	-85.052643
6459.960938	-85.079315
6470.727539	-85.138893
6481.494141	-85.191879
6492.260742	-85.077370
6503.027344	-85.219513
6513.793945	-85.162102
6524.560547	-85.201210
6535.327148	-85.194687
6546.093750	-85.212524
6556.860352	-85.274017
6567.626953	-85.256981
6578.393555	-85.226723
6589.160156	-85.299667
6599.926758	-85.235458
6610.693359	-85.361633
6621.459961	-85.292259
6632.226563	-85.333527
6642.993164	-85.355202
6653.759766	-85.405884
6664.526367	-85.297623
6675.292969	-85.430954
6686.059570	-85.413338
6696.826172	-85.370430
6707.592773	-85.436951
6718.359375	-85.464890
6729.125977	-85.461479
6739.892578	-85.440948
6750.659180	-85.510757
6761.425781	-85.484512
6772.192383	-85.535431
6782.958984	-85.519302
6793.725586	-85.514137
6804.492188	-85.580063
6815.258789	-85.546997
6826.025391	-85.571991
6836.791992	-85.557693
6847.558594	-85.613312
6858.325195	-85.614914
6869.091797	-85.605698
6879.858398	-85.702850
6890.625000	-85.602684
6901.391602	-85.691864
6912.158203	-85.642181
6922.924805	-85.752350
6933.691406	-85.721443
6944.458008	-85.731628
6955.224609	-85.683189
6965.991211	-85.751282
6976.757813	-85.815811
6987.524414	-85.743660
6998.291016	-85.730820
7009.057617	-85.765884
7019.824219	-85.876366
7030.590820	-85.795662
7041.357422	-85.857552
7052.124023	-85.852699
7062.890625	-85.806953
7073.657227	-85.962013
7084.423828	-85.829811
7095.190430	-85.869232
7105.957031	-85.979614
7116.723633	-85.855751
7127.490234	-85.979500
7138.256836	-85.876083
7149.023438	-86.138374
7159.790039	-85.896530
7170.556641	-85.968719
7181.323242	-86.090454
7192.089844	-85.986778
7202.856445	-85.988075
7213.623047	-85.979973
7224.389648	-86.113495
7235.156250	-85.988220
7245.922852	-86.185097
7256.689453	-86.091743
7267.456055	-86.010414
7278.222656	-86.105453
7288.989258	-86.236359
7299.755859	-86.052605
7310.522461	-86.131721
7321.289063	-86.257668
7332.055664	-86.087875
7342.822266	-86.166847
7353.588867	-86.202957
7364.355469	-86.256203
7375.122070	-86.179016
7385.888672	-86.267479
7396.655273	-86.179535
7407.421875	-86.290527
7418.188477	-86.267632
7428.955078	-86.295761
7439.721680	-86.313446
7450.488281	-86.294594
7461.254883	-86.302101
7472.021484	-86.306786
7482.788086	-86.413010
7493.554688	-86.275024
7504.321289	-86.378609
7515.087891	-86.356430
7525.854492	-86.378166
7536.621094	-86.398674
7547.387695	-86.406761
7558.154297	-86.480583
7568.920898	-86.376907
7579.687500	-86.482086
7590.454102	-86.436035
7601.220703	-86.526550
7611.987305	-86.455757
7622.753906	-86.480347
7633.520508	-86.500214
7644.287109	-86.511566
7655.053711	-86.554359
7665.820313	-86.537376
7676.586914	-86.539047
7687.353516	-86.530487
7698.120117	-86.565750
7708.886719	-86.592125
7719.653320	-86.577835
7730.419922	-86.652344
7741.186523	-86.606911
7751.953125	-86.643044
7762.719727	-86.644089
7773.486328	-86.629120
7784.252930	-86.644714
7795.019531	-86.725891
7805.786133	-86.629768
7816.552734	-86.749054
7827.319336	-86.703163
7838.085938	-86.672562
7848.852539	-86.757607
7859.619141	-86.768982
7870.385742	-86.705826
7881.152344	-86.730148
7891.918945	-86.914925
7902.685547	-86.719727
7913.452148	-86.799965
7924.218750	-86.793839
7934.985352	-86.900528
7945.751953	-86.668915
7956.518555	-86.955521
7967.285156	-86.888634
7978.051758	-86.796822
7988.818359	-86.945427
7999.584961	-86.842484
8010.351563	-86.907478
8021.118164	-86.961945
8031.884766	-86.825928
8042.651367	-87.005310
8053.417969	-86.900055
8064.184570	-86.896393
8074.951172	-86.947937
8085.717773	-87.066269
8096.484375	-86.861961
8107.250977	-87.059273
8118.017578	-86.971283
8128.784180	-86.934586
8139.550781	-87.120346
8150.317383	-86.945984
8161.083984	-87.171288
8171.850586	-86.943489
8182.617188	-87.086052
8193.383789	-87.107109
8204.150391	-87.025612
8214.916992	-87.105324
8225.683594	-87.165108
8236.450195	-87.079689
8247.216797	-87.066162
8257.983398	-87.249207
8268.750000	-87.080460
8279.516602	-87.214012
8290.283203	-87.114395
8301.049805	-87.251785
8311.816406	-87.060020
8322.583008	-87.332214
8333.349609	-87.153061
8344.116211	-87.151871
8354.882813	-87.326866
8365.649414	-87.257584
8376.416016	-87.133842
8387.182617	-87.346054
8397.949219	-87.219437
8408.715820	-87.353271
8419.482422	-87.158638
8430.249023	-87.387138
8441.015625	-87.289879
8451.782227	-87.468216
8462.548828	-87.202324
8473.315430	-87.381027
8484.082031	-87.315308
8494.848633	-87.366898
8505.615234	-87.336143
8516.381836	-87.353027
8527.148438	-87.389450
8537.915039	-87.365631
8548.681641	-87.502655
8559.448242	-87.353401
8570.214844	-87.417122
8580.981445	-87.396164
8591.748047	-87.553169
8602.514648	-87.376030
8613.281250	-87.486725
8624.047852	-87.514290
8634.814453	-87.483223
8645.581055	-87.429695
8656.347656	-87.618996
8667.114258	-87.386604
8677.880859	-87.619888
8688.647461	-87.494949
8699.414063	-87.510727
8710.180664	-87.612114
8720.947266	-87.449814
8731.713867	-87.742676
8742.480469	-87.457413
8753.247070	-87.617493
8764.013672	-87.699326
8774.780273	-87.553490
8785.546875	-87.510788
8796.313477	-87.714073
8807.080078	-87.640579
8817.846680	-87.616226
8828.613281	-87.705826
8839.379883	-87.759789
8850.146484	-87.616638
8860.913086	-87.612755
8871.679688	-87.780190
8882.446289	-87.641129
8893.212891	-87.789474
8903.979492	-87.637047
8914.746094	-87.694534
8925.512695	-87.879150
8936.279297	-87.721611
8947.045898	-87.751022
8957.812500	-87.620140
8968.579102	-87.863205
8979.345703	-87.834229
8990.112305	-87.715294
9000.878906	-87.957527
9011.645508	-87.782272
9022.412109	-87.780487
9033.178711	-87.786850
9043.945313	-88.055214
9054.711914	-87.733871
9065.478516	-87.984268
9076.245117	-87.696472
9087.011719	-87.968590
9097.778320	-87.884705
9108.544922	-87.894234
9119.311523	-87.824371
9130.078125	-88.035156
9140.844727	-87.907433
9151.611328	-87.869041
9162.377930	-88.016045
9173.144531	-88.024467
9183.911133	-87.813896
9194.677734	-88.006378
9205.444336	-87.997917
9216.210938	-87.955261
9226.977539	-87.977493
9237.744141	-87.973618
9248.510742	-88.054337
9259.277344	-88.023369
9270.043945	-88.110954
9280.810547	-87.895233
9291.577148	-88.155853
9302.343750	-88.030968
9313.110352	-88.088181
9323.876953	-88.064857
9334.643555	-87.956757
9345.410156	-88.258995
9356.176758	-88.081848
9366.943359	-88.144844
9377.709961	-88.053200
9388.476563	-88.176842
9399.243164	-88.179504
9410.009766	-88.020149
9420.776367	-88.205200
9431.542969	-88.205238
9442.309570	-88.137589
9453.076172	-88.185219
9463.842773	-88.170853
9474.609375	-88.264610
9485.375977	-88.185272
9496.142578	-88.149986
9506.909180	-88.223312
9517.675781	-88.241478
9528.442383	-88.316727
9539.208984	-88.241501
9549.975586	-88.278175
9560.742188	-88.270203
9571.508789	-88.315956
9582.275391	-88.171402
9593.041992	-88.386528
9603.808594	-88.241173
9614.575195	-88.342117
9625.341797	-88.323418
9636.108398	-88.325439
9646.875000	-88.373245
9657.641602	-88.307495
9668.408203	-88.420593
9679.174805	-88.274010
9689.941406	-88.329079
9700.708008	-88.515556
9711.474609	-88.297119
9722.241211	-88.375732
9733.007813	-88.453568
9743.774414	-88.444649
9754.541016	-88.336075
9765.307617	-88.406105
9776.074219	-88.617004
9786.840820	-88.268417
9797.607422	-88.596046
9808.374023	-88.461754
9819.140625	-88.253380
9829.907227	-88.662163
9840.673828	-88.428368
9851.440430	-88.642227
9862.207031	-88.376633
9872.973633	-88.666626
9883.740234	-88.286949
9894.506836	-88.659081
9905.273438	-88.424797
9916.040039	-88.636421
9926.806641	-88.511894
9937.573242	-88.611153
9948.339844	-88.425758
9959.106445	-88.623489
9969.873047	-88.595291
9980.639648	-88.610519
9991.406250	-88.616661
10002.172852	-88.643005
10012.939453	-88.530533
10023.706055	-88.698013
10034.472656	-88.560326
10045.239258	-88.767189
10056.005859	-88.497978
10066.772461	-88.787544
10077.539063	-88.574829
10088.305664	-88.636726
10099.072266	-88.880913
10109.838867	-88.445648
10120.605469	-88.686882
10131.372070	-88.771675
10142.138672	-88.536453
10152.905273	-88.802612
10163.671875	-88.594666
10174.438477	-88.899033
10185.205078	-88.737633
10195.971680	-88.622757
10206.738281	-88.944756
10217.504883	-88.604515
10228.271484	-88.909599
10239.038086	-88.646088
10249.804688	-88.908028
10260.571289	-88.618454
10271.337891	-88.896820
10282.104492	-88.915245
10292.871094	-88.683815
10303.637695	-88.878525
10314.404297	-88.892479
10325.170898	-88.693626
10335.937500	-88.908905
10346.704102	-88.828468
10357.470703	-88.864906
10368.237305	-88.800377
10379.003906	-88.875473
10389.770508	-88.941406
10400.537109	-88.884033
10411.303711	-88.900330
10422.070313	-88.815460
10432.836914	-89.031532
10443.603516	-88.976509
10454.370117	-88.814507
10465.136719	-89.069969
10475.903320	-88.772514
10486.669922	-89.046944
10497.436523	-88.904594
10508.203125	-88.988617
10518.969727	-88.913261
10529.736328	-89.036552
10540.502930	-88.949760
10551.269531	-88.989174
10562.036133	-89.038841
10572.802734	-88.982033
10583.569336	-89.048141
10594.335938	-88.968719
10605.102539	-88.993866
10615.869141	-89.116425
10626.635742	-88.902519
10637.402344	-89.195557
10648.168945	-89.102798
10658.935547	-88.900375
10669.702148	-89.200424
10680.468750	-89.031174
10691.235352	-89.113037
10702.001953	-89.121300
10712.768555	-89.057678
10723.535156	-89.046715
10734.301758	-89.155220
10745.068359	-89.157997
10755.834961	-89.088715
10766.601563	-88.968544
10777.368164	-89.412392
10788.134766	-89.096504
10798.901367	-89.176727
10809.667969	-89.038963
10820.434570	-89.084328
10831.201172	-89.262070
10841.967773	-89.266273
10852.734375	-89.059868
10863.500977	-89.258247
10874.267578	-89.207031
10885.034180	-89.300758
10895.800781	-89.034203
10906.567383	-89.314850
10917.333984	-89.300323
10928.100586	-89.142914
10938.867188	-89.275871
10949.633789	-89.304146
10960.400391	-89.255119
10971.166992	-89.153275
10981.933594	-89.416595
10992.700195	-89.229912
11003.466797	-89.193039
11014.233398	-89.467812
11025.000000	-89.241318
11035.766602	-89.192978
11046.533203	-89.512421
11057.299805	-89.211716
11068.066406	-89.381203
11078.833008	-89.288437
11089.599609	-89.359673
11100.366211	-89.377144
11111.132813	-89.334084
11121.899414	-89.350327
11132.666016	-89.376251
11143.432617	-89.384483
11154.199219	-89.306602
11164.965820	-89.404015
11175.732422	-89.374908
11186.499023	-89.515999
11197.265625	-89.354607
11208.032227	-89.298248
11218.798828	-89.576836
11229.565430	-89.403084
11240.332031	-89.365593
11251.098633	-89.444817
11261.865234	-89.426559
11272.631836	-89.518341
11283.398438	-89.438293
11294.165039	-89.426109
11304.931641	-89.520271
11315.698242	-89.486412
11326.464844	-89.460587
11337.231445	-89.476952
11347.998047	-89.571953
11358.764648	-89.453949
11369.531250	-89.509224
11380.297852	-89.607918
11391.064453	-89.531059
11401.831055	-89.515373
11412.597656	-89.512955
11423.364258	-89.496986
11434.130859	-89.640549
11444.897461	-89.476257
11455.664063	-89.513016
11466.430664	-89.608757
11477.197266	-89.651970
11487.963867	-89.613289
11498.730469	-89.442451
11509.497070	-89.658043
11520.263672	-89.592796
11531.030273	-89.631683
11541.796875	-89.517418
11552.563477	-89.757835
11563.330078	-89.578316
11574.096680	-89.567719
11584.863281	-89.719742
11595.629883	-89.630424
11606.396484	-89.665543
11617.163086	-89.613152
11627.929688	-89.758980
11638.696289	-89.584312
11649.462891	-89.721703
11660.229492	-89.670166
11670.996094	-89.716911
11681.762695	-89.673698
11692.529297	-89.661362
11703.295898	-89.772545
11714.062500	-89.678192
11724.829102	-89.848145
11735.595703	-89.571304
11746.362305	-89.773247
11757.128906	-89.794380
11767.895508	-89.676849
11778.662109	-89.758705
11789.428711	-89.813492
11800.195313	-89.714424
11810.961914	-89.789436
11821.728516	-89.855324
11832.495117	-89.760597
11843.261719	-89.743286
11854.028320	-89.851089
11864.794922	-89.764473
11875.561523	-89.782364
11886.328125	-89.855606
11897.094727	-89.846039
11907.861328	-89.796478
11918.627930	-89.795898
11929.394531	-89.884102
11940.161133	-89.877167
11950.927734	-89.769180
11961.694336	-89.900383
11972.460938	-89.788605
11983.227539	-89.983009
11993.994141	-89.779327
12004.760742	-89.903854
12015.527344	-89.878479
12026.293945	-89.938927
12037.060547	-89.810646
12047.827148	-89.980453
12058.593750	-89.953003
12069.360352	-89.841667
12080.126953	-89.913704
12090.893555	-90.001450
12101.660156	-89.937912
12112.426758	-89.885376
12123.193359	-90.030579
12133.959961	-89.878098
12144.726563	-90.024818
12155.493164	-89.908226
12166.259766	-89.990685
12177.026367	-90.016090
12187.792969	-89.909721
12198.559570	-90.008255
12209.326172	-89.987602
12220.092773	-89.987099
12230.859375	-90.088181
12241.625977	-89.954910
12252.392578	-89.973083
12263.159180	-90.127411
12273.925781	-89.918144
12284.692383	-90.099030
12295.458984	-90.020721
12306.225586	-90.020256
12316.992188	-90.097687
12327.758789	-89.988441
12338.525391	-90.073578
12349.291992	-90.043747
12360.058594	-90.083717
12370.825195	-90.135216
12381.591797	-89.987701
12392.358398	-90.183090
12403.125000	-90.066147
12413.891602	-90.042213
12424.658203	-90.125458
12435.424805	-90.150803
12446.191406	-90.106499
12456.958008	-90.106461
12467.724609	-90.207001
12478.491211	-90.012512
12489.257813	-90.227730
12500.024414	-90.073303
12510.791016	-90.184410
12521.557617	-90.193886
12532.324219	-90.114983
12543.090820	-90.172615
12553.857422	-90.178642
12564.624023	-90.242104
12575.390625	-90.075455
12586.157227	-90.226624
12596.923828	-90.225990
12607.690430	-90.193039
12618.457031	-90.185699
12629.223633	-90.239006
12639.990234	-90.141113
12650.756836	-90.321045
12661.523438	-90.222038
12672.290039	-90.203072
12683.056641	-90.195435
12693.823242	-90.349289
12704.589844	-90.180756
12715.356445	-90.198799
12726.123047	-90.352921
12736.889648	-90.191658
12747.656250	-90.278091
12758.422852	-90.273079
12769.189453	-90.350792
12779.956055	-90.188599
12790.722656	-90.300514
12801.489258	-90.295212
12812.255859	-90.309471
12823.022461	-90.339828
12833.789063	-90.260262
12844.555664	-90.377220
12855.322266	-90.263916
12866.088867	-90.345291
12876.855469	-90.459198
12887.622070	-90.137878
12898.388672	-90.515900
12909.155273	-90.184982
12919.921875	-90.427368
12930.688477	-90.420654
12941.455078	-90.332771
12952.221680	-90.375198
12962.988281	-90.465286
12973.754883	-90.239990
12984.521484	-90.400848
12995.288086	-90.376480
13006.054688	-90.453262
13016.821289	-90.324188
13027.587891	-90.415947
13038.354492	-90.351349
13049.121094	-90.405449
13059.887695	-90.502548
13070.654297	-90.427704
13081.420898	-90.317818
13092.187500	-90.503105
13102.954102	-90.408379
13113.720703	-90.441826
13124.487305	-90.457611
13135.253906	-90.492989
13146.020508	-90.408829
13156.787109	-90.466812
13167.553711	-90.398453
13178.320313	-90.483986
13189.086914	-90.510040
13199.853516	-90.667717
13210.620117	-90.318321
13221.386719	-90.429947
13232.153320	-90.726837
13242.919922	-90.292480
13253.686523	-90.604195
13264.453125	-90.480667
13275.219727	-90.565819
13285.986328	-90.439583
13296.752930	-90.638077
13307.519531	-90.486229
13318.286133	-90.529594
13329.052734	-90.444717
13339.819336	-90.585838
13350.585938	-90.554665
13361.352539	-90.573845
13372.119141	-90.598816
13382.885742	-90.461990
13393.652344	-90.596771
13404.418945	-90.577492
13415.185547	-90.557335
13425.952148	-90.586273
13436.718750	-90.807205
13447.485352	-90.449112
13458.251953	-90.571152
13469.018555	-90.653381
13479.785156	-90.525146
13490.551758	-90.569046
13501.318359	-90.641129
13512.084961	-90.653778
13522.851563	-90.658401
13533.618164	-90.470253
13544.384766	-90.814117
13555.151367	-90.571373
13565.917969	-90.709908
13576.684570	-90.577179
13587.451172	-90.741409
13598.217773	-90.671219
13608.984375	-90.507584
13619.750977	-90.524208
13630.517578	-90.959923
13641.284180	-90.685501
13652.050781	-90.601929
13662.817383	-90.671913
13673.583984	-90.693710
13684.350586	-90.691429
13695.117188	-90.689468
13705.883789	-90.730782
13716.650391	-90.656372
13727.416992	-90.769943
13738.183594	-90.723053
13748.950195	-90.772820
13759.716797	-90.725449
13770.483398	-90.593620
13781.250000	-90.677711
13792.016602	-90.867455
13802.783203	-90.815117
13813.549805	-90.666115
13824.316406	-90.764412
13835.083008	-90.746979
13845.849609	-90.693169
13856.616211	-90.864594
13867.382813	-90.747215
13878.149414	-90.809677
13888.916016	-90.690849
13899.682617	-90.883018
13910.449219	-90.844429
13921.215820	-90.835533
13931.982422	-90.580299
13942.749023	-90.949493
13953.515625	-90.650261
13964.282227	-90.944466
13975.048828	-90.958412
13985.815430	-90.618477
13996.582031	-90.889572
14007.348633	-90.838707
14018.115234	-90.738968
14028.881836	-91.110703
14039.648438	-90.475571
14050.415039	-91.299088
14061.181641	-90.650673
14071.948242	-90.623375
14082.714844	-91.181404
14093.481445	-90.783760
14104.248047	-90.770287
14115.014648	-91.053436
14125.781250	-90.752914
14136.547852	-91.011795
14147.314453	-90.791512
14158.081055	-90.922798
14168.847656	-90.929855
14179.614258	-90.938347
14190.380859	-90.770348
14201.147461	-90.951393
14211.914063	-90.819229
14222.680664	-91.114693
14233.447266	-90.680191
14244.213867	-90.994934
14254.980469	-90.981300
14265.747070	-90.928421
14276.513672	-91.223358
14287.280273	-90.712929
14298.046875	-90.867203
14308.813477	-90.948860
14319.580078	-91.387238
14330.346680	-90.546829
14341.113281	-90.974174
14351.879883	-91.055382
14362.646484	-90.746796
14373.413086	-91.170677
14384.179688	-90.768944
14394.946289	-91.215607
14405.712891	-90.988159
14416.479492	-90.923431
14427.246094	-91.009163
14438.012695	-90.843750
14448.779297	-90.962311
14459.545898	-91.082283
14470.312500	-90.923210
14481.079102	-91.436760
14491.845703	-90.650925
14502.612305	-91.051636
14513.378906	-91.254951
14524.145508	-90.708656
14534.912109	-91.172104
14545.678711	-90.798073
14556.445313	-91.101486
14567.211914	-91.016396
14577.978516	-91.479546
14588.745117	-90.647324
14599.511719	-91.235825
14610.278320	-91.291824
14621.044922	-90.763527
14631.811523	-91.159561
14642.578125	-91.048241
14653.344727	-90.982231
14664.111328	-90.940552
14674.877930	-91.289589
14685.644531	-91.198235
14696.411133	-90.947769
14707.177734	-91.262741
14717.944336	-90.902428
14728.710938	-91.173103
14739.477539	-91.376900
14750.244141	-91.256905
14761.010742	-90.521919
14771.777344	-91.299973
14782.543945	-90.897964
14793.310547	-91.638870
14804.077148	-91.087067
14814.843750	-90.660576
14825.610352	-91.558617
14836.376953	-90.826820
14847.143555	-91.784325
14857.910156	-90.734566
14868.676758	-91.226837
14879.443359	-90.686401
14890.209961	-91.777870
14900.976563	-90.970070
14911.743164	-91.070419
14922.509766	-91.113182
14933.276367	-91.655426
14944.042969	-90.538513
14954.809570	-91.924225
14965.576172	-90.799675
14976.342773	-90.980507
14987.109375	-91.710823
14997.875977	-90.796425
15008.642578	-91.560768
15019.409180	-90.809036
15030.175781	-91.182114
15040.942383	-91.843369
15051.708984	-90.669395
15062.475586	-91.196671
15073.242188	-91.753441
15084.008789	-91.138947
15094.775391	-90.764282
15105.541992	-91.265388
15116.308594	-91.514915
15127.075195	-91.104042
15137.841797	-91.379257
15148.608398	-91.231171
15159.375000	-91.447365
15170.141602	-91.399918
15180.908203	-90.746696
15191.674805	-91.319275
15202.441406	-91.330788
15213.208008	-91.668266
15223.974609	-90.690468
15234.741211	-91.635902
15245.507813	-91.061050
15256.274414	-91.522812
15267.041016	-91.413277
15277.807617	-90.963615
15288.574219	-91.273308
15299.340820	-92.026947
15310.107422	-90.669868
15320.874023	-91.128616
15331.640625	-91.382057
15342.407227	-91.405663
15353.173828	-91.396156
15363.940430	-91.637268
15374.707031	-91.001244
15385.473633	-91.623322
15396.240234	-90.868950
15407.006836	-91.582230
15417.773438	-91.409485
15428.540039	-91.459503
15439.306641	-91.372604
15450.073242	-91.374512
15460.839844	-90.876350
15471.606445	-91.583107
15482.373047	-91.165558
15493.139648	-91.552055
15503.906250	-90.846634
15514.672852	-92.046562
15525.439453	-90.831108
15536.206055	-92.058365
15546.972656	-91.199890
15557.739258	-90.828499
15568.505859	-91.765182
15579.272461	-91.441299
15590.039063	-91.728188
15600.805664	-90.750305
15611.572266	-91.558830
15622.338867	-91.004234
15633.105469	-92.126167
15643.872070	-91.209946
15654.638672	-91.674240
15665.405273	-90.918434
15676.171875	-91.468430
15686.938477	-91.607796
15697.705078	-91.117462
15708.471680	-91.312210
15719.238281	-91.612709
15730.004883	-91.197784
15740.771484	-92.002655
15751.538086	-91.076988
15762.304688	-91.547745
15773.071289	-91.535393
15783.837891	-91.287117
15794.604492	-91.608925
15805.371094	-91.387115
15816.137695	-91.346260
15826.904297	-91.739059
15837.670898	-91.244370
15848.437500	-91.479721
15859.204102	-91.476746
15869.970703	-91.179520
15880.737305	-91.381401
15891.503906	-92.665787
15902.270508	-90.577843
15913.037109	-91.362473
15923.803711	-91.921204
15934.570313	-91.014877
15945.336914	-91.237999
15956.103516	-91.866966
15966.870117	-91.613266
15977.636719	-91.223083
15988.403320	-91.264961
15999.169922	-91.772949
16009.936523	-91.235619
16020.703125	-91.709770
16031.469727	-91.925362
16042.236328	-91.146751
16053.002930	-91.129684
16063.769531	-92.710999
16074.536133	-90.609001
16085.302734	-91.713707
16096.069336	-91.732063
16106.835938	-90.908745
16117.602539	-92.404549
16128.369141	-90.900627
16139.135742	-92.255592
16149.902344	-91.572350
16160.668945	-91.631805
16171.435547	-91.589691
16182.202148	-91.175911
16192.968750	-91.613251
16203.735352	-91.615135
16214.501953	-91.499458
16225.268555	-92.012131
16236.035156	-91.394295
16246.801758	-91.570999
16257.568359	-91.997879
16268.334961	-90.964287
16279.101563	-91.964241
16289.868164	-91.205620
16300.634766	-93.064743
16311.401367	-90.676262
16322.167969	-91.255791
16332.934570	-91.959785
16343.701172	-92.061493
16354.467773	-91.156845
16365.234375	-92.008705
16376.000977	-91.369499
16386.767578	-91.556114
16397.534180	-91.334618
16408.300781	-92.141899
16419.067383	-91.935280
16429.833984	-90.640694
16440.600586	-92.210922
16451.367188	-91.084480
16462.133789	-91.934067
16472.900391	-92.102333
16483.666992	-90.851654
16494.433594	-92.124626
16505.200195	-91.650803
16515.966797	-91.108116
16526.733398	-91.843849
16537.500000	-92.241364
16548.266602	-90.906120
16559.033203	-92.519676
16569.799805	-90.419861
16580.566406	-92.784134
16591.333008	-91.584282
16602.099609	-90.732773
16612.866211	-92.716705
16623.632813	-91.967323
16634.399414	-90.436089
16645.166016	-92.367989
16655.932617	-91.653015
16666.699219	-91.721024
16677.465820	-91.342125
16688.232422	-91.624870
16698.999023	-92.347717
16709.765625	-91.340874
16720.532227	-91.849617
16731.298828	-91.646690
16742.065430	-91.239586
16752.832031	-91.919456
16763.598633	-91.732925
16774.365234	-91.621391
16785.131836	-92.005356
16795.898438	-92.034805
16806.665039	-90.690598
16817.431641	-92.040840
16828.198242	-91.808762
16838.964844	-91.697220
16849.731445	-91.296692
16860.498047	-91.149292
16871.264648	-92.878296
16882.031250	-91.502014
16892.797852	-91.937614
16903.564453	-90.083549
16914.331055	-92.915230
16925.097656	-91.387520
16935.864258	-92.626472
16946.630859	-91.513962
16957.397461	-90.952728
16968.164063	-92.508736
16978.930664	-91.887062
16989.697266	-91.145798
17000.463867	-91.814789
17011.230469	-92.271538
17021.997070	-91.651558
17032.763672	-90.934006
17043.530273	-92.315872
17054.296875	-91.732048
17065.063477	-92.124420
17075.830078	-92.016762
17086.596680	-90.975235
17097.363281	-92.098625
17108.129883	-92.129707
17118.896484	-92.108078
17129.663086	-91.222755
17140.429688	-90.884865
17151.196289	-93.521446
17161.962891	-91.300697
17172.729492	-91.736450
17183.496094	-91.214584
17194.262695	-91.959587
17205.029297	-91.899414
17215.795898	-91.552979
17226.562500	-91.696877
17237.329102	-91.940689
17248.095703	-91.868774
17258.862305	-91.531288
17269.628906	-91.539665
17280.395508	-92.135834
17291.162109	-90.922562
17301.928711	-92.758774
17312.695313	-90.862236
17323.461914	-93.115532
17334.228516	-92.089508
17344.995117	-91.397255
17355.761719	-91.225327
17366.528320	-92.292847
17377.294922	-91.075874
17388.061523	-92.829178
17398.828125	-92.097137
17409.594727	-92.062660
17420.361328	-90.802872
17431.127930	-92.120995
17441.894531	-91.418556
17452.661133	-91.772469
17463.427734	-92.762222
17474.194336	-91.427361
17484.960938	-91.432739
17495.727539	-92.652466
17506.494141	-90.826233
17517.260742	-93.945801
17528.027344	-89.688950
17538.793945	-94.094284
17549.560547	-91.146019
17560.327148	-91.980171
17571.093750	-90.821526
17581.860352	-92.327240
17592.626953	-92.515579
17603.393555	-91.043732
17614.160156	-91.795273
17624.926758	-92.334824
17635.693359	-91.721817
17646.459961	-91.288521
17657.226563	-93.071114
17667.993164	-90.668259
17678.759766	-92.558159
17689.526367	-91.810532
17700.292969	-92.282326
17711.059570	-91.470901
17721.826172	-92.869125
17732.592773	-90.683998
17743.359375	-93.554459
17754.125977	-90.558472
17764.892578	-92.349922
17775.659180	-92.009315
17786.425781	-90.646507
17797.192383	-94.207771
17807.958984	-90.794067
17818.725586	-92.397079
17829.492188	-89.972473
17840.258789	-94.742935
17851.025391	-90.974228
17861.791992	-92.828232
17872.558594	-90.933266
17883.325195	-92.128525
17894.091797	-92.291565
17904.858398	-92.310272
17915.625000	-91.240181
17926.391602	-92.604340
17937.158203	-91.603096
17947.924805	-92.618851
17958.691406	-90.264969
17969.458008	-92.524628
17980.224609	-93.626572
17990.991211	-91.146713
18001.757813	-90.918594
18012.524414	-93.596550
18023.291016	-91.784576
18034.057617	-91.625343
18044.824219	-91.670143
18055.590820	-92.590775
18066.357422	-92.892006
18077.124023	-91.249458
18087.890625	-91.969498
18098.657227	-91.349831
18109.423828	-92.636917
18120.190430	-92.058388
18130.957031	-91.016296
18141.723633	-93.111664
18152.490234	-91.374825
18163.256836	-92.007378
18174.023438	-92.163155
18184.790039	-91.393509
18195.556641	-92.437485
18206.323242	-92.372627
18217.089844	-90.682259
18227.856445	-93.725883
18238.623047	-90.971153
18249.389648	-92.142601
18260.156250	-92.455116
18270.922852	-91.823326
18281.689453	-90.995941
18292.456055	-93.899857
18303.222656	-90.825729
18313.989258	-91.853142
18324.755859	-93.261742
18335.522461	-90.684845
18346.289063	-92.653168
18357.055664	-92.093063
18367.822266	-92.740166
18378.588867	-91.095612
18389.355469	-91.540062
18400.122070	-92.159714
18410.888672	-92.864220
18421.655273	-92.785301
18432.421875	-91.335617
18443.188477	-92.039452
18453.955078	-92.203293
18464.721680	-90.870346
18475.488281	-93.957695
18486.254883	-90.941307
18497.021484	-93.069527
18507.788086	-91.340118
18518.554688	-92.736374
18529.321289	-91.681496
18540.087891	-91.040344
18550.854492	-93.162125
18561.621094	-90.703903
18572.387695	-92.547432
18583.154297	-92.821632
18593.920898	-91.542053
18604.687500	-91.970070
18615.454102	-92.839111
18626.220703	-90.883835
18636.987305	-94.312355
18647.753906	-91.562157
18658.520508	-91.890564
18669.287109	-91.862709
18680.053711	-92.230225
18690.820313	-91.307297
18701.586914	-92.266769
18712.353516	-92.516800
18723.120117	-92.382034
18733.886719	-91.540390
18744.653320	-91.543243
18755.419922	-92.195374
18766.186523	-93.086250
18776.953125	-90.690338
18787.719727	-93.158836
18798.486328	-91.884026
18809.252930	-93.074539
18820.019531	-90.304924
18830.786133	-94.171227
18841.552734	-90.682396
18852.319336	-93.350502
18863.085938	-92.783089
18873.852539	-91.153748
18884.619141	-91.895874
18895.385742	-92.512337
18906.152344	-91.598442
18916.918945	-94.275307
18927.685547	-89.920883
18938.452148	-92.694939
18949.218750	-92.935486
18959.985352	-91.241882
18970.751953	-91.974731
18981.518555	-92.950493
18992.285156	-91.868767
19003.051758	-92.172050
19013.818359	-92.074181
19024.584961	-92.098663
19035.351563	-91.777557
19046.118164	-91.500015
19056.884766	-93.598061
19067.651367	-91.789406
19078.417969	-91.274040
19089.184570	-91.802299
19099.951172	-92.168396
19110.717773	-92.285423
19121.484375	-91.974091
19132.250977	-90.813881
19143.017578	-94.157593
19153.784180	-91.575294
19164.550781	-91.080734
19175.317383	-93.239159
19186.083984	-92.651154
19196.850586	-90.803246
19207.617188	-93.506401
19218.383789	-90.942375
19229.150391	-93.626732
19239.916992	-90.487747
19250.683594	-92.855652
19261.450195	-92.812637
19272.216797	-92.906685
19282.983398	-90.556557
19293.750000	-91.710213
19304.516602	-93.832382
19315.283203	-91.295898
19326.049805	-92.526955
19336.816406	-91.083694
19347.583008	-93.526421
19358.349609	-91.713890
19369.116211	-91.495430
19379.882813	-94.632057
19390.649414	-90.990509
19401.416016	-91.185745
19412.182617	-92.970604
19422.949219	-93.666946
19433.715820	-91.143867
19444.482422	-92.629288
19455.249023	-92.139870
19466.015625	-91.412720
19476.782227	-92.420349
19487.548828	-93.261513
19498.315430	-91.570328
19509.082031	-92.717682
19519.848633	-92.893738
19530.615234	-90.160866
19541.381836	-93.556046
19552.148438	-92.255791
19562.915039	-92.090530
19573.681641	-92.077507
19584.448242	-93.722488
19595.214844	-91.223885
19605.981445	-91.742424
19616.748047	-93.403465
19627.514648	-91.426201
19638.281250	-92.580162
19649.047852	-91.188942
19659.814453	-93.352234
19670.581055	-94.690186
19681.347656	-89.134415
19692.114258	-94.033318
19702.880859	-93.058022
19713.647461	-90.952667
19724.414063	-92.034592
19735.180664	-94.521156
19745.947266	-90.212204
19756.713867	-93.026405
19767.480469	-91.778816
19778.247070	-92.787254
19789.013672	-91.270981
19799.780273	-92.177513
19810.546875	-91.696808
19821.313477	-90.839592
19832.080078	-93.982384
19842.846680	-90.311447
19853.613281	-92.529541
19864.379883	-94.545952
19875.146484	-90.790672
19885.913086	-92.186035
19896.679688	-93.411835
19907.446289	-92.173874
19918.212891	-90.835815
19928.979492	-92.898483
19939.746094	-91.926788
19950.512695	-92.044212
19961.279297	-92.929306
19972.045898	-90.960869
19982.812500	-93.013771
19993.579102	-92.691772
20004.345703	-92.098877
20015.112305	-91.120392
20025.878906	-94.003059
20036.645508	-91.776833
20047.412109	-92.686256
20058.178711	-92.141922
20068.945313	-92.016800
20079.711914	-90.580238
20090.478516	-95.490295
20101.245117	-90.167175
20112.011719	-93.872612
20122.778320	-92.303978
20133.544922	-91.664032
20144.311523	-92.619652
20155.078125	-91.184029
20165.844727	-92.352600
20176.611328	-94.025337
20187.377930	-91.420967
20198.144531	-91.935562
20208.911133	-93.073647
20219.677734	-91.047821
20230.444336	-93.865349
20241.210938	-91.436089
20251.977539	-91.753357
20262.744141	-93.390320
20273.510742	-91.403343
20284.277344	-92.189537
20295.043945	-92.794395
20305.810547	-93.750328
20316.577148	-91.118484
20327.343750	-90.991478
20338.110352	-95.485352
20348.876953	-90.071854
20359.643555	-92.779167
20370.410156	-94.280182
20381.176758	-91.348099
20391.943359	-91.673820
20402.709961	-93.135979
20413.476563	-92.711769
20424.243164	-91.218063
20435.009766	-93.577477
20445.776367	-90.967934
20456.542969	-93.982040
20467.309570	-90.603142
20478.076172	-93.413467
20488.842773	-92.322960
20499.609375	-93.205765
20510.375977	-90.692162
20521.142578	-94.223869
20531.909180	-92.550339
20542.675781	-90.703552
20553.442383	-93.606804
20564.208984	-91.895447
20574.975586	-90.967834
20585.742188	-92.772568
20596.508789	-91.798721
20607.275391	-93.945854
20618.041992	-90.155289
20628.808594	-95.250702
20639.575195	-91.748627
20650.341797	-91.402077
20661.108398	-92.502289
20671.875000	-93.512024
20682.641602	-91.555481
20693.408203	-90.093391
20704.174805	-96.696938
20714.941406	-90.508461
20725.708008	-94.118088
20736.474609	-90.985413
20747.241211	-91.621628
20758.007813	-92.340088
20768.774414	-92.581848
20779.541016	-92.535545
20790.307617	-91.436272
20801.074219	-92.061409
20811.840820	-92.532104
20822.607422	-91.334579
20833.374023	-92.946259
20844.140625	-92.291252
20854.907227	-91.210716
20865.673828	-95.075783
20876.440430	-90.754189
20887.207031	-91.391151
20897.973633	-93.561638
20908.740234	-93.503098
20919.506836	-91.085625
20930.273438	-92.063782
20941.040039	-92.786919
20951.806641	-93.436325
20962.573242	-91.373642
20973.339844	-90.212891
20984.106445	-94.847954
20994.873047	-92.069054
21005.639648	-91.146729
21016.406250	-94.463150
21027.172852	-91.027557
21037.939453	-93.359207
21048.706055	-92.340828
21059.472656	-90.795082
21070.239258	-93.304184
21081.005859	-91.981422
21091.772461	-93.357307
21102.539063	-91.262634
21113.305664	-92.388023
21124.072266	-93.073128
21134.838867	-90.680344
21145.605469	-93.685463
21156.372070	-91.418297
21167.138672	-92.955185
21177.905273	-92.116257
21188.671875	-92.165337
21199.438477	-91.396217
21210.205078	-94.268082
21220.971680	-91.465637
21231.738281	-93.276230
21242.504883	-91.898117
21253.271484	-93.306534
21264.038086	-90.933617
21274.804688	-93.768837
21285.571289	-91.933945
21296.337891	-92.258133
21307.104492	-92.256241
21317.871094	-90.772461
21328.637695	-94.462708
21339.404297	-91.318993
21350.170898	-92.442352
21360.937500	-91.082977
21371.704102	-94.125816
21382.470703	-90.559052
21393.237305	-95.051682
21404.003906	-90.125336
21414.770508	-91.801460
21425.537109	-95.270538
21436.303711	-90.727615
21447.070313	-92.843330
21457.836914	-92.551140
21468.603516	-89.745834
21479.370117	-94.223236
21490.136719	-90.882645
21500.903320	-93.613747
21511.669922	-90.964691
21522.436523	-95.697166
21533.203125	-90.038132
21543.969727	-94.509239
21554.736328	-92.000183
21565.502930	-91.841812
21576.269531	-90.626633
21587.036133	-93.805435
21597.802734	-91.416046
21608.569336	-91.166534
21619.335938	-92.795753
21630.102539	-91.849724
21640.869141	-92.162560
21651.635742	-93.430191
21662.402344	-91.803787
21673.168945	-93.306221
21683.935547	-91.543274
21694.702148	-92.772301
21705.468750	-91.127647
21716.235352	-94.037193
21727.001953	-91.817757
21737.768555	-91.553574
21748.535156	-93.854050
21759.301758	-91.494308
21770.068359	-91.881508
21780.834961	-92.927422
21791.601563	-91.644829
21802.368164	-92.968544
21813.134766	-93.458458
21823.901367	-91.098557
21834.667969	-91.661629
21845.434570	-93.439774
21856.201172	-92.757782
21866.967773	-91.851410
21877.734375	-91.945473
21888.500977	-92.182869
21899.267578	-93.378624
21910.034180	-90.650658
21920.800781	-93.341316
21931.567383	-92.917091
21942.333984	-93.150711
21953.100586	-90.744751
21963.867188	-92.885658
21974.633789	-91.871017
21985.400391	-93.287712
21996.166992	-90.848808
22006.933594	-93.862083
22017.700195	-91.883133
22028.466797	-92.952110
22039.233398	-91.191498
