Frequency (Hz)	Level (dB)
10.766602	-131.623047
21.533203	-135.432556
32.299805	-156.713333
43.066406	-136.601517
53.833008	-136.559738
64.599609	-135.607239
75.366211	-131.269363
86.132813	-135.449310
96.899414	-143.137131
107.666016	-132.256134
118.432617	-130.316940
129.199219	-133.977295
139.965820	-136.502029
150.732422	-139.927780
161.499023	-139.681946
172.265625	-135.765717
183.032227	-135.166367
193.798828	-139.747620
204.565430	-147.730789
215.332031	-127.114944
226.098633	-136.602890
236.865234	-131.931641
247.631836	-134.296356
258.398438	-133.736069
269.165039	-133.938431
279.931641	-132.684921
290.698242	-131.465195
301.464844	-145.300903
312.231445	-126.411636
322.998047	-137.332108
333.764648	-134.535599
344.531250	-130.904602
355.297852	-128.332275
366.064453	-136.002701
376.831055	-127.921906
387.597656	-127.794830
398.364258	-139.445450
409.130859	-125.933952
419.897461	-129.764938
430.664063	-127.014160
441.430664	-128.300766
452.197266	-126.919243
462.963867	-129.936813
473.730469	-125.805618
484.497070	-124.137955
495.263672	-126.886314
506.030273	-124.728325
516.796875	-121.982185
527.563477	-125.399681
538.330078	-124.644318
549.096680	-120.927643
559.863281	-123.537750
570.629883	-120.549469
581.396484	-122.239067
592.163086	-118.696594
602.929688	-121.711723
613.696289	-116.632843
624.462891	-119.793144
635.229492	-116.863182
645.996094	-116.313347
656.762695	-115.565628
667.529297	-115.611328
678.295898	-113.929199
689.062500	-112.723717
699.829102	-112.972275
710.595703	-111.231865
721.362305	-110.202744
732.128906	-109.447952
742.895508	-108.326942
753.662109	-107.211967
764.428711	-106.224182
775.195313	-104.819466
785.961914	-103.656563
796.728516	-102.291847
807.495117	-101.061050
818.261719	-99.322456
829.028320	-97.965279
839.794922	-96.291161
850.561523	-94.452866
861.328125	-92.579430
872.094727	-90.559700
882.861328	-88.304665
893.627930	-85.906013
904.394531	-83.267082
915.161133	-80.308159
925.927734	-77.066071
936.694336	-73.438766
947.460938	-69.538643
958.227539	-66.357689
968.994141	-64.634743
979.760742	-17.622578
990.527344	-3.459696
1001.293945	-0.062990
1012.060547	-5.702031
1022.827148	-23.554041
1033.593750	-77.904282
1044.360352	-67.000603
1055.126953	-70.658447
1065.893555	-74.548141
1076.660156	-78.099327
1087.426758	-81.355797
1098.193359	-84.176682
1108.959961	-86.878059
1119.726563	-89.240028
1130.493164	-91.442177
1141.259766	-93.464035
1152.026367	-95.459953
1162.792969	-97.143593
1173.559570	-98.719299
1184.326172	-100.490044
1195.092773	-101.967331
1205.859375	-103.064018
1216.625977	-104.775879
1227.392578	-105.937141
1238.159180	-106.818893
1248.925781	-108.458870
1259.692383	-109.447273
1270.458984	-110.221046
1281.225586	-111.668839
1291.992188	-112.686623
1302.758789	-112.768852
1313.525391	-114.909126
1324.291992	-115.320419
1335.058594	-115.708633
1345.825195	-116.384361
1356.591797	-118.778816
1367.358398	-118.590691
1378.125000	-118.129852
1388.891602	-122.280495
1399.658203	-118.714851
1410.424805	-122.765366
1421.191406	-121.609001
1431.958008	-123.878593
1442.724609	-120.883240
1453.491211	-128.831924
1464.257813	-122.997139
1475.024414	-124.088760
1485.791016	-128.599457
1496.557617	-126.103592
1507.324219	-124.460007
1518.090820	-129.328690
1528.857422	-130.015060
1539.624023	-126.125130
1550.390625	-131.627304
1561.157227	-128.883667
1571.923828	-128.828613
1582.690430	-131.685913
1593.457031	-132.736359
1604.223633	-127.906258
1614.990234	-136.987839
1625.756836	-135.646912
1636.523438	-129.057770
1647.290039	-131.009079
1658.056641	-143.191452
1668.823242	-136.195938
1679.589844	-126.836281
1690.356445	-135.820633
1701.123047	-129.298996
1711.889648	-131.941788
1722.656250	-144.306473
1733.422852	-131.369614
1744.189453	-131.024475
1754.956055	-137.742432
1765.722656	-153.585831
1776.489258	-127.598106
1787.255859	-138.569260
1798.022461	-147.323547
1808.789063	-130.244766
1819.555664	-135.728333
1830.322266	-136.985275
1841.088867	-135.498566
1851.855469	-138.509872
1862.622070	-150.496048
1873.388672	-132.974106
1884.155273	-133.826324
1894.921875	-138.427917
1905.688477	-134.268295
1916.455078	-139.050217
1927.221680	-138.374344
1937.988281	-131.562714
1948.754883	-139.496124
1959.521484	-136.018860
1970.288086	-135.818115
1981.054688	-135.950150
1991.821289	-144.259430
2002.587891	-154.974960
2013.354492	-131.436493
2024.121094	-132.587402
2034.887695	-131.411682
2045.654297	-135.188858
2056.420898	-129.705734
2067.187500	-131.232605
2077.954102	-135.135635
2088.720703	-144.612625
2099.487305	-145.044617
2110.253906	-131.832397
2121.020508	-133.597977
2131.787109	-134.242767
2142.553711	-137.895416
2153.320313	-134.715897
2164.086914	-133.018875
2174.853516	-136.462692
2185.620117	-136.078644
2196.386719	-132.881943
2207.153320	-128.405746
2217.919922	-129.718979
2228.686523	-148.974411
2239.453125	-133.317520
2250.219727	-134.759430
2260.986328	-147.362869
2271.752930	-141.952560
2282.519531	-138.632324
2293.286133	-135.112854
2304.052734	-136.461258
2314.819336	-129.647141
2325.585938	-129.516418
2336.352539	-131.984970
2347.119141	-141.451202
2357.885742	-142.233047
2368.652344	-139.981491
2379.418945	-144.305649
2390.185547	-141.734222
2400.952148	-141.212692
2411.718750	-135.082565
2422.485352	-136.906616
2433.251953	-158.057373
2444.018555	-136.728271
2454.785156	-143.269135
2465.551758	-137.694733
2476.318359	-145.030472
2487.084961	-135.129013
2497.851563	-133.454559
2508.618164	-132.973846
2519.384766	-131.596542
2530.151367	-141.983643
2540.917969	-135.177231
2551.684570	-137.072113
2562.451172	-142.617783
2573.217773	-142.528748
2583.984375	-137.009430
2594.750977	-130.415146
2605.517578	-129.472336
2616.284180	-132.023071
2627.050781	-136.259476
2637.817383	-140.387741
2648.583984	-139.605774
2659.350586	-148.981644
2670.117188	-142.623505
2680.883789	-145.506805
2691.650391	-134.574799
2702.416992	-130.303619
2713.183594	-131.135483
2723.950195	-132.642822
2734.716797	-141.537354
2745.483398	-135.278061
2756.250000	-142.347305
2767.016602	-137.004303
2777.783203	-135.864151
2788.549805	-128.967606
2799.316406	-126.553581
2810.083008	-130.454865
2820.849609	-133.564560
2831.616211	-144.657486
2842.382813	-135.183258
2853.149414	-134.422821
2863.916016	-142.724503
2874.682617	-143.701187
2885.449219	-135.781601
2896.215820	-130.208237
2906.982422	-129.648376
2917.749023	-128.235199
2928.515625	-131.494293
2939.282227	-156.584915
2950.048828	-136.631851
2960.815430	-145.406158
2971.582031	-139.440613
2982.348633	-131.593185
2993.115234	-126.484131
3003.881836	-127.670799
3014.648438	-134.098068
3025.415039	-144.228806
3036.181641	-137.959869
3046.948242	-133.381088
3057.714844	-136.459579
3068.481445	-148.873306
3079.248047	-137.927109
3090.014648	-131.439484
3100.781250	-129.804138
3111.547852	-131.795761
3122.314453	-138.019562
3133.081055	-149.361923
3143.847656	-139.178131
3154.614258	-137.649231
3165.380859	-145.917618
3176.147461	-137.915848
3186.914063	-135.353333
3197.680664	-129.886826
3208.447266	-129.680298
3219.213867	-137.108322
3229.980469	-147.853958
3240.747070	-139.955490
3251.513672	-136.501740
3262.280273	-150.990021
3273.046875	-133.625931
3283.813477	-129.816345
3294.580078	-128.983780
3305.346680	-128.456055
3316.113281	-133.436127
3326.879883	-142.723282
3337.646484	-137.592087
3348.413086	-137.410645
3359.179688	-140.234924
3369.946289	-139.100433
3380.712891	-131.534912
3391.479492	-130.989563
3402.246094	-130.673477
3413.012695	-133.186752
3423.779297	-139.337311
3434.545898	-136.444290
3445.312500	-157.444504
3456.079102	-140.686340
3466.845703	-138.690643
3477.612305	-130.765656
3488.378906	-130.487259
3499.145508	-133.352066
3509.912109	-137.122726
3520.678711	-143.956467
3531.445313	-135.611282
3542.211914	-136.947739
3552.978516	-144.661591
3563.745117	-142.197403
3574.511719	-131.156067
3585.278320	-129.397461
3596.044922	-131.396164
3606.811523	-134.020279
3617.578125	-143.151138
3628.344727	-135.952972
3639.111328	-135.102859
3649.877930	-140.897919
3660.644531	-141.586487
3671.411133	-141.971176
3682.177734	-133.485748
3692.944336	-133.408295
3703.710938	-135.753372
3714.477539	-138.819214
3725.244141	-140.428589
3736.010742	-134.645081
3746.777344	-141.229080
3757.543945	-146.452637
3768.310547	-143.999405
3779.077148	-132.839249
3789.843750	-132.423798
3800.610352	-139.615921
3811.376953	-139.444931
3822.143555	-140.578827
3832.910156	-136.441116
3843.676758	-142.998001
3854.443359	-142.166122
3865.209961	-140.647339
3875.976563	-136.131592
3886.743164	-132.996872
3897.509766	-138.177612
3908.276367	-135.343246
3919.042969	-136.628098
3929.809570	-136.147079
3940.576172	-135.860123
3951.342773	-154.866394
3962.109375	-139.504654
3972.875977	-140.666550
3983.642578	-135.949570
3994.409180	-137.769730
4005.175781	-138.779739
4015.942383	-134.770081
4026.708984	-136.637604
4037.475586	-136.804230
4048.242188	-152.144592
4059.008789	-135.724884
4069.775391	-136.209366
4080.541992	-135.232208
4091.308594	-134.654938
4102.075195	-139.552567
4112.841797	-135.497742
4123.608398	-139.902512
4134.375000	-138.236237
4145.141602	-142.348083
4155.908203	-138.909668
4166.674805	-135.126007
4177.441406	-148.605057
4188.208008	-136.760559
4198.974609	-136.134018
4209.741211	-133.060394
4220.507813	-134.463943
4231.274414	-149.245636
4242.041016	-143.571594
4252.807617	-142.581604
4263.574219	-134.045517
4274.340820	-136.231628
4285.107422	-140.811630
4295.874023	-137.743256
4306.640625	-135.356384
4317.407227	-132.138885
4328.173828	-137.500015
4338.940430	-144.715759
4349.707031	-140.493866
4360.473633	-140.973480
4371.240234	-141.011520
4382.006836	-139.777679
4392.773438	-133.819016
4403.540039	-133.218445
4414.306641	-133.303482
4425.073242	-137.193527
4435.839844	-145.168564
4446.606445	-136.880371
4457.373047	-140.790955
4468.139648	-137.104919
4478.906250	-153.725983
4489.672852	-133.635803
4500.439453	-131.184036
4511.206055	-131.452560
4521.972656	-133.153137
4532.739258	-146.355301
4543.505859	-139.077728
4554.272461	-140.523636
4565.039063	-138.594604
4575.805664	-142.810760
4586.572266	-135.716858
4597.338867	-132.611862
4608.105469	-133.022278
4618.872070	-131.783585
4629.638672	-137.596176
4640.405273	-139.374939
4651.171875	-136.438248
4661.938477	-137.651550
4672.705078	-141.468857
4683.471680	-137.576813
4694.238281	-128.854950
4705.004883	-128.182785
4715.771484	-130.196793
4726.538086	-134.189713
4737.304688	-140.867554
4748.071289	-133.667130
4758.837891	-141.243958
4769.604492	-151.927979
4780.371094	-146.481659
4791.137695	-134.135330
4801.904297	-131.973587
4812.670898	-139.775772
4823.437500	-135.358200
4834.204102	-140.628677
4844.970703	-139.942017
4855.737305	-141.824051
4866.503906	-131.937973
4877.270508	-128.580841
4888.037109	-133.048660
4898.803711	-132.569168
4909.570313	-134.565842
4920.336914	-134.711838
4931.103516	-139.376678
4941.870117	-134.786743
4952.636719	-130.874176
4963.403320	-133.421448
4974.169922	-137.453629
4984.936523	-137.735657
4995.703125	-130.887726
5006.469727	-130.830429
5017.236328	-135.127731
5028.002930	-141.188812
5038.769531	-139.370514
5049.536133	-134.574509
5060.302734	-135.625443
5071.069336	-138.397644
5081.835938	-133.225647
5092.602539	-128.244431
5103.369141	-126.356010
5114.135742	-129.715652
5124.902344	-134.358963
5135.668945	-138.184479
5146.435547	-140.209335
5157.202148	-136.100906
5167.968750	-138.741608
5178.735352	-143.160400
5189.501953	-135.364395
5200.268555	-130.881134
5211.035156	-137.575317
5221.801758	-138.222687
5232.568359	-132.219955
5243.334961	-130.977631
5254.101563	-132.546249
5264.868164	-148.905365
5275.634766	-135.997070
5286.401367	-143.102707
5297.167969	-131.768097
5307.934570	-131.713821
5318.701172	-134.759384
5329.467773	-132.691345
5340.234375	-136.568634
5351.000977	-144.018326
5361.767578	-139.463135
5372.534180	-131.608948
5383.300781	-129.942322
5394.067383	-132.435867
5404.833984	-131.160767
5415.600586	-132.723038
5426.367188	-144.467972
5437.133789	-136.667923
5447.900391	-142.579163
5458.666992	-135.794281
5469.433594	-140.426956
5480.200195	-132.107437
5490.966797	-129.019104
5501.733398	-129.908752
5512.500000	-138.148117
5523.266602	-136.608780
5534.033203	-134.681747
5544.799805	-129.105301
5555.566406	-126.803917
5566.333008	-132.198334
5577.099609	-146.603027
5587.866211	-139.724991
5598.632813	-135.226593
5609.399414	-136.503067
5620.166016	-136.949799
5630.932617	-129.352905
5641.699219	-130.239532
5652.465820	-147.739960
5663.232422	-133.248947
5673.999023	-130.199310
5684.765625	-127.213440
5695.532227	-133.218338
5706.298828	-130.469360
5717.065430	-136.344330
5727.832031	-129.675400
5738.598633	-129.233658
5749.365234	-138.565521
5760.131836	-140.715942
5770.898438	-130.831680
5781.665039	-131.400284
5792.431641	-137.359970
5803.198242	-131.322296
5813.964844	-128.536346
5824.731445	-132.018005
5835.498047	-128.925888
5846.264648	-131.457779
5857.031250	-136.034393
5867.797852	-133.822556
5878.564453	-142.252045
5889.331055	-136.822006
5900.097656	-128.743195
5910.864258	-134.077698
5921.630859	-131.432510
5932.397461	-132.342789
5943.164063	-135.704849
5953.930664	-131.557465
5964.697266	-129.188812
5975.463867	-130.127029
5986.230469	-139.766602
5996.997070	-133.932556
6007.763672	-128.763123
6018.530273	-130.446854
6029.296875	-131.185333
6040.063477	-126.391159
6050.830078	-131.595673
6061.596680	-129.261337
6072.363281	-128.069351
6083.129883	-130.065521
6093.896484	-127.456787
6104.663086	-130.611084
6115.429688	-127.043312
6126.196289	-128.455185
6136.962891	-135.354584
6147.729492	-139.353485
6158.496094	-129.074493
6169.262695	-125.683655
6180.029297	-129.083557
6190.795898	-135.510345
6201.562500	-140.005508
6212.329102	-131.859848
6223.095703	-129.151093
6233.862305	-125.738548
6244.628906	-127.671692
6255.395508	-130.323196
6266.162109	-136.492447
6276.928711	-134.709198
6287.695313	-128.090179
6298.461914	-128.256058
6309.228516	-129.030350
6319.995117	-128.993240
6330.761719	-127.244041
6341.528320	-128.951706
6352.294922	-136.073654
6363.061523	-131.688782
6373.828125	-135.006058
6384.594727	-135.930084
6395.361328	-138.966446
6406.127930	-129.476151
6416.894531	-125.518036
6427.661133	-129.270355
6438.427734	-124.968269
6449.194336	-128.297943
6459.960938	-133.870544
6470.727539	-127.665100
6481.494141	-122.796066
6492.260742	-122.053543
6503.027344	-123.069618
6513.793945	-124.227280
6524.560547	-127.152122
6535.327148	-140.242798
6546.093750	-134.090927
6556.860352	-133.800171
6567.626953	-144.319122
6578.393555	-131.361725
6589.160156	-129.081818
6599.926758	-127.183746
6610.693359	-126.169121
6621.459961	-128.925430
6632.226563	-136.270294
6642.993164	-141.449677
6653.759766	-129.020554
6664.526367	-124.172386
6675.292969	-127.786324
6686.059570	-143.628464
6696.826172	-129.908447
6707.592773	-140.059723
6718.359375	-132.839569
6729.125977	-137.791550
6739.892578	-132.276077
6750.659180	-133.536377
6761.425781	-133.126663
6772.192383	-130.007751
6782.958984	-146.621292
6793.725586	-125.796143
6804.492188	-123.816742
6815.258789	-133.682510
6826.025391	-133.180450
6836.791992	-128.351944
6847.558594	-133.663177
6858.325195	-135.816483
6869.091797	-128.466309
6879.858398	-125.283020
6890.625000	-126.278519
6901.391602	-130.002899
6912.158203	-128.616241
6922.924805	-128.593262
6933.691406	-138.575378
6944.458008	-138.929535
6955.224609	-129.955795
6965.991211	-131.109116
6976.757813	-127.745583
6987.524414	-136.408203
6998.291016	-135.523209
7009.057617	-134.148605
7019.824219	-124.078896
7030.590820	-123.126770
7041.357422	-128.117584
7052.124023	-142.714432
7062.890625	-127.859314
7073.657227	-123.849007
7084.423828	-129.157944
7095.190430	-128.102417
7105.957031	-126.586952
7116.723633	-124.847534
7127.490234	-126.019844
7138.256836	-122.986214
7149.023438	-119.910156
7159.790039	-124.069794
7170.556641	-138.102936
7181.323242	-125.618080
7192.089844	-132.305710
7202.856445	-144.731125
7213.623047	-130.445587
7224.389648	-125.990959
7235.156250	-124.571281
7245.922852	-124.451378
7256.689453	-173.458176
7267.456055	-127.289162
7278.222656	-144.848190
7288.989258	-123.785889
7299.755859	-125.665802
7310.522461	-136.970215
7321.289063	-123.320351
7332.055664	-122.921410
7342.822266	-126.406677
7353.588867	-128.796860
7364.355469	-131.030167
7375.122070	-124.477615
7385.888672	-129.134781
7396.655273	-125.623192
7407.421875	-126.029350
7418.188477	-135.952789
7428.955078	-131.402679
7439.721680	-126.495934
7450.488281	-127.191055
7461.254883	-128.458420
7472.021484	-127.553467
7482.788086	-124.047943
7493.554688	-124.414650
7504.321289	-128.303497
7515.087891	-136.571075
7525.854492	-122.491364
7536.621094	-122.919228
7547.387695	-128.533279
7558.154297	-127.307007
7568.920898	-124.171745
7579.687500	-120.779610
7590.454102	-121.271919
7601.220703	-125.754135
7611.987305	-132.559341
7622.753906	-141.229095
7633.520508	-146.611923
7644.287109	-130.804565
7655.053711	-124.010941
7665.820313	-130.267258
7676.586914	-136.429214
7687.353516	-135.582718
7698.120117	-151.163193
7708.886719	-139.380310
7719.653320	-125.459084
7730.419922	-124.000526
7741.186523	-131.639603
7751.953125	-134.232361
7762.719727	-152.475784
7773.486328	-126.898598
7784.252930	-124.442253
7795.019531	-126.203377
7805.786133	-128.477051
7816.552734	-130.306351
7827.319336	-150.577026
7838.085938	-131.453323
7848.852539	-132.896378
7859.619141	-136.911911
7870.385742	-126.355064
7881.152344	-122.027077
7891.918945	-119.169029
7902.685547	-120.270187
7913.452148	-123.665375
7924.218750	-126.493431
7934.985352	-123.917427
7945.751953	-120.560471
7956.518555	-124.127769
7967.285156	-141.124237
7978.051758	-125.541931
7988.818359	-123.598099
7999.584961	-127.073624
8010.351563	-128.707275
8021.118164	-121.331566
8031.884766	-118.407745
8042.651367	-120.659325
8053.417969	-124.808220
8064.184570	-122.293968
8074.951172	-124.704239
8085.717773	-124.880699
8096.484375	-123.262131
8107.250977	-126.212929
8118.017578	-130.067642
8128.784180	-123.772026
8139.550781	-123.768387
8150.317383	-123.801041
8161.083984	-122.248199
8171.850586	-123.876175
8182.617188	-127.854782
8193.383789	-130.335602
8204.150391	-128.148529
8214.916992	-121.774323
8225.683594	-118.951935
8236.450195	-120.640396
8247.216797	-123.794373
8257.983398	-123.091278
8268.750000	-125.278831
8279.516602	-128.473450
8290.283203	-125.746620
8301.049805	-123.887039
8311.816406	-122.096588
8322.583008	-121.645584
8333.349609	-123.951683
8344.116211	-126.362350
8354.882813	-125.056648
8365.649414	-127.089424
8376.416016	-123.876411
8387.182617	-124.151863
8397.949219	-121.938599
8408.715820	-122.564545
8419.482422	-122.715889
8430.249023	-125.207619
8441.015625	-127.697571
8451.782227	-120.462059
8462.548828	-121.525986
8473.315430	-128.687088
8484.082031	-129.358963
8494.848633	-130.321701
8505.615234	-130.531311
8516.381836	-142.734680
8527.148438	-127.966774
8537.915039	-127.635674
8548.681641	-126.177872
8559.448242	-128.877518
8570.214844	-132.129349
8580.981445	-130.306107
8591.748047	-125.026337
8602.514648	-124.639610
8613.281250	-125.579239
8624.047852	-136.308853
8634.814453	-129.385208
8645.581055	-127.998047
8656.347656	-121.400948
8667.114258	-121.482437
8677.880859	-124.758492
8688.647461	-130.881241
8699.414063	-130.101501
8710.180664	-127.461258
8720.947266	-121.231842
8731.713867	-119.905144
8742.480469	-122.476852
8753.247070	-129.495651
8764.013672	-123.283379
8774.780273	-123.446609
8785.546875	-124.446999
8796.313477	-126.761856
8807.080078	-136.802979
8817.846680	-130.362640
8828.613281	-135.210815
8839.379883	-126.863342
8850.146484	-126.477371
8860.913086	-128.412643
8871.679688	-126.230309
8882.446289	-127.569710
8893.212891	-126.634850
8903.979492	-127.691437
8914.746094	-130.426819
8925.512695	-123.528809
8936.279297	-122.562782
8947.045898	-121.041153
8957.812500	-121.686752
8968.579102	-126.360565
8979.345703	-135.933868
8990.112305	-123.544128
9000.878906	-120.996246
9011.645508	-124.617210
9022.412109	-126.355980
9033.178711	-128.144821
9043.945313	-119.273010
9054.711914	-118.072365
9065.478516	-118.991638
9076.245117	-120.714996
9087.011719	-125.139473
9097.778320	-123.172066
9108.544922	-122.701584
9119.311523	-126.567482
9130.078125	-122.832115
9140.844727	-121.132263
9151.611328	-123.147568
9162.377930	-131.822433
9173.144531	-127.350906
9183.911133	-123.126297
9194.677734	-119.826721
9205.444336	-120.209000
9216.210938	-132.965485
9226.977539	-139.287659
9237.744141	-126.857994
9248.510742	-122.773079
9259.277344	-136.164444
9270.043945	-123.843323
9280.810547	-120.663994
9291.577148	-121.033676
9302.343750	-122.865257
9313.110352	-126.063385
9323.876953	-136.157120
9334.643555	-123.859398
9345.410156	-122.314880
9356.176758	-130.293732
9366.943359	-123.300629
9377.709961	-117.884560
9388.476563	-117.343536
9399.243164	-119.877464
9410.009766	-121.033119
9420.776367	-121.708565
9431.542969	-123.384804
9442.309570	-133.073181
9453.076172	-142.600693
9463.842773	-128.755753
9474.609375	-128.870209
9485.375977	-127.575623
9496.142578	-122.980103
9506.909180	-130.930069
9517.675781	-133.305405
9528.442383	-124.561089
9539.208984	-129.028656
9549.975586	-138.155350
9560.742188	-136.538528
9571.508789	-131.092743
9582.275391	-125.140274
9593.041992	-125.117836
9603.808594	-128.729187
9614.575195	-133.327347
9625.341797	-140.248123
9636.108398	-142.799667
9646.875000	-126.756874
9657.641602	-124.263817
9668.408203	-126.987503
9679.174805	-128.859528
9689.941406	-126.839630
9700.708008	-122.845459
9711.474609	-126.536346
9722.241211	-131.885635
9733.007813	-131.347839
9743.774414	-135.731903
9754.541016	-124.086250
9765.307617	-122.059853
9776.074219	-121.361580
9786.840820	-119.798576
9797.607422	-123.304543
9808.374023	-125.665001
9819.140625	-119.996254
9829.907227	-120.207474
9840.673828	-123.377541
9851.440430	-122.892883
9862.207031	-120.585167
9872.973633	-117.032860
9883.740234	-117.601761
9894.506836	-121.532845
9905.273438	-122.872772
9916.040039	-125.432610
9926.806641	-130.632019
9937.573242	-128.103027
9948.339844	-124.158302
9959.106445	-129.754044
9969.873047	-141.601990
9980.639648	-141.406937
9991.406250	-135.056366
10002.172852	-124.773895
10012.939453	-123.056213
10023.706055	-125.555840
10034.472656	-125.116348
10045.239258	-122.139557
10056.005859	-122.042557
10066.772461	-122.981865
10077.539063	-125.816719
10088.305664	-126.440414
10099.072266	-119.905632
10109.838867	-119.773079
10120.605469	-128.021500
10131.372070	-124.908653
10142.138672	-122.123116
10152.905273	-123.214172
10163.671875	-121.700684
10174.438477	-120.989395
10185.205078	-123.352539
10195.971680	-122.062416
10206.738281	-120.244461
10217.504883	-117.931046
10228.271484	-118.602905
10239.038086	-120.165009
10249.804688	-121.480392
10260.571289	-121.568382
10271.337891	-126.466637
10282.104492	-122.353333
10292.871094	-119.699913
10303.637695	-124.234726
10314.404297	-129.966721
10325.170898	-121.930298
10335.937500	-123.060287
10346.704102	-126.553848
10357.470703	-133.382904
10368.237305	-132.565247
10379.003906	-135.910004
10389.770508	-132.982864
10400.537109	-134.882568
10411.303711	-127.453720
10422.070313	-122.912735
10432.836914	-123.428703
10443.603516	-123.999474
10454.370117	-118.815628
10465.136719	-117.763390
10475.903320	-119.430473
10486.669922	-120.932861
10497.436523	-121.266335
10508.203125	-128.703522
10518.969727	-131.345917
10529.736328	-128.452744
10540.502930	-132.120285
10551.269531	-154.874664
10562.036133	-134.961624
10572.802734	-131.108658
10583.569336	-126.258743
10594.335938	-123.399330
10605.102539	-127.112686
10615.869141	-126.254257
10626.635742	-122.323112
10637.402344	-124.884155
10648.168945	-130.289383
10658.935547	-120.730011
10669.702148	-120.244232
10680.468750	-125.200958
10691.235352	-138.847000
10702.001953	-135.823563
10712.768555	-130.957870
10723.535156	-125.449593
10734.301758	-129.157196
10745.068359	-134.945160
10755.834961	-134.571854
10766.601563	-122.283913
10777.368164	-119.385529
10788.134766	-122.319878
10798.901367	-121.194725
10809.667969	-129.593597
10820.434570	-124.745987
10831.201172	-125.215546
10841.967773	-129.256287
10852.734375	-124.772598
10863.500977	-129.183792
10874.267578	-132.031494
10885.034180	-123.902901
10895.800781	-121.945450
10906.567383	-127.761726
10917.333984	-130.542603
10928.100586	-127.761765
10938.867188	-128.035019
10949.633789	-127.085358
10960.400391	-136.358170
10971.166992	-126.057159
10981.933594	-122.617714
10992.700195	-119.581863
11003.466797	-118.458733
11014.233398	-120.715157
11025.000000	-130.568512
11035.766602	-125.432228
11046.533203	-120.521309
11057.299805	-123.461746
11068.066406	-129.749359
11078.833008	-133.359055
11089.599609	-127.017448
11100.366211	-130.700089
11111.132813	-138.434494
11121.899414	-147.146774
11132.666016	-136.904465
11143.432617	-133.859589
11154.199219	-131.217392
11164.965820	-136.057526
11175.732422	-130.334427
11186.499023	-126.855690
11197.265625	-135.525833
11208.032227	-125.950455
11218.798828	-123.132637
11229.565430	-135.534134
11240.332031	-130.415665
11251.098633	-133.108948
11261.865234	-137.541077
11272.631836	-129.296249
11283.398438	-132.999649
11294.165039	-132.479080
11304.931641	-126.328476
11315.698242	-125.052505
11326.464844	-121.593216
11337.231445	-122.107719
11347.998047	-126.394577
11358.764648	-131.294373
11369.531250	-141.747223
11380.297852	-130.364594
11391.064453	-128.262421
11401.831055	-122.303833
11412.597656	-122.707458
11423.364258	-127.430496
11434.130859	-126.070145
11444.897461	-126.247696
11455.664063	-135.866989
11466.430664	-127.875145
11477.197266	-125.675453
11487.963867	-133.221298
11498.730469	-125.051407
11509.497070	-128.886383
11520.263672	-124.070198
11531.030273	-123.039749
11541.796875	-124.140427
11552.563477	-125.172958
11563.330078	-126.552849
11574.096680	-131.459366
11584.863281	-126.348183
11595.629883	-127.410950
11606.396484	-130.903946
11617.163086	-129.216843
11627.929688	-127.817001
11638.696289	-127.010559
11649.462891	-131.632217
11660.229492	-138.387421
11670.996094	-138.304138
11681.762695	-143.879288
11692.529297	-134.189636
11703.295898	-129.148956
11714.062500	-125.774124
11724.829102	-121.034500
11735.595703	-121.893745
11746.362305	-133.284515
11757.128906	-133.663162
11767.895508	-125.880814
11778.662109	-122.157089
11789.428711	-124.152084
11800.195313	-132.712448
11810.961914	-135.326126
11821.728516	-132.757874
11832.495117	-134.940216
11843.261719	-135.124557
11854.028320	-128.095825
11864.794922	-128.877045
11875.561523	-131.913376
11886.328125	-131.939011
11897.094727	-141.083740
11907.861328	-137.501312
11918.627930	-137.173431
11929.394531	-129.336151
11940.161133	-131.296875
11950.927734	-130.245850
11961.694336	-130.867737
11972.460938	-128.908020
11983.227539	-124.883102
11993.994141	-127.009918
12004.760742	-131.084000
12015.527344	-124.961243
12026.293945	-124.399773
12037.060547	-127.111938
12047.827148	-131.589844
12058.593750	-135.154175
12069.360352	-128.307129
12080.126953	-129.020416
12090.893555	-129.637161
12101.660156	-142.814301
12112.426758	-129.033279
12123.193359	-128.924469
12133.959961	-126.158936
12144.726563	-126.952461
12155.493164	-131.091187
12166.259766	-136.678131
12177.026367	-129.343567
12187.792969	-126.506432
12198.559570	-127.241653
12209.326172	-130.730881
12220.092773	-137.825302
12230.859375	-130.422806
12241.625977	-133.565323
12252.392578	-134.487442
12263.159180	-126.255478
12273.925781	-126.393181
12284.692383	-129.107666
12295.458984	-129.192184
12306.225586	-131.387680
12316.992188	-132.882996
12327.758789	-130.328674
12338.525391	-136.565826
12349.291992	-141.381363
12360.058594	-149.810455
12370.825195	-132.231934
12381.591797	-126.907112
12392.358398	-125.325661
12403.125000	-124.684425
12413.891602	-124.627838
12424.658203	-130.368622
12435.424805	-139.367874
12446.191406	-133.283905
12456.958008	-132.862305
12467.724609	-128.902359
12478.491211	-126.019569
12489.257813	-127.256355
12500.024414	-130.082077
12510.791016	-137.974762
12521.557617	-138.438538
12532.324219	-133.559875
12543.090820	-134.287872
12553.857422	-144.575409
12564.624023	-128.627319
12575.390625	-126.519272
12586.157227	-132.979843
12596.923828	-128.213654
12607.690430	-138.321426
12618.457031	-137.300659
12629.223633	-135.691696
12639.990234	-129.231888
12650.756836	-127.657997
12661.523438	-133.087128
12672.290039	-137.550934
12683.056641	-134.509857
12693.823242	-128.048035
12704.589844	-131.145142
12715.356445	-132.220657
12726.123047	-128.418304
12736.889648	-128.315033
12747.656250	-127.281479
12758.422852	-130.802948
12769.189453	-128.928162
12779.956055	-127.837646
12790.722656	-128.691910
12801.489258	-126.419571
12812.255859	-127.531158
12823.022461	-133.822281
12833.789063	-132.790939
12844.555664	-131.711441
12855.322266	-132.467621
12866.088867	-133.960785
12876.855469	-124.596176
12887.622070	-120.907127
12898.388672	-120.362617
12909.155273	-121.876411
12919.921875	-129.078583
12930.688477	-133.315948
12941.455078	-133.780396
12952.221680	-130.717545
12962.988281	-121.094330
12973.754883	-122.230431
12984.521484	-133.616882
12995.288086	-124.987854
13006.054688	-125.180885
13016.821289	-129.875565
13027.587891	-135.478210
13038.354492	-132.393127
13049.121094	-144.008972
13059.887695	-128.571793
13070.654297	-142.614563
13081.420898	-121.577904
13092.187500	-118.476532
13102.954102	-119.545044
13113.720703	-123.586349
13124.487305	-129.881882
13135.253906	-136.755280
13146.020508	-134.508957
13156.787109	-126.852684
13167.553711	-130.069794
13178.320313	-126.705124
13189.086914	-122.186775
13199.853516	-122.014687
13210.620117	-124.157394
13221.386719	-132.542801
13232.153320	-121.261536
13242.919922	-121.151512
13253.686523	-126.508904
13264.453125	-132.534256
13275.219727	-128.014847
13285.986328	-126.972740
13296.752930	-124.975861
13307.519531	-129.746979
13318.286133	-131.069977
13329.052734	-125.048904
13339.819336	-128.606308
13350.585938	-146.994293
13361.352539	-152.352478
13372.119141	-126.181969
13382.885742	-122.496941
13393.652344	-125.074272
13404.418945	-156.675415
13415.185547	-122.103630
13425.952148	-122.342110
13436.718750	-122.948929
13447.485352	-125.102509
13458.251953	-142.900009
13469.018555	-127.643974
13479.785156	-126.016724
13490.551758	-129.480438
13501.318359	-125.708115
13512.084961	-123.569893
13522.851563	-122.791115
13533.618164	-121.459351
13544.384766	-122.324646
13555.151367	-124.717163
13565.917969	-128.396667
13576.684570	-126.631660
13587.451172	-127.427361
13598.217773	-134.543442
13608.984375	-128.149475
13619.750977	-123.473961
13630.517578	-119.208679
13641.284180	-131.856384
13652.050781	-128.865768
13662.817383	-151.536453
13673.583984	-136.757599
13684.350586	-130.220490
13695.117188	-145.592361
13705.883789	-126.369408
13716.650391	-133.070618
13727.416992	-133.547165
13738.183594	-126.522491
13748.950195	-130.125076
13759.716797	-135.118469
13770.483398	-126.160507
13781.250000	-131.875687
13792.016602	-129.575790
13802.783203	-135.401871
13813.549805	-129.756958
13824.316406	-129.481644
13835.083008	-131.702667
13845.849609	-131.752914
13856.616211	-128.887817
13867.382813	-132.595535
13878.149414	-133.058838
13888.916016	-122.963867
13899.682617	-121.467155
13910.449219	-125.331001
13921.215820	-122.647766
13931.982422	-121.845947
13942.749023	-120.299461
13953.515625	-116.319031
13964.282227	-116.661598
13975.048828	-118.887138
13985.815430	-121.076988
13996.582031	-129.373810
14007.348633	-130.785507
14018.115234	-120.752548
14028.881836	-117.276474
14039.648438	-115.814613
14050.415039	-115.668495
14061.181641	-120.403839
14071.948242	-122.110657
14082.714844	-118.225113
14093.481445	-118.612396
14104.248047	-118.768845
14115.014648	-121.047577
14125.781250	-124.413834
14136.547852	-125.896759
14147.314453	-128.234161
14158.081055	-137.503571
14168.847656	-127.765884
14179.614258	-117.290840
14190.380859	-118.890495
14201.147461	-129.192093
14211.914063	-126.255600
14222.680664	-121.910378
14233.447266	-121.384567
14244.213867	-124.498779
14254.980469	-122.836250
14265.747070	-127.703018
14276.513672	-120.765816
14287.280273	-122.139473
14298.046875	-141.161255
14308.813477	-126.717171
14319.580078	-115.963089
14330.346680	-116.681343
14341.113281	-129.469513
14351.879883	-124.635544
14362.646484	-121.359352
14373.413086	-114.622437
14384.179688	-114.680809
14394.946289	-120.496162
14405.712891	-131.643890
14416.479492	-125.894142
14427.246094	-127.660744
14438.012695	-117.734863
14448.779297	-120.540306
14459.545898	-128.411819
14470.312500	-123.409950
14481.079102	-115.183418
14491.845703	-114.243484
14502.612305	-120.040115
14513.378906	-120.967400
14524.145508	-119.020203
14534.912109	-119.270615
14545.678711	-114.292274
14556.445313	-114.838348
14567.211914	-121.041115
14577.978516	-116.485291
14588.745117	-114.291855
14599.511719	-113.483971
14610.278320	-112.696243
14621.044922	-118.757942
14631.811523	-118.150200
14642.578125	-118.685196
14653.344727	-128.784653
14664.111328	-122.488441
14674.877930	-123.647156
14685.644531	-125.263184
14696.411133	-119.778214
14707.177734	-119.258240
14717.944336	-119.345169
14728.710938	-125.364906
14739.477539	-120.395073
14750.244141	-113.956825
14761.010742	-111.963875
14771.777344	-117.780754
14782.543945	-119.127113
14793.310547	-114.887154
14804.077148	-122.479218
14814.843750	-116.104492
14825.610352	-115.520187
14836.376953	-114.317398
14847.143555	-113.454376
14857.910156	-113.047234
14868.676758	-118.499542
14879.443359	-114.598579
14890.209961	-113.213722
14900.976563	-120.999641
14911.743164	-127.954636
14922.509766	-118.363220
14933.276367	-113.163399
14944.042969	-111.546486
14954.809570	-110.714432
14965.576172	-116.112289
14976.342773	-122.511475
14987.109375	-114.432655
14997.875977	-114.891632
15008.642578	-116.032120
15019.409180	-117.797791
15030.175781	-118.503326
15040.942383	-111.675812
15051.708984	-114.281052
15062.475586	-118.779732
15073.242188	-115.485115
15084.008789	-121.635910
15094.775391	-118.292480
15105.541992	-131.470810
15116.308594	-121.346344
15127.075195	-121.344475
15137.841797	-125.779297
15148.608398	-123.613167
15159.375000	-127.822395
15170.141602	-119.769913
15180.908203	-115.400993
15191.674805	-124.425835
15202.441406	-135.482864
15213.208008	-117.036865
15223.974609	-113.250870
15234.741211	-115.438576
15245.507813	-119.803513
15256.274414	-119.098457
15267.041016	-122.127922
15277.807617	-119.825409
15288.574219	-118.485527
15299.340820	-110.578362
15310.107422	-111.344353
15320.874023	-128.794647
15331.640625	-120.913834
15342.407227	-114.393799
15353.173828	-112.259705
15363.940430	-116.622177
15374.707031	-117.488983
15385.473633	-116.155182
15396.240234	-112.059013
15407.006836	-110.359772
15417.773438	-110.305229
15428.540039	-114.613167
15439.306641	-128.978027
15450.073242	-116.095322
15460.839844	-114.346680
15471.606445	-117.613083
15482.373047	-121.425423
15493.139648	-119.597366
15503.906250	-113.539452
15514.672852	-112.124832
15525.439453	-112.391037
15536.206055	-113.063950
15546.972656	-123.512482
15557.739258	-115.917580
15568.505859	-115.402397
15579.272461	-114.930954
15590.039063	-115.071854
15600.805664	-113.801369
15611.572266	-117.882408
15622.338867	-114.955345
15633.105469	-113.030487
15643.872070	-118.222450
15654.638672	-118.515839
15665.405273	-115.809135
15676.171875	-115.114021
15686.938477	-121.751617
15697.705078	-113.910461
15708.471680	-113.412613
15719.238281	-119.304085
15730.004883	-118.688171
15740.771484	-114.304680
15751.538086	-116.796860
15762.304688	-117.855438
15773.071289	-123.786461
15783.837891	-116.707932
15794.604492	-112.803383
15805.371094	-116.634552
15816.137695	-126.356194
15826.904297	-120.570435
15837.670898	-119.203423
15848.437500	-115.228821
15859.204102	-114.760384
15869.970703	-114.568321
15880.737305	-112.192314
15891.503906	-108.938988
15902.270508	-107.671616
15913.037109	-107.434990
15923.803711	-107.161133
15934.570313	-107.982719
15945.336914	-111.197098
15956.103516	-117.109261
15966.870117	-129.458878
15977.636719	-122.647263
15988.403320	-117.074127
15999.169922	-115.615440
16009.936523	-114.476471
16020.703125	-114.350197
16031.469727	-114.439728
16042.236328	-118.241646
16053.002930	-116.134140
16063.769531	-107.868706
16074.536133	-108.180634
16085.302734	-111.679718
16096.069336	-111.562828
16106.835938	-111.645020
16117.602539	-110.593559
16128.369141	-110.852539
16139.135742	-113.348251
16149.902344	-120.073112
16160.668945	-121.251320
16171.435547	-120.462547
16182.202148	-112.773048
16192.968750	-117.779633
16203.735352	-118.812294
16214.501953	-113.676804
16225.268555	-116.825645
16236.035156	-120.445114
16246.801758	-122.108269
16257.568359	-115.947212
16268.334961	-110.409271
16279.101563	-110.776115
16289.868164	-111.117828
16300.634766	-107.424606
16311.401367	-110.040932
16322.167969	-123.308807
16332.934570	-119.189583
16343.701172	-108.237732
16354.467773	-106.029289
16365.234375	-109.414482
16376.000977	-120.344452
16386.767578	-110.239639
16397.534180	-109.665535
16408.300781	-110.823769
16419.067383	-106.988739
16429.833984	-106.466209
16440.600586	-111.689308
16451.367188	-114.084526
16462.133789	-120.445618
16472.900391	-113.775909
16483.666992	-111.354599
16494.433594	-113.291489
16505.200195	-116.030396
16515.966797	-109.870682
16526.733398	-114.581680
16537.500000	-114.091591
16548.266602	-109.685089
16559.033203	-108.676125
16569.799805	-106.592003
16580.566406	-108.806129
16591.333008	-115.654938
16602.099609	-107.722366
16612.866211	-108.697014
16623.632813	-119.516655
16634.399414	-106.645210
16645.166016	-105.576843
16655.932617	-110.213173
16666.699219	-125.009651
16677.465820	-118.923927
16688.232422	-117.512505
16698.999023	-113.640129
16709.765625	-116.405220
16720.532227	-121.038956
16731.298828	-121.716385
16742.065430	-114.024483
16752.832031	-110.866531
16763.598633	-105.823059
16774.365234	-107.408417
16785.131836	-119.960289
16795.898438	-117.488640
16806.665039	-109.413956
16817.431641	-106.639305
16828.198242	-103.435310
16838.964844	-108.412453
16849.731445	-116.997734
16860.498047	-109.451569
16871.264648	-106.922546
16882.031250	-107.032684
16892.797852	-111.207466
16903.564453	-105.510033
16914.331055	-107.444984
16925.097656	-112.631737
16935.864258	-111.708733
16946.630859	-112.942169
16957.397461	-109.959908
16968.164063	-112.068542
16978.930664	-127.808075
16989.697266	-113.354500
17000.463867	-110.707069
17011.230469	-113.817642
17021.997070	-113.009377
17032.763672	-106.418701
17043.530273	-109.434464
17054.296875	-117.518105
17065.063477	-119.078506
17075.830078	-121.097679
17086.596680	-111.218109
17097.363281	-117.854462
17108.129883	-117.582588
17118.896484	-108.280968
17129.663086	-105.807487
17140.429688	-107.751305
17151.196289	-106.385506
17161.962891	-112.836075
17172.729492	-123.282906
17183.496094	-112.676086
17194.262695	-110.719711
17205.029297	-118.301056
17215.795898	-115.462074
17226.562500	-111.188019
17237.329102	-120.266228
17248.095703	-124.868523
17258.862305	-118.306175
17269.628906	-107.837685
17280.395508	-102.731178
17291.162109	-104.680481
17301.928711	-109.393036
17312.695313	-106.963036
17323.461914	-106.458885
17334.228516	-109.785652
17344.995117	-120.162956
17355.761719	-111.454468
17366.528320	-110.151169
17377.294922	-110.216034
17388.061523	-111.838333
17398.828125	-120.608688
17409.594727	-118.267967
17420.361328	-106.690071
17431.127930	-104.031120
17441.894531	-105.125534
17452.661133	-111.689209
17463.427734	-112.449326
17474.194336	-115.562889
17484.960938	-109.173096
17495.727539	-106.120094
17506.494141	-106.326141
17517.260742	-103.202255
17528.027344	-101.356094
17538.793945	-103.176971
17549.560547	-108.950981
17560.327148	-116.098595
17571.093750	-106.439140
17581.860352	-107.313599
17592.626953	-106.593880
17603.393555	-102.597130
17614.160156	-103.011612
17624.926758	-107.428253
17635.693359	-109.295959
17646.459961	-107.484436
17657.226563	-106.647240
17667.993164	-105.154861
17678.759766	-104.852196
17689.526367	-107.041748
17700.292969	-109.483337
17711.059570	-107.987305
17721.826172	-105.986221
17732.592773	-106.125267
17743.359375	-104.979073
17754.125977	-106.135544
17764.892578	-113.273232
17775.659180	-113.808304
17786.425781	-106.095116
17797.192383	-103.653786
17807.958984	-105.701355
17818.725586	-106.006348
17829.492188	-102.635262
17840.258789	-100.889221
17851.025391	-106.242546
17861.791992	-107.718307
17872.558594	-109.502029
17883.325195	-118.988800
17894.091797	-116.236061
17904.858398	-117.829308
17915.625000	-112.196396
17926.391602	-112.935646
17937.158203	-114.606812
17947.924805	-109.438614
17958.691406	-105.387016
17969.458008	-116.341660
17980.224609	-105.479973
17990.991211	-108.651840
18001.757813	-108.789085
18012.524414	-104.463799
18023.291016	-112.794495
18034.057617	-120.292961
18044.824219	-114.714066
18055.590820	-114.431595
18066.357422	-111.092125
18077.124023	-108.895897
18087.890625	-117.554916
18098.657227	-110.499657
18109.423828	-106.999084
18120.190430	-107.175690
18130.957031	-107.486458
18141.723633	-108.605621
18152.490234	-112.302689
18163.256836	-129.816284
18174.023438	-108.793343
18184.790039	-106.950089
18195.556641	-111.420021
18206.323242	-112.263107
18217.089844	-106.565979
18227.856445	-105.103622
18238.623047	-108.565063
18249.389648	-121.574501
18260.156250	-117.941307
18270.922852	-129.477921
18281.689453	-108.845955
18292.456055	-103.959564
18303.222656	-107.353500
18313.989258	-110.886360
18324.755859	-103.210670
18335.522461	-104.215263
18346.289063	-110.311554
18357.055664	-106.920822
18367.822266	-103.615715
18378.588867	-107.551643
18389.355469	-121.785530
18400.122070	-117.546997
18410.888672	-108.987053
18421.655273	-107.706421
18432.421875	-110.882698
18443.188477	-117.193657
18453.955078	-114.816109
18464.721680	-107.112907
18475.488281	-104.419991
18486.254883	-106.488365
18497.021484	-108.946945
18507.788086	-107.797150
18518.554688	-103.479294
18529.321289	-102.885193
18540.087891	-104.803299
18550.854492	-104.342400
18561.621094	-103.164291
18572.387695	-107.593353
18583.154297	-110.318542
18593.920898	-106.179886
18604.687500	-106.199837
18615.454102	-107.827194
18626.220703	-105.782875
18636.987305	-104.814102
18647.753906	-105.741493
18658.520508	-113.133430
18669.287109	-106.825302
18680.053711	-103.382195
18690.820313	-108.104912
18701.586914	-117.832352
18712.353516	-113.324593
18723.120117	-117.459755
18733.886719	-104.846329
18744.653320	-102.539589
18755.419922	-104.543518
18766.186523	-108.199539
18776.953125	-105.344276
18787.719727	-104.342300
18798.486328	-108.597946
18809.252930	-108.986313
18820.019531	-103.244751
18830.786133	-102.510750
18841.552734	-103.813835
18852.319336	-109.477104
18863.085938	-115.987434
18873.852539	-105.905228
18884.619141	-103.711998
18895.385742	-110.388344
18906.152344	-109.177597
18916.918945	-103.027412
18927.685547	-102.080513
18938.452148	-108.338638
18949.218750	-107.792374
18959.985352	-103.358521
18970.751953	-101.652611
18981.518555	-103.686165
18992.285156	-112.276802
19003.051758	-112.196594
19013.818359	-109.967674
19024.584961	-112.881813
19035.351563	-103.827072
19046.118164	-103.664841
19056.884766	-104.526451
19067.651367	-118.373085
19078.417969	-110.348091
19089.184570	-112.612930
19099.951172	-109.932144
19110.717773	-109.502647
19121.484375	-121.695580
19132.250977	-107.012154
19143.017578	-104.563377
19153.784180	-114.409286
19164.550781	-105.695755
19175.317383	-104.363785
19186.083984	-109.739853
19196.850586	-105.650780
19207.617188	-106.831123
19218.383789	-102.726303
19229.150391	-103.668045
19239.916992	-104.460724
19250.683594	-106.568260
19261.450195	-109.527321
19272.216797	-111.429443
19282.983398	-106.643372
19293.750000	-106.563850
19304.516602	-102.750923
19315.283203	-104.400215
19326.049805	-105.909348
19336.816406	-106.418816
19347.583008	-108.202850
19358.349609	-109.045723
19369.116211	-106.780083
19379.882813	-102.994995
19390.649414	-107.098335
19401.416016	-113.296524
19412.182617	-112.240349
19422.949219	-106.237961
19433.715820	-104.233376
19444.482422	-110.027939
19455.249023	-118.096718
19466.015625	-111.953812
19476.782227	-119.217033
19487.548828	-109.368172
19498.315430	-111.575134
19509.082031	-113.842728
19519.848633	-111.011002
19530.615234	-103.675537
19541.381836	-106.780983
19552.148438	-117.488976
19562.915039	-121.332863
19573.681641	-116.593422
19584.448242	-108.015694
19595.214844	-109.907440
19605.981445	-118.263451
19616.748047	-107.661774
19627.514648	-108.046181
19638.281250	-108.169563
19649.047852	-107.057831
19659.814453	-114.792519
19670.581055	-103.342232
19681.347656	-99.127457
19692.114258	-104.868332
19702.880859	-115.592888
19713.647461	-108.665306
19724.414063	-119.652588
19735.180664	-103.531700
19745.947266	-100.908005
19756.713867	-103.326187
19767.480469	-112.833435
19778.247070	-103.672089
19789.013672	-100.542625
19799.780273	-98.361542
19810.546875	-98.892136
19821.313477	-104.454933
19832.080078	-101.876297
19842.846680	-100.081703
19853.613281	-104.563881
19864.379883	-104.678818
19875.146484	-105.912659
19885.913086	-120.385246
19896.679688	-105.503197
19907.446289	-104.936951
19918.212891	-105.249924
19928.979492	-111.417809
19939.746094	-109.956314
19950.512695	-108.500450
19961.279297	-111.542870
19972.045898	-106.929901
19982.812500	-104.196945
19993.579102	-104.144516
20004.345703	-106.808434
20015.112305	-104.848305
20025.878906	-104.077545
20036.645508	-110.622932
20047.412109	-113.369095
20058.178711	-113.348518
20068.945313	-121.239418
20079.711914	-104.350655
20090.478516	-100.986305
20101.245117	-100.704796
20112.011719	-104.184822
20122.778320	-124.564697
20133.544922	-109.056450
20144.311523	-106.058098
20155.078125	-107.250351
20165.844727	-109.412163
20176.611328	-102.911896
20187.377930	-105.593307
20198.144531	-118.202393
20208.911133	-109.612747
20219.677734	-105.101471
20230.444336	-105.572601
20241.210938	-107.080376
20251.977539	-102.772331
20262.744141	-107.019058
20273.510742	-109.929596
20284.277344	-121.179649
20295.043945	-117.396721
20305.810547	-108.235275
20316.577148	-109.416534
20327.343750	-106.264511
20338.110352	-100.967911
20348.876953	-101.814293
20359.643555	-106.156418
20370.410156	-103.754883
20381.176758	-105.357010
20391.943359	-105.575996
20402.709961	-110.130806
20413.476563	-118.380791
20424.243164	-108.572800
20435.009766	-106.964897
20445.776367	-104.036003
20456.542969	-104.535088
20467.309570	-104.302475
20478.076172	-108.241714
20488.842773	-113.255074
20499.609375	-105.205826
20510.375977	-102.801575
20521.142578	-104.410042
20531.909180	-113.006905
20542.675781	-106.030380
20553.442383	-106.212540
20564.208984	-102.943466
20574.975586	-100.527420
20585.742188	-104.448883
20596.508789	-111.583641
20607.275391	-104.197914
20618.041992	-100.182571
20628.808594	-100.407745
20639.575195	-108.753540
20650.341797	-112.734970
20661.108398	-126.286461
20671.875000	-106.474716
20682.641602	-103.576591
20693.408203	-100.698601
20704.174805	-98.923393
20714.941406	-100.913597
20725.708008	-102.396523
20736.474609	-105.370346
20747.241211	-113.110695
20758.007813	-113.512833
20768.774414	-110.076622
20779.541016	-119.090240
20790.307617	-110.309326
20801.074219	-103.417198
20811.840820	-103.073708
20822.607422	-106.606834
20833.374023	-111.648369
20844.140625	-127.650101
20854.907227	-107.513245
20865.673828	-102.678017
20876.440430	-106.290939
20887.207031	-110.266937
20897.973633	-106.635529
20908.740234	-106.666573
20919.506836	-108.575294
20930.273438	-111.030304
20941.040039	-113.225220
20951.806641	-111.184731
20962.573242	-109.451912
20973.339844	-102.898392
20984.106445	-103.087563
20994.873047	-117.775063
21005.639648	-107.801132
21016.406250	-104.163246
21027.172852	-105.203491
21037.939453	-107.040504
21048.706055	-106.606720
21059.472656	-104.807793
21070.239258	-109.539032
21081.005859	-107.209259
21091.772461	-105.449364
21102.539063	-107.260300
21113.305664	-107.530121
21124.072266	-101.092499
21134.838867	-99.793655
21145.605469	-104.499695
21156.372070	-108.704376
21167.138672	-111.186691
21177.905273	-121.626503
21188.671875	-112.182159
21199.438477	-105.184578
21210.205078	-106.019974
21220.971680	-107.973007
21231.738281	-107.909393
21242.504883	-110.081375
21253.271484	-108.937454
21264.038086	-105.906662
21274.804688	-105.677826
21285.571289	-106.853767
21296.337891	-118.234123
21307.104492	-104.938446
21317.871094	-100.139206
21328.637695	-104.583199
21339.404297	-101.989822
21350.170898	-100.596298
21360.937500	-105.334496
21371.704102	-101.767998
21382.470703	-100.810577
21393.237305	-101.644547
21404.003906	-103.179688
21414.770508	-118.070488
21425.537109	-102.190323
21436.303711	-103.709595
21447.070313	-108.237503
21457.836914	-101.006920
21468.603516	-97.030914
21479.370117	-98.735291
21490.136719	-103.797813
21500.903320	-106.603363
21511.669922	-104.183784
21522.436523	-101.041504
21533.203125	-100.697067
21543.969727	-103.569038
21554.736328	-101.978394
21565.502930	-101.407715
21576.269531	-104.497139
21587.036133	-103.767174
21597.802734	-99.389595
21608.569336	-99.554199
21619.335938	-106.772110
21630.102539	-117.247116
21640.869141	-117.735535
21651.635742	-111.426590
21662.402344	-106.682617
21673.168945	-104.482948
21683.935547	-106.968758
21694.702148	-107.935852
21705.468750	-105.314720
21716.235352	-104.389435
21727.001953	-107.177834
21737.768555	-107.840630
21748.535156	-107.178879
21759.301758	-109.000710
21770.068359	-106.419861
21780.834961	-104.672935
21791.601563	-107.130844
21802.368164	-119.034912
21813.134766	-110.744621
21823.901367	-107.478195
21834.667969	-110.115257
21845.434570	-109.740181
21856.201172	-105.405678
21866.967773	-105.871620
21877.734375	-123.461823
21888.500977	-120.198769
21899.267578	-104.034462
21910.034180	-103.720879
21920.800781	-105.451241
21931.567383	-100.726105
21942.333984	-104.188606
21953.100586	-105.695419
21963.867188	-108.499878
21974.633789	-106.340462
21985.400391	-108.717575
21996.166992	-103.623001
22006.933594	-101.794395
22017.700195	-106.340225
22028.466797	-107.278969
22039.233398	-105.497078
