-0.00193560
-0.00225999
-0.00258443
-0.00234415
-0.00247167
-0.00309400
-0.00318521
-0.00341100
-0.00451366
-0.00545169
-0.00602297
-0.00758262
-0.01027591
-0.01296125
-0.01717483
-0.02478255
-0.03626185
-0.05561934
-0.09260845
-0.17138231
-0.36297640
-0.87577420
15.77898026
745.73889160
216.99844360
1.02143252
0.53104186
0.23305102
0.11984595
0.06907452
0.04261010
0.02871880
0.02036574
0.01445903
0.01057547
0.00841068
0.00655382
0.00492106
0.00393194
0.00344943
0.00266815
0.00213325
0.00208239
0.00192646
0.00148889
0.00106685
0.00117056
0.00102768
0.00079709
0.00094607
0.00063407
0.00042296
0.00038678
0.00055516
0.00033528
0.00036002
0.00049583
0.00022937
-0.00012942
0.00030604
0.00061775
0.00025296
-0.00007717
0.00053181
0.00050145
-0.00009460
-0.00004507
0.00057460
0.00033951
-0.00017249
0.00001992
0.00055129
-0.00008836
-0.00019097
0.00025898
0.00026680
-0.00012519
0.00014585
0.00041020
0.00009652
-0.00020820
0.00011308
0.00027484
-0.00014847
-0.00010988
0.00017328
0.00007925
-0.00017324
0.00000608
0.00019051
-0.00011084
-0.00006455
0.00008154
0.00000343
-0.00013496
0.00009226
0.00014186
-0.00011141
-0.00012054
0.00024441
-0.00000898
-0.00016340
0.00015162
0.00021054
-0.00021316
-0.00013924
0.00018404
0.00019612
-0.00018396
0.00009295
0.00028862
-0.00007615
-0.00009155
0.00056282
0.00052058
-0.00036542
-0.00022216
0.00033908
0.00007087
-0.00025270
0.00008118
0.00029219
-0.00017035
0.00020949
0.00026617
0.00018248
0.00000211
0.00014649
0.00004180
-0.00018458
-0.00020281
0.00046840
0.00016453
-0.00029421
-0.00008305
0.00051947
-0.00013783
-0.00070536
-0.00037206
0.00001260
-0.00050838
0.00004724
0.00011573
0.00048440
0.00000148
-0.00000504
0.00030069
-0.00087429
-0.00021232
0.00063103
-0.00015634
0.00018278
0.00031687
-0.00102633
-0.00026791
-0.00001744
0.00058210
-0.00012131
-0.00140693
0.00019082
0.00025205
0.00066043
0.00120237
-0.00000118
-0.00084738
-0.00037520
0.00131200
0.00134375
0.00002828
-0.00086860
0.00015731
0.00053243
-0.00113148
-0.00029900
0.00064794
-0.00024909
-0.00073247
0.00039645
0.00101565
-0.00080777
-0.00024722
-0.00001754
0.00036021
-0.00057805
-0.00019273
-0.00080760
-0.00116995
0.00014615
-0.00019908
-0.00018611
-0.00090450
-0.00012337
-0.00007229
0.00062903
0.00041438
0.00078511
0.00045326
0.00053343
0.00022708
0.00041832
-0.00011742
-0.00021089
0.00030736
-0.00076218
-0.00051415
0.00062001
-0.00027589
-0.00091177
-0.00110202
-0.00050484
0.00044864
-0.00128587
0.00061617
0.00074922
-0.00041338
-0.00012129
0.00041407
0.00033957
-0.00139933
-0.00064851
-0.00006697
-0.00080004
0.00008569
-0.00002881
-0.00016245
-0.00111385
-0.00017076
0.00066906
-0.00072583
0.00038511
-0.00048821
-0.00061818
0.00069115
0.00032591
-0.00015615
-0.00090615
0.00019688
-0.00012680
-0.00012724
-0.00039787
0.00066098
-0.00020846
-0.00030143
0.00054588
0.00041659
0.00010378
0.00007184
-0.00004540
0.00041790
0.00021836
-0.00106350
0.00001043
0.00090593
-0.00043884
-0.00105329
0.00080196
0.00050122
-0.00086648
-0.00079698
-0.00007494
0.00081858
0.00000923
0.00092420
-0.00011784
-0.00042185
-0.00000624
-0.00013621
-0.00028373
-0.00062853
-0.00059186
-0.00038323
-0.00044628
0.00055465
0.00041142
0.00001663
-0.00023866
0.00057353
0.00032030
-0.00038804
-0.00043309
0.00038893
0.00031766
0.00020839
0.00017582
0.00040980
0.00013455
-0.00001778
-0.00000398
0.00042413
0.00042753
0.00030901
-0.00034482
-0.00088002
-0.00040531
0.00048436
-0.00028864
-0.00100104
-0.00048147
0.00061790
0.00052486
-0.00062225
0.00028778
0.00045132
-0.00109934
-0.00025136
0.00112665
-0.00009044
-0.00127433
0.00072924
0.00050792
0.00019900
-0.00011309
0.00084192
0.00063608
0.00013364
0.00035512
-0.00003020
-0.00032032
-0.00008703
0.00019256
-0.00065795
0.00140194
0.00050290
0.00155323
0.00044283
-0.00022245
-0.00024095
0.00031054
0.00000528
0.00170492
0.00081192
-0.00003971
-0.00079260
-0.00183916
-0.00061459
0.00314882
0.00118350
0.00020873
-0.00297607
0.00048118
0.00178094
0.00277265
-0.00102665
-0.00234041
-0.00138244
0.00305192
0.00277174
0.00038246
0.00004189
-0.00243046
0.00170482
0.00052616
-0.00000949
-0.00280249
-0.00425438
-0.00176955
-0.00306418
-0.00226351
0.00066077
-0.00175629
-0.00167812
0.00159545
0.00299780
0.00020028
-0.00080558
0.00165604
0.00005697
-0.00042204
0.00060676
0.00332775
0.00363267
0.00247549
0.00058494
0.00135349
-0.00062778
0.00274304
0.00001824
-0.00110032
-0.00208156
-0.00453936
-0.00175529
-0.00309611
-0.00402939
-0.00020880
0.00215617
-0.00459864
0.00236726
0.00317566
0.00349027
-0.00341510
-0.00160489
0.00669575
0.00358447
0.00109649
-0.00473167
0.00249295
0.00340336
0.00208838
-0.00366036
-0.00552824
0.00090101
0.00284281
0.00356596
-0.00106568
0.00361926
-0.00439263
-0.00227912
-0.00093902
-0.00260264
0.00224460
0.00516511
0.00537287
-0.00038806
-0.00138934
-0.00090091
-0.00187344
-0.00276881
-0.00610137
-0.01045200
0.00420949
0.00418455
-0.00371962
-0.00186722
-0.00434200
0.00275418
-0.00041990
-0.00820395
-0.00968030
-0.00403738
-0.00355999
0.00191437
0.00290792
0.00037234
0.01069501
-0.00086594
-0.00360443
0.00083918
-0.00570376
0.00290197
0.00415630
-0.00159960
0.00148067
0.00040901
-0.00282346
-0.00122604
-0.00736061
-0.00633315
-0.01144642
-0.00927809
-0.00273360
0.00311492
0.00946417
-0.00497606
0.00441401
0.00902369
-0.00113409
-0.00043558
-0.00849792
-0.00759759
-0.00038483
-0.00325832
-0.00910754
0.00104433
-0.00033367
-0.00008138
0.00002723
-0.00289309
-0.00187472
0.00320654
-0.00351988
-0.00878038
-0.01218176
-0.01065702
0.00125348
0.00647275
0.00441701
-0.00314862
-0.00669438
-0.00154911
-0.00003087
0.00299862
-0.00513722
-0.00749002
-0.00033533
-0.00118367
-0.00434648
-0.00324069
-0.00683204
0.00114649
-0.00338905
-0.00356593
-0.00138458
0.01050154
0.00133786
-0.00603699
0.00077222
-0.00488541
-0.00966748
-0.00494062
-0.00100345
-0.00273625
-0.00163916
0.00581606
-0.00148737
-0.00558515
-0.00118399
0.00361231
0.00473674
-0.00200499
-0.00203379
-0.00289552
-0.00427660
