2.002808e+000  
2.003067e+000  
2.006401e+000  
2.010607e+000  
2.016901e+000  
2.025570e+000  
2.036937e+000  
2.047947e+000  
2.063403e+000  
2.079643e+000  
2.098954e+000  
2.120248e+000  
2.144501e+000  
2.170571e+000  
2.202349e+000  
2.231725e+000  
2.269311e+000  
2.308243e+000  
2.353073e+000  
2.399409e+000  
2.452638e+000  
2.509140e+000  
2.574113e+000  
2.641655e+000  
2.718767e+000  
2.803629e+000  
2.897958e+000  
3.000613e+000  
3.117796e+000  
3.245843e+000  
3.394184e+000  
3.553436e+000  
3.741459e+000  
3.953270e+000  
4.197014e+000  
4.475523e+000  
4.802794e+000  
5.182016e+000  
5.630742e+000  
6.145918e+000  
6.736333e+000  
7.337609e+000  
7.694163e+000  
6.576511e+000  
-3.630114e+000  
-1.497241e+002  
9.037251e+002  
-8.184675e+002  
9.670345e+001  
2.007509e+000  
-5.920291e+000  
-6.699164e+000  
-6.285079e+000  
-5.675294e+000  
-5.095772e+000  
-4.578689e+000  
-4.141276e+000  
-3.765708e+000  
-3.443181e+000  
-3.164079e+000  
-2.923295e+000  
-2.710078e+000  
-2.526491e+000  
-2.356729e+000  
-2.211020e+000  
-2.079361e+000  
-1.960330e+000  
-1.851692e+000  
-1.754505e+000  
-1.664436e+000  
-1.583350e+000  
-1.507290e+000  
-1.438424e+000  
-1.374241e+000  
-1.315559e+000  
-1.259575e+000  
-1.209065e+000  
-1.160560e+000  
-1.117141e+000  
-1.073288e+000  
-1.035139e+000  
-1.000009e+000  
-9.611368e-001  
-9.304512e-001  
-8.993994e-001  
-8.703345e-001  
-8.426089e-001  
-8.159783e-001  
-7.912331e-001  
-7.672791e-001  
-7.453154e-001  
-7.233149e-001  
-7.029744e-001  
-6.834366e-001  
-6.655767e-001  
-6.465498e-001  
-6.302003e-001  
-6.135784e-001  
-5.978811e-001  
-5.832133e-001  
-5.689176e-001  
-5.549331e-001  
-5.421286e-001  
-5.283506e-001  
-5.169109e-001  
-5.050159e-001  
-4.935335e-001  
-4.825661e-001  
-4.722162e-001  
-4.614859e-001  
-4.538743e-001  
-4.409354e-001  
-4.333896e-001  
-4.249982e-001  
-4.156768e-001  
-4.074472e-001  
-4.001757e-001  
-3.915201e-001  
-3.843900e-001  
-3.770804e-001  
-3.696777e-001  
-3.637573e-001  
-3.565507e-001  
-3.495744e-001  
-3.441403e-001  
-3.376543e-001  
-3.318021e-001  
-3.262407e-001  
-3.202493e-001  
-3.152509e-001  
-3.102302e-001  
-3.043026e-001  
-2.999621e-001  
-2.949044e-001  
-2.897574e-001  
-2.860129e-001  
-2.808743e-001  
-2.765566e-001  
-2.726937e-001  
-2.677357e-001  
-2.643257e-001  
-2.605948e-001  
-2.561828e-001  
-2.525324e-001  
-2.492051e-001  
-2.452833e-001  
-2.417904e-001  
-2.383253e-001  
-2.348863e-001  
-2.321417e-001  
-2.285613e-001  
-2.255521e-001  
-2.227190e-001  
-2.190968e-001  
-2.164230e-001  
-2.139985e-001  
-2.106139e-001  
-2.085947e-001  
-2.057221e-001  
-2.023655e-001  
-2.006146e-001  
-1.976060e-001  
-1.953033e-001  
-1.932797e-001  
-1.904011e-001  
-1.883974e-001  
-1.863212e-001  
-1.833380e-001  
-1.817883e-001  
-1.795399e-001  
-1.773127e-001  
-1.756428e-001  
-1.733181e-001  
-1.710430e-001  
-1.702575e-001  
-1.668095e-001  
-1.657894e-001  
-1.643747e-001  
-1.615423e-001  
-1.603684e-001  
-1.587563e-001  
-1.566546e-001  
-1.553118e-001  
-1.534758e-001  
-1.519366e-001  
-1.505764e-001  
-1.488461e-001  
-1.470709e-001  
-1.459581e-001  
-1.441903e-001  
-1.429372e-001  
-1.415904e-001  
-1.399528e-001  
-1.386600e-001  
-1.374423e-001  
-1.357237e-001  
-1.348644e-001  
-1.334807e-001  
-1.319040e-001  
-1.310743e-001  
-1.297258e-001  
-1.282657e-001  
-1.274402e-001  
-1.259195e-001  
-1.248299e-001  
-1.242541e-001  
-1.226299e-001  
-1.213610e-001  
-1.203380e-001  
-1.225376e-001  
-1.146908e-001  
-1.180792e-001  
-1.162137e-001  
-1.156202e-001  
-1.141205e-001  
-1.132236e-001  
-1.126167e-001  
-1.112360e-001  
-1.104288e-001  
-1.099680e-001  
-1.084366e-001  
-1.079881e-001  
-1.071030e-001  
-1.056068e-001  
-1.053415e-001  
-1.046171e-001  
-1.029770e-001  
-1.035759e-001  
-1.013827e-001  
-1.011547e-001  
-1.007921e-001  
-9.895780e-002  
-9.909279e-002  
-9.832998e-002  
-9.695130e-002  
-9.689535e-002  
-9.573029e-002  
-9.469488e-002  
-9.507853e-002  
-9.342812e-002  
-9.307550e-002  
-9.299465e-002  
-9.106098e-002  
-9.108499e-002  
-9.065162e-002  
-8.964036e-002  
-8.894154e-002  
-8.901967e-002  
-8.766560e-002  
-8.736818e-002  
-8.639735e-002  
-8.611611e-002  
-8.552130e-002  
-8.495025e-002  
-8.424760e-002  
-8.386862e-002  
-8.327024e-002  
-8.278120e-002  
-8.233948e-002  
-8.121889e-002  
-8.133077e-002  
-8.068590e-002  
-7.949860e-002  
-8.007199e-002  
-7.881856e-002  
-7.819296e-002  
-7.824825e-002  
-7.715712e-002  
-7.719748e-002  
-7.701184e-002  
-7.543918e-002  
-7.557622e-002  
-7.529317e-002  
-7.473578e-002  
-7.471877e-002  
-7.290813e-002  
-7.373937e-002  
-7.313485e-002  
-7.234453e-002  
-7.147816e-002  
-7.222694e-002  
-7.105722e-002  
-7.076735e-002  
-7.071444e-002  
-6.993584e-002  
-6.969990e-002  
-6.854696e-002  
-6.901941e-002  
-6.840646e-002  
-6.776391e-002  
-6.782938e-002  
-6.815320e-002  
-6.640477e-002  
-6.556726e-002  
-6.715342e-002  
-6.540935e-002  
-6.581660e-002  
-6.552204e-002  
-6.389627e-002  
-6.457169e-002  
-6.430015e-002  
-6.348912e-002  
-6.342208e-002  
-6.394615e-002  
-6.231145e-002  
-6.186887e-002  
-6.304398e-002  
-6.118805e-002  
-6.172066e-002  
-6.110362e-002  
-6.103356e-002  
-6.104168e-002  
-5.965727e-002  
-6.051680e-002  
-5.962260e-002  
-5.811465e-002  
-6.076566e-002  
-5.819113e-002  
-5.815827e-002  
-5.863179e-002  
-5.779821e-002  
-5.807343e-002  
-5.673603e-002  
-5.811833e-002  
-5.552282e-002  
-5.755091e-002  
-5.637475e-002  
-5.532969e-002  
-5.664063e-002  
-5.456372e-002  
-5.585154e-002  
-5.594287e-002  
-5.338120e-002  
-5.584870e-002  
-5.300916e-002  
-5.552227e-002  
-5.378980e-002  
-5.363899e-002  
-5.301134e-002  
-5.291873e-002  
-5.271352e-002  
-5.329299e-002  
-5.170388e-002  
-5.201020e-002  
-5.346856e-002  
-5.085711e-002  
-5.176296e-002  
-5.148031e-002  
-5.020580e-002  
-5.121385e-002  
-5.103763e-002  
-5.001233e-002  
-5.120361e-002  
-4.966332e-002  
-4.950621e-002  
-5.100558e-002  
-4.829152e-002  
-4.936124e-002  
-5.009529e-002  
-4.795263e-002  
-4.880409e-002  
-4.846969e-002  
-4.846520e-002  
-4.867462e-002  
-4.740995e-002  
-4.735617e-002  
-4.828510e-002  
-4.701346e-002  
-4.730858e-002  
-4.695972e-002  
-4.731386e-002  
-4.516751e-002  
-4.776806e-002  
-4.603409e-002  
-4.560074e-002  
-4.545752e-002  
-4.594365e-002  
-4.570883e-002  
-4.560799e-002  
-4.482603e-002  
-4.612337e-002  
-4.397552e-002  
-4.480609e-002  
-4.506392e-002  
-4.462847e-002  
-4.402245e-002  
-4.342231e-002  
-4.526444e-002  
-4.363787e-002  
-4.394482e-002  
-4.256580e-002  
-4.421903e-002  
-4.269259e-002  
-4.300486e-002  
-4.224608e-002  
-4.361352e-002  
-4.249080e-002  
-4.245474e-002  
-4.175340e-002  
-4.258773e-002  
-4.228168e-002  
-4.190191e-002  
-4.191219e-002  
-4.206800e-002  
-4.105010e-002  
-4.104357e-002  
-4.208103e-002  
-4.023345e-002  
-4.178513e-002  
-4.160778e-002  
-3.986325e-002  
-4.035379e-002  
-4.072686e-002  
-4.002367e-002  
-4.117572e-002  
-3.885621e-002  
-4.104709e-002  
-3.884263e-002  
-4.033831e-002  
-4.013932e-002  
-3.857182e-002  
-3.829201e-002  
-4.077541e-002  
-3.870621e-002  
-3.817368e-002  
-3.983040e-002  
-3.805394e-002  
-3.933180e-002  
-3.924173e-002  
-3.778230e-002  
-3.845548e-002  
-3.871416e-002  
-3.761471e-002  
-3.840978e-002  
-3.691768e-002  
-3.705456e-002  
-3.946778e-002  
-3.683218e-002  
-3.817094e-002  
-3.701355e-002  
-3.722401e-002  
-3.697043e-002  
-3.806911e-002  
-3.633049e-002  
-3.666405e-002  
-3.717349e-002  
-3.672852e-002  
-3.637075e-002  
-3.644681e-002  
-3.562869e-002  
-3.769481e-002  
-3.578284e-002  
-3.623271e-002  
-3.596267e-002  
-3.492603e-002  
-3.624874e-002  
-3.697497e-002  
-3.549831e-002  
-3.477579e-002  
-3.520888e-002  
-3.582981e-002  
-3.455037e-002  
-3.598490e-002  
-3.529332e-002  
-3.355312e-002  
-4.105377e-002  
-2.846527e-002  
-3.533173e-002  
-3.443353e-002  
-3.350723e-002  
-3.553703e-002  
-3.448945e-002  
-3.386953e-002  
-3.388336e-002  
-3.404719e-002  
-3.370939e-002  
-3.405741e-002  
-3.395647e-002  
-3.431116e-002  
-3.349623e-002  
-3.266220e-002  
-3.418115e-002  
-3.370559e-002  
-3.271122e-002  
-3.340207e-002  
-3.288081e-002  
-3.226310e-002  
-3.372271e-002  
-3.253587e-002  
-3.313804e-002  
-3.264643e-002  
-3.267035e-002  
-3.254731e-002  
-3.269751e-002  
-3.262453e-002  
-3.283317e-002  
-3.181680e-002  
-3.266826e-002  
-3.162908e-002  
-3.199033e-002  
-3.336687e-002  
-3.086212e-002  
-3.188735e-002  
-3.302436e-002  
-3.085298e-002  
-3.224486e-002  
-3.195034e-002  
-2.988973e-002  
-3.270017e-002  
-3.155977e-002  
-3.053771e-002  
-3.284716e-002  
-3.071626e-002  
-3.057587e-002  
-3.191141e-002  
-2.989544e-002  
-3.177179e-002  
-3.049823e-002  
-3.105585e-002  
-3.158263e-002  
-2.977072e-002  
-3.101293e-002  
-3.077148e-002  
-3.093642e-002  
-2.933079e-002  
-3.112419e-002  
-3.057218e-002  
-2.989495e-002  
-3.071458e-002  
-3.020945e-002  
-2.977130e-002  
-2.980510e-002  
-3.007557e-002  
-2.981762e-002  
-3.020713e-002  
-2.964893e-002  
-3.044973e-002  
-2.882522e-002  
-3.020555e-002  
-2.928525e-002  
-2.989841e-002  
-2.894976e-002  
-2.999094e-002  
-2.960802e-002  
-2.864522e-002  
-2.974673e-002  
-2.883987e-002  
-2.971037e-002  
-2.912180e-002  
-2.865078e-002  
-2.925748e-002  
-2.912075e-002  
-2.826018e-002  
-2.962451e-002  
-2.845348e-002  
-2.866184e-002  
-2.910843e-002  
-2.810458e-002  
-2.895690e-002  
-2.843913e-002  
-2.799752e-002  
-2.933361e-002  
-2.786314e-002  
-2.837064e-002  
-2.799032e-002  
-2.841712e-002  
-2.804114e-002  
-2.856192e-002  
-2.770578e-002  
-2.852133e-002  
-2.783103e-002  
-2.776568e-002  
-2.790764e-002  
-2.799275e-002  
-2.787229e-002  
-2.804478e-002  
-2.722534e-002  
-2.807229e-002  
-2.715731e-002  
-2.804345e-002  
-2.719477e-002  
-2.757572e-002  
-2.777735e-002  
-2.678083e-002  
-2.821126e-002  
-2.618205e-002  
-2.768621e-002  
-2.773885e-002  
-2.658494e-002  
-2.725790e-002  
-2.727165e-002  
-2.631162e-002  
-2.795449e-002  
-2.679569e-002  
-2.653832e-002  
-2.734772e-002  
-2.615584e-002  
-2.752648e-002  
-2.601429e-002  
-2.650794e-002  
-2.744925e-002  
-2.621929e-002  
-2.620867e-002  
-2.739142e-002  
-2.590254e-002  
-2.608387e-002  
-2.752785e-002  
-2.496148e-002  
-2.658534e-002  
-2.727680e-002  
-2.511290e-002  
-2.747811e-002  
-2.614851e-002  
-2.432224e-002  
-2.762803e-002  
-2.637165e-002  
-2.511183e-002  
-2.651377e-002  
-2.547373e-002  
-2.663268e-002  
-2.564763e-002  
-2.547310e-002  
-2.591420e-002  
-2.662939e-002  
-2.464299e-002  
-2.622511e-002  
-2.461008e-002  
-2.609309e-002  
-2.540996e-002  
-2.534761e-002  
-2.518256e-002  
-2.661212e-002  
-2.565447e-002  
-2.483137e-002  
-2.540772e-002  
-2.456705e-002  
-2.542787e-002  
-2.610128e-002  
-2.484503e-002  
-2.437482e-002  
-2.609456e-002  
-2.565959e-002  
-2.333571e-002  
-2.623854e-002  
-2.479872e-002  
-2.574968e-002  
-2.330917e-002  
-2.703288e-002  
-2.451465e-002  
-2.388715e-002  
-2.495719e-002  
-2.515750e-002  
-2.521111e-002  
-2.460122e-002  
-2.410688e-002  
-2.482047e-002  
-2.476595e-002  
-2.529380e-002  
-2.246061e-002  
-2.674902e-002  
-2.401291e-002  
-2.490087e-002  
-2.437158e-002  
-2.373737e-002  
-2.487130e-002  
-2.248988e-002  
-2.658564e-002  
-2.384512e-002  
-2.542096e-002  
-2.505945e-002  
-2.065564e-002  
-2.829427e-002  
-2.337610e-002  
-2.370184e-002  
-2.337190e-002  
-2.321563e-002  
-2.786893e-002  
-2.176279e-002  
-2.311289e-002  
-2.594155e-002  
-2.247217e-002  
-2.656314e-002  
-2.054190e-002  
-2.498510e-002  
-2.501861e-002  
-2.135207e-002  
-2.584668e-002  
-2.138205e-002  
-2.560274e-002  
-2.533219e-002  
-2.009886e-002  
-2.710701e-002  
-2.099465e-002  
-2.608736e-002  
-2.333866e-002  
-2.263930e-002  
-2.265629e-002  
-2.201131e-002  
-2.647160e-002  
-2.229444e-002  
-2.134745e-002  
-2.662602e-002  
-2.305154e-002  
-2.214354e-002  
-2.303853e-002  
-2.353414e-002  
-2.622588e-002  
-1.806305e-002  
-2.753513e-002  
-2.017013e-002  
-2.486169e-002  
-2.238420e-002  
-2.648430e-002  
-1.869776e-002  
-2.547269e-002  
-2.360900e-002  
-2.169200e-002  
-2.179041e-002  
-2.433382e-002  
-2.008207e-002  
-2.433845e-002  
-2.478155e-002  
-1.883695e-002  
-2.614245e-002  
-1.956546e-002  
-2.511465e-002  
-2.216004e-002  
-1.991749e-002  
-2.388514e-002  
-2.513563e-002  
-2.120206e-002  
-2.389973e-002  
-2.287602e-002  
-2.237676e-002  
-2.268627e-002  
-2.124930e-002  
-2.213172e-002  
-2.579401e-002  
-1.914026e-002  
-2.583812e-002  
-1.847951e-002  
-2.525099e-002  
-1.998341e-002  
-2.471924e-002  
-2.244165e-002  
-2.317744e-002  
-2.065300e-002  
-2.296763e-002  
-2.370570e-002  
-2.292155e-002  
-1.882058e-002  
-2.548903e-002  
-2.247173e-002  
-2.042233e-002  
-2.277628e-002  
-2.113994e-002  
-2.377714e-002  
-1.776399e-002  
-2.693556e-002  
-1.868627e-002  
-2.374666e-002  
-2.156382e-002  
-2.537289e-002  
-1.722646e-002  
-2.601833e-002  
-1.906590e-002  
-2.146488e-002  
-2.293288e-002  
-1.851118e-002  
-2.123787e-002  
-2.827306e-002  
-1.949208e-002  
-1.867768e-002  
-2.610040e-002  
-1.898562e-002  
-2.526139e-002  
-1.750576e-002  
-2.272074e-002  
-2.560064e-002  
-1.587670e-002  
-2.333079e-002  
-2.477358e-002  
-1.400753e-002  
-2.893963e-002  
-1.879283e-002  
-2.413051e-002  
-1.978828e-002  
-1.958684e-002  
-2.738297e-002  
-1.799670e-002  
-1.804374e-002  
-2.697715e-002  
-1.843546e-002  
-2.417649e-002  
-1.803498e-002  
-1.878656e-002  
-2.570243e-002  
-1.855266e-002  
-2.872242e-002  
-1.894881e-002  
-1.943055e-002  
-2.162028e-002  
-2.010168e-002  
-3.139322e-002  
-1.765014e-002  
-1.739879e-002  
-2.296045e-002  
-2.531669e-002  
-1.654188e-002  
-2.062808e-002  
-2.632723e-002  
-1.555858e-002  
-2.381540e-002  
-2.302516e-002  
-2.243405e-002  
-1.899893e-002  
-2.391526e-002  
-1.930768e-002  
-1.788179e-002  
-2.533321e-002  
-1.574178e-002  
-2.706833e-002  
-1.450139e-002  
-2.242587e-002  
-2.177445e-002  
-2.032528e-002  
-2.248540e-002  
-1.913826e-002  
-2.259124e-002  
-2.295909e-002  
-2.306265e-002  
-1.623605e-002  
-2.279252e-002  
-1.756372e-002  
-2.615022e-002  
-9.759903e-003  
-3.297204e-002  
-1.718159e-002  
-1.481093e-002  
-2.726330e-002  
-1.594098e-002  
-2.067241e-002  
-2.561354e-002  
-1.748491e-002  
-2.177187e-002  
-1.757791e-002  
-2.549561e-002  
-1.735218e-002  
-1.709552e-002  
-2.773810e-002  
-2.052563e-002  
-1.449775e-002  
-2.827341e-002  
-8.744475e-003  
-3.179732e-002  
-1.815154e-002  
-2.425513e-002  
-1.368594e-002  
-2.338034e-002  
-1.846026e-002  
-1.884867e-002  
-2.730800e-002  
-1.654295e-002  
-1.624405e-002  
-2.236862e-002  
-3.283181e-002  
-8.137424e-003  
-2.353215e-002  
-2.215651e-002  
-1.856389e-002  
-2.424904e-002  
-1.627769e-002  
-1.811231e-002  
-2.136499e-002  
-2.820522e-002  
-1.536570e-002  
-1.597469e-002  
-2.651381e-002  
-1.542699e-002  
-2.143123e-002  
-2.168616e-002  
-1.660101e-002  
-1.794358e-002  
-2.562783e-002  
-1.862566e-002  
-1.249259e-002  
-2.295636e-002  
-2.271828e-002  
-2.148321e-002  
-1.516563e-002  
-2.838076e-002  
-1.340014e-002  
-2.552950e-002  
-1.111557e-002  
-3.192287e-002  
-8.045167e-003  
-2.969303e-002  
-1.489967e-002  
-2.228018e-002  
-1.841684e-002  
-1.704671e-002  
-2.877337e-002  
-8.126833e-003  
-2.229330e-002  
-2.750989e-002  
-1.651290e-002  
-1.521827e-002  
-3.126920e-002  
-8.913703e-003  
-2.030195e-002  
-2.175192e-002  
-2.037039e-002  
-1.998822e-002  
-1.729239e-002  
-2.921940e-002  
-8.801542e-003  
-2.849934e-002  
-1.906405e-002  
-1.912641e-002  
-1.666687e-002  
-2.146836e-002  
-1.183598e-002  
-3.012414e-002  
-1.429080e-002  
-1.798187e-002  
-2.465695e-002  
-2.087643e-002  
-1.743166e-002  
-1.813567e-002  
-1.735552e-002  
-1.838256e-002  
-1.878373e-002  
-2.281478e-002  
-1.575360e-002  
-2.308564e-002  
-2.481750e-002  
-1.530683e-002  
-1.689105e-002  
-2.305835e-002  
-1.523098e-002  
-2.912617e-002  
-8.941792e-003  
-3.075697e-002  
-3.775261e-003  
-3.118788e-002  
-1.789755e-002  
-1.799133e-002  
-2.339436e-002  
-1.201425e-002  
-2.538373e-002  
-1.477991e-002  
-2.167818e-002  
-2.315828e-002  
-1.284014e-002  
-2.649094e-002  
-1.436706e-002  
-1.957478e-002  
-1.718935e-002  
-1.984468e-002  
-2.348359e-002  
-1.610991e-002  
-2.019888e-002  
-2.450585e-002  
-8.735180e-003  
-2.653867e-002  
-1.445147e-002  
-1.984242e-002  
-2.405792e-002  
-2.080989e-002  
-1.315132e-002  
-2.331001e-002  
-1.627591e-002  
-2.112931e-002  
-1.159453e-002  
-2.752340e-002  
-1.866902e-002  
-1.574230e-002  
-2.571106e-002  
-1.411438e-002  
-1.763248e-002  
-2.250138e-002  
-1.383513e-002  
-2.257466e-002  
-2.834564e-002  
-7.629395e-003  
-2.734149e-002  
-1.600331e-002  
-8.677721e-003  
-2.578482e-002  
-2.030370e-002  
-1.828527e-002  
-1.940328e-002  
-2.367929e-002  
-8.366346e-003  
-2.855089e-002  
-1.061198e-002  
-2.372298e-002  
-1.717177e-002  
-1.941356e-002  
-1.731387e-002  
-2.141401e-002  
-1.443684e-002  
-2.156207e-002  
-2.354488e-002  
-1.220381e-002  
-2.266401e-002  
-2.015731e-002  
-1.262629e-002  
-2.507567e-002  
-1.642486e-002  
-2.048224e-002  
-2.087766e-002  
-1.494330e-002  
-2.313933e-002  
-1.316145e-002  
-2.136970e-002  
-2.076976e-002  
-1.272257e-002  
-2.039286e-002  
-1.975667e-002  
-2.175096e-002  
-1.233611e-002  
-2.361847e-002  
-1.919983e-002  
