2.00280690
2.00611734
2.01694226
2.03636599
2.06343532
2.09871984
2.14458966
2.20111680
2.26911139
2.35202217
2.45274973
2.57342482
2.71886611
2.89771461
3.11799216
3.39193749
3.74152160
4.19662046
4.80298233
5.62893677
6.73657513
7.69316196
-3.63024521
903.78515625
96.70659637
-5.91970634
-6.28536415
-5.09398699
-4.14145374
-3.44298863
-2.92347479
-2.52431941
-2.21104741
-1.96017504
-1.75455332
-1.58282578
-1.43845665
-1.31548154
-1.20910943
-1.11618698
-1.03527451
-0.96356761
-0.89943647
-0.84234482
-0.79128605
-0.74531138
-0.70303011
-0.66495603
-0.63022053
-0.59787649
-0.56894195
-0.54194129
-0.51692665
-0.49353799
-0.47225338
-0.45214063
-0.43325517
-0.41612324
-0.40021020
-0.38430908
-0.36970890
-0.35657385
-0.34417063
-0.33148640
-0.32025144
-0.31022128
-0.29997006
-0.28966948
-0.28087962
-0.27270988
-0.26433641
-0.25588959
-0.24921104
-0.24215835
-0.23489498
-0.22850595
-0.22273004
-0.21643966
-0.21062550
-0.20552698
-0.20061772
-0.19532745
-0.19040655
-0.18627580
-0.18179084
-0.17732738
-0.17332700
-0.16967645
-0.16576351
-0.16190688
-0.15876248
-0.15530302
-0.15194425
-0.14887211
-0.14596330
-0.14282563
-0.13994868
-0.13745512
-0.13485745
-0.13187605
-0.12971382
-0.12744135
-0.12481042
-0.12249629
-0.12073494
-0.11855917
-0.11620367
-0.11414062
-0.11265048
-0.11047412
-0.10846145
-0.10704686
-0.10535875
-0.10301340
-0.10139772
-0.10079350
-0.09910522
-0.09698202
-0.09574481
-0.09475763
-0.09307903
-0.09138193
-0.09066247
-0.08895530
-0.08767821
-0.08643606
-0.08553245
-0.08420186
-0.08327109
-0.08236772
-0.08133152
-0.07950293
-0.07881991
-0.07827297
-0.07719960
-0.07540052
-0.07531592
-0.07502959
-0.07373999
-0.07236352
-0.07223105
-0.07079395
-0.06993947
-0.06852742
-0.06840821
-0.06785300
-0.06640643
-0.06716394
-0.06581970
-0.06392626
-0.06430241
-0.06335746
-0.06232108
-0.06332421
-0.06172212
-0.06104899
-0.05966208
-0.05965285
-0.06076828
-0.05816476
-0.05779688
-0.05675810
-0.05552020
-0.05639048
-0.05663789
-0.05587424
-0.05337558
-0.05301933
-0.05391884
-0.05429297
-0.05271010
-0.05173757
-0.05347943
-0.05179929
-0.05021380
-0.05105668
-0.05120900
-0.04953629
-0.04829551
-0.05011556
-0.04880748
-0.04849906
-0.04741276
-0.04826724
-0.04732725
-0.04756632
-0.04776957
-0.04562800
-0.04594736
-0.04563442
-0.04612537
-0.04482534
-0.04462681
-0.04344887
-0.04363542
-0.04258673
-0.04269174
-0.04227255
-0.04248880
-0.04177643
-0.04230492
-0.04217875
-0.04104672
-0.04210665
-0.04178533
-0.03989036
-0.04072579
-0.04120100
-0.04104463
-0.04036420
-0.03856969
-0.04080211
-0.03817072
-0.03807978
-0.03923792
-0.03847788
-0.03763396
-0.03715603
-0.03946122
-0.03819630
-0.03721995
-0.03808878
-0.03665573
-0.03675593
-0.03643164
-0.03770566
-0.03621346
-0.03494056
-0.03694868
-0.03477202
-0.03578975
-0.03597963
-0.03418364
-0.03437096
-0.03440954
-0.03561731
-0.03391195
-0.03410888
-0.03408788
-0.03438335
-0.03268513
-0.03375491
-0.03342058
-0.03230941
-0.03255263
-0.03269175
-0.03256134
-0.03272678
-0.03185797
-0.03186999
-0.03337656
-0.03193443
-0.03086434
-0.03198978
-0.03271017
-0.03060956
-0.03071613
-0.03194049
-0.03177190
-0.03109019
-0.02977197
-0.03080171
-0.02933121
-0.03062942
-0.03073746
-0.02998200
-0.03007585
-0.03024728
-0.03045156
-0.03023552
-0.02989905
-0.03004338
-0.02864669
-0.02887100
-0.02912286
-0.02930064
-0.02826186
-0.02848564
-0.02910909
-0.02905672
-0.02802877
-0.02807995
-0.02798891
-0.02807931
-0.02770797
-0.02786233
-0.02790887
-0.02792928
-0.02722297
-0.02718615
-0.02719215
-0.02781793
-0.02820828
-0.02770919
-0.02657920
-0.02733431
-0.02805881
-0.02747619
-0.02615177
-0.02605694
-0.02745647
-0.02624468
-0.02590754
-0.02759543
-0.02658989
-0.02514340
-0.02615283
-0.02767025
-0.02511646
-0.02550670
-0.02564935
-0.02607159
-0.02468227
-0.02482803
-0.02540926
-0.02522890
-0.02565719
-0.02544284
-0.02542920
-0.02491037
-0.02609358
-0.02336779
-0.02479786
-0.02335005
-0.02451449
-0.02498712
-0.02521051
-0.02418252
-0.02478989
-0.02267175
-0.02401132
-0.02441633
-0.02487235
-0.02661655
-0.02542164
-0.02072030
-0.02337650
-0.02340084
-0.02786976
-0.02315969
-0.02247349
-0.02057275
-0.02501826
-0.02600879
-0.02563986
-0.02030635
-0.02099073
-0.02338141
-0.02265589
-0.02649931
-0.02134371
-0.02312001
-0.02303240
-0.02624865
-0.02752775
-0.02489623
-0.02647545
-0.02548900
-0.02167667
-0.02439042
-0.02458100
-0.02110023
-0.01955570
-0.02222930
-0.02390211
-0.02124391
-0.02288749
-0.02276802
-0.02214059
-0.01917658
-0.01848661
-0.02003697
-0.02244927
-0.02069057
-0.02371010
-0.01902877
-0.02251442
-0.02297777
-0.02377984
-0.02698635
-0.02375203
-0.02540928
-0.02602246
-0.02154804
-0.01851028
-0.02830126
-0.01867730
-0.01903434
-0.01750612
-0.02563274
-0.02332935
-0.01408271
-0.01881828
-0.01998426
-0.02738128
-0.01809028
-0.01843605
-0.01806408
-0.02570177
-0.02880740
-0.01943204
-0.02013198
-0.01765085
-0.02300891
-0.01654416
-0.02635945
-0.02381456
-0.02264121
-0.02395010
-0.01806626
-0.01573979
-0.01454684
-0.02177555
-0.02251606
-0.02259024
-0.02314191
-0.02278975
-0.02617669
-0.03296760
-0.01485092
-0.01593657
-0.02563912
-0.02176556
-0.02557426
-0.01718779
-0.02136568
-0.02826945
-0.03185251
-0.02426065
-0.02341390
-0.01885085
-0.01663328
-0.02237128
-0.00816737
-0.02215831
-0.02430242
-0.01811432
-0.02823865
-0.01597396
-0.01565743
-0.02172812
-0.01813080
-0.01862335
-0.02300987
-0.02148313
-0.02841238
-0.02552902
-0.03201270
-0.02969020
-0.02230527
-0.01704267
-0.00817114
-0.02750727
-0.01524587
-0.00891027
-0.02183638
-0.02001060
-0.02941085
-0.02849431
-0.01917579
-0.02146542
-0.03015210
-0.01797615
-0.02095450
-0.01813077
-0.01840565
-0.02281061
-0.02313115
-0.01530174
-0.02308369
-0.02911873
-0.03097703
-0.03122004
-0.01816179
-0.01200030
-0.01481547
-0.02314639
-0.02650866
-0.01955931
-0.01992254
-0.01608604
-0.02451120
-0.02650952
-0.01985951
-0.02076936
-0.02329258
-0.02106646
-0.02756650
-0.01672008
-0.02316375
-0.02246413
-0.02269988
-0.00769497
-0.01608935
-0.02583290
-0.01841505
-0.02371593
-0.02861605
-0.02375438
-0.01949348
-0.02144133
-0.02161664
-0.01222372
-0.02045215
-0.02513960
-0.02068121
-0.01496000
-0.01322730
-0.02078828
-0.02044145
-0.02176903
-0.02373481
