-1.936018e-003  
-2.498131e-003  
-1.996897e-003  
-2.374016e-003  
-2.574304e-003  
-2.518751e-003  
-1.813635e-003  
-3.166020e-003  
-2.473042e-003  
-2.945831e-003  
-2.839442e-003  
-3.213141e-003  
-3.160993e-003  
-4.124254e-003  
-2.287388e-003  
-5.326211e-003  
-3.965974e-003  
-5.227685e-003  
-4.497647e-003  
-6.305575e-003  
-5.995531e-003  
-7.691340e-003  
-6.894466e-003  
-9.547412e-003  
-1.027643e-002  
-1.149432e-002  
-1.263324e-002  
-1.589618e-002  
-1.713314e-002  
-2.177059e-002  
-2.271357e-002  
-3.156438e-002  
-3.626094e-002  
-4.465196e-002  
-5.517025e-002  
-7.225160e-002  
-9.257755e-002  
-1.253999e-001  
-1.696257e-001  
-2.461552e-001  
-3.629648e-001  
-5.616160e-001  
-8.745444e-001  
-9.461229e-001  
1.577820e+001  
-2.686346e+002  
7.456893e+002  
-7.013268e+002  
2.169914e+002  
-8.431762e+000  
1.020694e+000  
8.341242e-001  
5.310034e-001  
3.460592e-001  
2.313088e-001  
1.662958e-001  
1.198412e-001  
8.954895e-002  
6.875518e-002  
5.450417e-002  
4.257247e-002  
3.592818e-002  
2.677583e-002  
2.553097e-002  
2.036550e-002  
1.680525e-002  
1.428745e-002  
1.293707e-002  
1.057011e-002  
9.806821e-003  
7.924821e-003  
7.698152e-003  
6.554359e-003  
5.990355e-003  
4.822129e-003  
5.101403e-003  
3.919885e-003  
4.242144e-003  
2.625117e-003  
3.975160e-003  
2.911806e-003  
9.927750e-004  
4.095554e-003  
1.770973e-003  
2.121821e-003  
1.774060e-003  
1.643931e-003  
1.757451e-003  
1.487216e-003  
1.604005e-003  
1.015287e-003  
1.382955e-003  
1.161513e-003  
1.232918e-003  
4.735474e-004  
1.430174e-003  
7.965040e-004  
9.026666e-004  
9.194361e-004  
6.655866e-004  
6.330614e-004  
7.797382e-004  
2.477135e-004  
1.086463e-003  
3.878254e-004  
4.955077e-004  
5.448881e-004  
5.359425e-004  
3.064430e-004  
1.053074e-003  
-1.095750e-003  
1.735344e-003  
1.505322e-004  
-1.414050e-005  
5.628743e-004  
5.014925e-004  
-1.235106e-004  
6.211565e-004  
2.101633e-004  
2.009049e-004  
6.163507e-004  
-1.846399e-004  
2.471645e-004  
6.065664e-004  
-8.073798e-005  
3.202249e-004  
2.418274e-004  
4.117304e-005  
5.018242e-004  
1.188736e-004  
-1.045656e-004  
5.469382e-004  
-4.460174e-005  
1.021773e-004  
4.891239e-004  
-2.674807e-004  
3.396370e-004  
2.284923e-004  
-1.658333e-004  
5.232813e-004  
1.655787e-005  
-1.272007e-004  
2.962406e-004  
1.649834e-004  
-8.600811e-005  
1.796474e-004  
1.060693e-004  
1.008644e-004  
2.652565e-004  
-1.598026e-004  
2.045031e-004  
9.598682e-005  
-1.245356e-004  
3.366705e-004  
1.484441e-004  
-1.911278e-004  
4.081143e-004  
-1.964637e-004  
-8.014357e-005  
4.863930e-004  
-2.082821e-004  
2.429559e-004  
1.247821e-004  
-1.925966e-004  
2.756189e-004  
1.025738e-005  
-1.933830e-004  
4.292951e-004  
-1.095848e-004  
3.853254e-005  
1.843942e-004  
-1.539361e-004  
6.921115e-005  
4.134370e-004  
-6.647748e-004  
6.840850e-004  
-5.612214e-005  
-3.638874e-004  
4.843414e-004  
-7.149362e-005  
-1.045872e-004  
2.306828e-004  
-8.545759e-005  
1.066275e-004  
8.122670e-005  
-8.908473e-005  
1.843556e-005  
2.058035e-004  
-1.349777e-004  
1.535369e-004  
-6.228918e-006  
-7.537089e-005  
1.415736e-004  
3.915367e-005  
-9.728485e-005  
2.493201e-004  
-1.201478e-004  
-3.481400e-005  
2.257484e-004  
-1.315454e-004  
-7.450813e-006  
1.849395e-004  
-1.516668e-004  
1.412639e-004  
1.527406e-004  
-2.857279e-004  
1.142584e-004  
1.401007e-004  
6.685257e-004  
-2.657890e-003  
3.033638e-003  
-1.175880e-003  
2.519786e-004  
-2.435707e-004  
1.758784e-004  
8.898694e-005  
-1.850156e-004  
1.716749e-004  
1.046830e-004  
-2.793600e-004  
2.877333e-004  
-1.122460e-004  
-1.439184e-004  
3.531050e-004  
-9.066612e-005  
-2.167710e-004  
5.791092e-004  
-7.293533e-004  
5.208674e-004  
-1.757930e-005  
-3.752965e-004  
5.344134e-004  
-2.217666e-004  
-1.722896e-004  
3.545460e-004  
-2.843012e-004  
6.612012e-005  
3.917450e-004  
-5.357477e-004  
3.338585e-004  
6.697199e-005  
-4.924932e-004  
5.416997e-004  
-8.683180e-005  
-1.639875e-004  
1.037659e-004  
2.063064e-004  
-3.942458e-004  
2.658563e-004  
-1.438596e-004  
2.027381e-004  
-7.215817e-005  
1.852837e-006  
-2.761357e-005  
9.816058e-005  
-6.339012e-005  
4.219127e-005  
-1.993147e-006  
-1.658368e-004  
3.334300e-004  
-2.010503e-004  
-1.294147e-004  
4.700659e-004  
-4.895475e-004  
1.638636e-004  
2.017810e-004  
-2.765976e-004  
2.978996e-004  
-8.301935e-005  
-3.815443e-004  
4.866572e-004  
-7.748697e-005  
-8.987531e-005  
9.218487e-005  
-4.534177e-004  
7.133696e-004  
-3.662964e-004  
-9.559391e-005  
2.276915e-005  
4.441085e-004  
-5.083954e-004  
2.154984e-004  
6.604400e-005  
-2.127510e-004  
1.170379e-004  
-2.002561e-004  
4.654513e-004  
-2.720092e-004  
5.385082e-007  
2.114183e-004  
1.410241e-005  
-6.147329e-004  
3.019931e-004  
7.000484e-004  
-8.709978e-004  
5.112096e-004  
-2.121996e-004  
-3.479090e-004  
6.512698e-004  
-2.232090e-004  
-1.569286e-004  
2.147643e-004  
1.336584e-004  
-6.172508e-004  
3.352778e-004  
4.530269e-004  
-7.978650e-004  
6.036194e-004  
-2.628288e-004  
1.319750e-004  
-1.065381e-005  
-3.719687e-004  
5.827295e-004  
-4.668334e-004  
-1.009652e-004  
1.096311e-003  
-1.405493e-003  
6.320707e-004  
1.951534e-004  
-3.554348e-004  
2.523204e-004  
-3.960523e-004  
6.812660e-004  
-9.993451e-004  
1.203268e-003  
-8.402995e-004  
1.059857e-005  
6.267144e-004  
-8.463076e-004  
8.909329e-004  
-3.533658e-004  
-7.146285e-004  
1.313377e-003  
-1.303223e-003  
1.350196e-003  
-1.144254e-003  
3.187717e-004  
-8.717744e-005  
1.659426e-004  
1.897593e-005  
1.793673e-004  
-5.712094e-004  
5.497669e-004  
2.721183e-004  
-1.132222e-003  
8.991543e-004  
-2.753789e-004  
-2.405455e-004  
6.492775e-004  
-3.036044e-004  
-2.427808e-004  
5.427590e-004  
-7.316708e-004  
3.833662e-004  
4.160324e-004  
-1.123901e-003  
1.016264e-003  
-7.967558e-005  
-7.950137e-004  
7.916135e-004  
-2.473484e-004  
7.298985e-005  
8.229108e-006  
-4.181343e-004  
3.612378e-004  
2.802203e-004  
-5.976282e-004  
3.780160e-004  
-1.539751e-004  
1.307718e-004  
-5.961215e-004  
1.245194e-003  
-1.164457e-003  
2.839459e-004  
1.619776e-004  
2.102481e-004  
-1.985566e-004  
-8.912117e-006  
-1.667257e-004  
4.980088e-004  
-9.039922e-004  
8.051987e-004  
-1.101192e-004  
-2.465755e-004  
-7.263327e-005  
8.194067e-005  
6.479654e-004  
-9.691493e-004  
4.156461e-004  
-3.773779e-004  
8.041604e-004  
-8.309808e-004  
4.535893e-004  
-1.982001e-004  
5.550319e-004  
-6.928259e-004  
2.283606e-004  
-1.169943e-004  
4.395093e-004  
-3.108700e-004  
-6.272411e-005  
1.029347e-004  
9.878480e-006  
-3.213821e-004  
3.130890e-004  
2.856374e-004  
-7.403427e-004  
8.700388e-004  
-5.146217e-004  
-4.773454e-004  
6.392113e-004  
2.784873e-005  
-2.748710e-004  
4.254394e-004  
-8.888891e-004  
1.147516e-003  
-1.102103e-003  
9.456484e-004  
-4.840149e-004  
-4.162497e-004  
4.493360e-004  
7.718280e-004  
-1.261274e-003  
3.812885e-004  
6.161021e-004  
-8.741849e-004  
7.733478e-004  
-4.075447e-004  
-4.119563e-004  
5.904693e-004  
-1.057797e-004  
-3.802847e-004  
4.658143e-004  
-5.533497e-004  
5.375395e-004  
6.000665e-004  
-1.394245e-003  
9.529118e-004  
-6.251413e-004  
3.524147e-004  
-6.678732e-005  
3.138958e-004  
-7.777938e-004  
5.519140e-004  
8.703720e-005  
-2.832486e-004  
2.031506e-006  
1.209502e-004  
-1.625945e-004  
7.339763e-004  
-1.091854e-003  
5.494889e-004  
-1.700674e-004  
-1.362036e-004  
6.993806e-004  
-2.180585e-004  
-7.252740e-004  
1.839050e-004  
4.100567e-004  
7.668696e-005  
-4.844423e-004  
6.967783e-004  
-5.853362e-004  
-2.106428e-004  
2.104759e-003  
-5.350113e-003  
5.199432e-003  
-1.694679e-003  
-5.233288e-005  
7.625297e-004  
-8.882806e-004  
1.314096e-005  
1.932923e-004  
7.471908e-005  
-1.072469e-004  
1.845318e-004  
-1.262389e-004  
5.835714e-005  
-3.603774e-004  
3.043585e-005  
6.610514e-004  
-5.618552e-004  
-1.876882e-004  
4.450083e-004  
-3.003540e-004  
1.971354e-005  
5.692983e-004  
-7.021091e-004  
4.168590e-004  
-2.805019e-004  
1.277421e-004  
-2.510320e-005  
7.389882e-005  
-6.468146e-005  
2.299983e-005  
-3.301953e-004  
4.812650e-004  
-4.610104e-004  
4.147455e-004  
2.204445e-004  
-1.059227e-003  
9.577771e-004  
3.845512e-005  
-9.163094e-004  
9.056988e-004  
-4.552167e-004  
-4.145619e-004  
1.330536e-003  
-1.051945e-003  
2.022643e-006  
8.503736e-004  
-1.227271e-003  
5.000246e-004  
4.275502e-004  
-8.443844e-004  
1.005372e-003  
-7.956031e-004  
4.547068e-004  
-4.695714e-005  
-6.418442e-004  
8.187144e-004  
-3.599932e-004  
3.296639e-005  
-4.328333e-004  
9.258167e-004  
-6.146915e-004  
-7.670021e-005  
3.873062e-004  
-3.705562e-004  
1.658485e-006  
1.631067e-004  
8.901687e-005  
-1.314077e-004  
1.504663e-004  
-2.520382e-004  
2.966985e-004  
-6.287260e-004  
7.897829e-004  
-5.698592e-004  
3.571823e-004  
-3.826243e-004  
5.148264e-004  
-4.086444e-004  
-1.677346e-004  
5.532858e-004  
-4.941304e-004  
4.313394e-004  
-4.122439e-004  
1.786716e-005  
3.084928e-004  
-2.058614e-004  
-1.861630e-004  
5.733676e-004  
-6.719622e-004  
3.433963e-004  
6.173477e-005  
-3.855332e-004  
4.816699e-004  
-3.581654e-004  
3.391149e-005  
4.538772e-004  
-7.598490e-004  
4.973882e-004  
-1.872512e-004  
2.126497e-004  
-2.000201e-004  
2.078379e-004  
-3.671943e-004  
4.097366e-004  
-4.006974e-004  
1.588035e-004  
8.226564e-005  
-1.625466e-005  
-6.883228e-005  
4.340215e-005  
-2.618225e-004  
4.243677e-004  
-4.301884e-004  
4.515373e-004  
-4.501729e-004  
3.105116e-004  
-5.706541e-005  
-3.121548e-004  
5.981681e-004  
-8.792019e-004  
9.418568e-004  
-3.814285e-004  
-3.689200e-004  
4.865574e-004  
-1.590441e-004  
-2.261701e-004  
6.699715e-004  
-7.684862e-004  
2.065116e-004  
3.063341e-004  
-5.105550e-004  
6.339449e-004  
-7.403766e-004  
5.555152e-004  
1.163439e-004  
-6.225910e-004  
3.306598e-004  
3.104968e-004  
-7.300383e-004  
4.520965e-004  
3.186289e-004  
-1.044581e-003  
1.130774e-003  
-2.513289e-004  
-7.814968e-004  
1.151357e-003  
-1.018941e-003  
-8.972314e-005  
1.424281e-003  
-1.239107e-003  
-8.633394e-005  
7.295009e-004  
-5.890609e-004  
5.326864e-004  
-5.860213e-004  
2.024390e-004  
2.116778e-004  
1.246175e-005  
-7.479986e-004  
9.254410e-004  
-7.624717e-004  
8.139424e-004  
-5.557520e-004  
1.376887e-004  
3.202289e-005  
3.898555e-004  
-7.327574e-004  
-3.078859e-005  
4.009564e-004  
-2.938733e-004  
4.893231e-004  
-8.587621e-005  
-5.828475e-004  
2.500464e-004  
6.099317e-004  
-6.575233e-004  
-4.852242e-004  
1.425399e-003  
-1.111989e-003  
5.040442e-004  
-8.066161e-004  
1.585054e-003  
-1.697729e-003  
4.429884e-004  
5.707932e-004  
-1.997529e-004  
-1.203509e-004  
-2.399731e-004  
5.173907e-005  
3.765416e-004  
-1.918101e-004  
6.102501e-005  
-7.938754e-004  
1.880161e-003  
-1.866338e-003  
8.156044e-004  
-3.600624e-004  
-2.861576e-006  
4.842433e-004  
-7.919290e-004  
1.703301e-003  
-1.813869e-003  
9.773242e-004  
-6.127214e-004  
-9.146518e-004  
3.201656e-003  
-3.374481e-003  
1.183468e-003  
1.864180e-006  
2.329760e-004  
1.124452e-003  
-2.974337e-003  
1.994813e-003  
5.203850e-004  
-1.678974e-003  
1.780892e-003  
-2.562091e-003  
2.794974e-003  
-1.138169e-003  
-1.023942e-003  
2.137368e-003  
-2.208713e-003  
2.231909e-003  
-1.298628e-003  
-1.323164e-003  
3.226084e-003  
-3.315394e-003  
2.775453e-003  
-2.088507e-003  
4.195759e-004  
3.196933e-004  
4.165314e-005  
1.291971e-003  
-2.405023e-003  
8.909752e-004  
1.706324e-003  
-2.476083e-003  
5.875401e-004  
6.436398e-004  
-8.429517e-006  
3.371164e-004  
-2.775143e-003  
4.607854e-003  
-4.253607e-003  
3.025969e-003  
-1.735485e-003  
1.431404e-003  
-3.063142e-003  
3.853744e-003  
-2.238942e-003  
-2.066124e-004  
6.626437e-004  
6.830192e-004  
-1.694243e-003  
2.256953e-003  
-1.130858e-003  
-1.711806e-003  
3.459021e-003  
-3.483212e-003  
3.037054e-003  
-2.230452e-003  
2.354208e-004  
1.868246e-003  
-8.055397e-004  
-1.547551e-003  
1.679315e-003  
-9.659650e-004  
5.801537e-005  
2.172745e-004  
-3.636827e-004  
7.574122e-004  
6.075898e-004  
-2.755292e-003  
3.352218e-003  
-3.488537e-003  
3.632911e-003  
-2.957853e-003  
2.509808e-003  
-1.859667e-003  
5.841191e-004  
-7.708605e-004  
1.379082e-003  
-4.269203e-004  
-6.239146e-004  
-7.537516e-004  
2.918418e-003  
-2.631847e-003  
1.022925e-004  
1.257998e-003  
-9.362157e-004  
9.928739e-004  
-2.076710e-003  
3.913841e-003  
-4.497671e-003  
3.350514e-003  
-1.754584e-003  
1.255426e-003  
-3.071385e-003  
4.362073e-003  
-4.027614e-003  
2.405778e-003  
-1.431492e-004  
-1.471791e-003  
2.156154e-003  
9.748084e-004  
-4.573826e-003  
2.131708e-003  
2.368517e-003  
-3.797531e-003  
3.212640e-003  
-3.519271e-003  
3.489485e-003  
-7.193761e-004  
-3.391837e-003  
4.664628e-003  
-1.603348e-003  
-3.105533e-003  
6.759392e-003  
-6.524146e-003  
3.641605e-003  
-2.413488e-003  
1.259997e-003  
2.007414e-003  
-4.726988e-003  
2.655901e-003  
2.531089e-003  
-4.703814e-003  
3.403222e-003  
-2.957625e-003  
2.113122e-003  
1.812697e-003  
-3.658203e-003  
4.086807e-003  
-5.461819e-003  
2.637324e-003  
9.022714e-004  
-6.258613e-004  
2.866745e-003  
-7.106789e-003  
3.566393e-003  
2.161202e-003  
-1.025661e-003  
-3.124887e-003  
3.619037e-003  
4.566158e-004  
-4.367547e-003  
5.050050e-003  
-2.276387e-003  
-3.591809e-004  
-7.679956e-004  
2.157290e-003  
-2.521919e-003  
1.000855e-003  
2.400263e-003  
-4.356705e-003  
5.168892e-003  
-6.083443e-003  
5.410483e-003  
-2.021842e-003  
-3.876180e-004  
8.616133e-004  
-1.367223e-003  
1.809834e-003  
-8.994557e-004  
-4.987360e-004  
-1.808152e-003  
3.650461e-003  
-2.767617e-003  
3.306153e-003  
-6.076355e-003  
1.016894e-002  
-1.045031e-002  
3.372885e-003  
4.242165e-003  
-6.190056e-003  
4.184194e-003  
5.876913e-005  
-3.695245e-003  
3.131878e-003  
-1.865159e-003  
3.020349e-003  
-4.267940e-003  
2.310860e-003  
2.964308e-003  
-5.139118e-003  
2.737451e-004  
5.241991e-003  
-8.187977e-003  
1.100541e-002  
-9.641148e-003  
4.338909e-003  
-4.036416e-003  
5.483365e-003  
-3.534709e-003  
1.463286e-003  
1.916346e-003  
-5.349570e-003  
2.981237e-003  
2.363276e-003  
3.716493e-004  
-9.641727e-003  
1.071902e-002  
-3.888689e-003  
-8.650175e-004  
2.212262e-003  
-3.565395e-003  
2.837630e-003  
8.394254e-004  
4.215840e-004  
-5.679129e-003  
3.777119e-003  
2.905194e-003  
-5.726970e-003  
4.346844e-003  
-1.474223e-003  
-1.506749e-003  
2.011243e-003  
1.639497e-003  
-4.300258e-003  
4.129529e-004  
4.958602e-003  
-2.782367e-003  
-8.613935e-004  
-1.226259e-003  
4.972932e-003  
-7.333732e-003  
6.765666e-003  
-6.331436e-003  
8.824767e-003  
-1.137603e-002  
1.154613e-002  
-9.278424e-003  
5.410834e-003  
-2.712433e-003  
8.191906e-004  
3.116121e-003  
-8.368547e-003  
9.504425e-003  
-2.268030e-003  
-4.977043e-003  
2.753655e-003  
4.439291e-003  
-1.015573e-002  
9.025168e-003  
-2.016277e-003  
-1.056430e-003  
7.976999e-005  
-3.799109e-004  
3.460028e-003  
-8.343692e-003  
1.040270e-002  
-7.593439e-003  
1.950399e-003  
-3.477375e-004  
2.003975e-003  
-3.258172e-003  
7.138489e-003  
-9.080504e-003  
5.027066e-003  
1.046603e-003  
-3.214582e-003  
-2.644050e-004  
1.244011e-003  
-8.134687e-005  
7.210519e-004  
4.906728e-005  
7.931127e-004  
-2.892082e-003  
3.763739e-003  
-1.835715e-003  
-3.371672e-003  
3.206426e-003  
1.544449e-003  
-3.493855e-003  
5.166994e-003  
-8.775709e-003  
1.051835e-002  
-1.198883e-002  
1.414532e-002  
-1.056269e-002  
2.928737e-003  
1.402380e-003  
-4.158881e-003  
6.476315e-003  
-6.020675e-003  
4.456004e-003  
-1.579546e-003  
-3.147450e-003  
6.154154e-003  
-6.671314e-003  
4.423319e-003  
-1.547686e-003  
1.443018e-003  
4.391349e-005  
-3.094392e-003  
2.997940e-003  
-1.856263e-004  
-5.113287e-003  
8.908792e-003  
-7.487314e-003  
4.497347e-003  
-2.926928e-004  
-2.574488e-003  
-1.182720e-003  
4.877016e-003  
-4.319763e-003  
2.860278e-003  
-3.233247e-003  
6.679848e-003  
-6.736770e-003  
1.291454e-003  
3.337860e-003  
-5.706787e-003  
4.089355e-003  
5.931854e-004  
-3.407359e-003  
4.683860e-003  
-1.353197e-003  
-7.229641e-003  
1.049699e-002  
-8.015830e-003  
1.360136e-003  
7.088632e-003  
-6.035157e-003  
3.189459e-004  
8.459445e-004  
4.815366e-004  
-4.885512e-003  
9.276005e-003  
-9.643180e-003  
7.846042e-003  
-4.939298e-003  
2.034672e-003  
-9.612537e-004  
1.515930e-003  
-2.737411e-003  
3.796462e-003  
-1.613887e-003  
-3.646352e-003  
5.820459e-003  
-3.385012e-003  
-1.272165e-003  
5.354844e-003  
-5.487318e-003  
3.055175e-003  
-1.036595e-003  
-1.673767e-003  
3.614968e-003  
-4.539913e-003  
4.777067e-003  
-2.393865e-003  
-2.004208e-003  
4.416338e-003  
-2.008439e-003  
1.872042e-004  
-2.892713e-003  
5.511176e-003  
-4.202185e-003  
-2.906632e-004  
