0.0
0.141998291015625
0.281097412109375
0.414581298828125
0.539459228515625
0.653717041015625
0.75445556640625
0.839996337890625
0.9085693359375
0.95867919921875
0.98931884765625
0.999969482421875
0.99029541015625
0.960693359375
0.9114990234375
0.8438720703125
0.7591552734375
0.65899658203125
0.545501708984375
0.4210205078125
0.2879638671875
0.149017333984375
0.00714111328125
-0.13494873046875
-0.2742919921875
-0.40802001953125
-0.533477783203125
-0.648345947265625
-0.74969482421875
-0.836151123046875
-0.905609130859375
-0.95654296875
-0.98834228515625
-0.999969482421875
-0.9912109375
-0.9627685546875
-0.914306640625
-0.847747802734375
-0.763671875
-0.664398193359375
-0.55145263671875
-0.42755126953125
-0.29461669921875
-0.156219482421875
-0.01409912109375
0.12774658203125
0.267486572265625
0.4014892578125
0.52752685546875
0.642791748046875
0.7449951171875
0.83233642578125
0.902313232421875
0.9547119140625
0.987060546875
0.999908447265625
0.9921875
0.964569091796875
0.917205810546875
0.8515625
0.768157958984375
0.6697998046875
0.55731201171875
0.433990478515625
0.30145263671875
0.163177490234375
0.021331787109375
-0.12078857421875
-0.260528564453125
-0.395050048828125
-0.5213623046875
-0.63739013671875
-0.74017333984375
-0.828338623046875
-0.899383544921875
-0.952362060546875
-0.986053466796875
-0.9996337890625
-0.993133544921875
-0.966400146484375
-0.920074462890625
-0.85516357421875
-0.772857666015625
-0.674896240234375
-0.5633544921875
-0.440277099609375
-0.308380126953125
-0.170135498046875
-0.028411865234375
0.113616943359375
0.2537841796875
0.3883056640625
0.515411376953125
0.631805419921875
0.735443115234375
0.824249267578125
0.896270751953125
0.9501953125
0.984771728515625
0.99951171875
0.993927001953125
0.9681396484375
0.922943115234375
0.85870361328125
0.7774658203125
0.680145263671875
0.569183349609375
0.4466552734375
0.31512451171875
0.177215576171875
0.035491943359375
-0.10650634765625
-0.246917724609375
-0.381744384765625
-0.509246826171875
-0.626312255859375
-0.730560302734375
-0.820220947265625
-0.89306640625
-0.94793701171875
-0.98358154296875
-0.999176025390625
-0.99468994140625
-0.96990966796875
-0.925628662109375
-0.8624267578125
-0.78179931640625
-0.6854248046875
-0.574951171875
-0.453125
-0.321807861328125
-0.184173583984375
-0.042724609375
0.099517822265625
0.239959716796875
0.3751220703125
0.50323486328125
0.620574951171875
0.72576904296875
0.816131591796875
0.8897705078125
0.94573974609375
0.982177734375
0.9989013671875
0.995452880859375
0.971588134765625
0.928253173828125
0.8660888671875
0.786163330078125
0.690643310546875
0.580780029296875
0.45941162109375
0.328582763671875
0.191162109375
0.0498046875
-0.092376708984375
-0.233062744140625
-0.368499755859375
-0.4970703125
-0.614990234375
-0.72088623046875
-0.811920166015625
-0.886566162109375
-0.943389892578125
-0.980743408203125
-0.998687744140625
-0.995941162109375
-0.973388671875
-0.930877685546875
-0.869537353515625
-0.7906494140625
-0.695648193359375
-0.586669921875
-0.4656982421875
-0.33526611328125
-0.1982421875
-0.056854248046875
0.085296630859375
0.226043701171875
0.36199951171875
0.490753173828125
0.609405517578125
0.7159423828125
0.807708740234375
0.88330078125
0.940887451171875
0.9794921875
0.998138427734375
0.996673583984375
0.974945068359375
0.933380126953125
0.873138427734375
0.794891357421875
0.700897216796875
0.592315673828125
0.47198486328125
0.342041015625
0.205108642578125
0.064117431640625
-0.078338623046875
-0.218994140625
-0.355438232421875
-0.48443603515625
-0.603790283203125
-0.710968017578125
-0.803466796875
-0.87994384765625
-0.9384765625
-0.97796630859375
-0.997711181640625
-0.99725341796875
-0.976409912109375
-0.93609619140625
-0.87640380859375
-0.79931640625
-0.705841064453125
-0.59814453125
-0.47821044921875
-0.348785400390625
-0.211944580078125
-0.071319580078125
0.07122802734375
0.212066650390625
0.3487548828125
0.47821044921875
0.59814453125
0.705810546875
0.799285888671875
0.87652587890625
0.93603515625
0.97637939453125
0.997344970703125
0.99755859375
0.978118896484375
0.9383544921875
0.880035400390625
0.803466796875
0.71087646484375
0.6038818359375
0.48431396484375
0.3555908203125
0.2188720703125
0.078399658203125
-0.06414794921875
-0.205078125
-0.342071533203125
-0.471893310546875
-0.592498779296875
-0.70068359375
-0.795074462890625
-0.87298583984375
-0.9334716796875
-0.974945068359375
-0.99658203125
-0.998260498046875
-0.979400634765625
-0.940948486328125
-0.88323974609375
-0.80780029296875
-0.71575927734375
-0.609619140625
-0.490631103515625
-0.362030029296875
-0.22601318359375
-0.085357666015625
0.05694580078125
0.1981201171875
0.335357666015625
0.4656982421875
0.5865478515625
0.695770263671875
0.790557861328125
0.86962890625
0.930816650390625
0.973358154296875
0.996002197265625
0.99859619140625
0.9808349609375
0.943359375
0.88653564453125
0.81201171875
0.720703125
0.615234375
0.49676513671875
0.36883544921875
0.232757568359375
0.09259033203125
-0.0499267578125
-0.191070556640625
-0.32867431640625
-0.45928955078125
-0.5809326171875
-0.69049072265625
-0.7862548828125
-0.86602783203125
-0.928253173828125
-0.97161865234375
-0.995452880859375
-0.998870849609375
-0.98223876953125
-0.945648193359375
-0.889862060546875
-0.816070556640625
-0.72576904296875
-0.62066650390625
-0.50311279296875
-0.375244140625
-0.239837646484375
-0.099578857421875
0.042724609375
0.18414306640625
0.321868896484375
0.45306396484375
0.575042724609375
0.685333251953125
0.78192138671875
0.8623046875
0.92572021484375
0.969818115234375
0.99481201171875
0.999114990234375
0.983642578125
0.94781494140625
0.8931884765625
0.82012939453125
0.73065185546875
0.626251220703125
0.50921630859375
0.3818359375
0.246795654296875
0.106689453125
-0.035675048828125
-0.17706298828125
-0.315216064453125
-0.44659423828125
-0.5692138671875
-0.680206298828125
-0.777313232421875
-0.85882568359375
-0.922882080078125
-0.968170166015625
-0.99395751953125
-0.99945068359375
-0.984832763671875
-0.95013427734375
-0.896331787109375
-0.824188232421875
-0.735504150390625
-0.63177490234375
-0.515380859375
-0.38836669921875
-0.25372314453125
-0.113677978515625
0.028411865234375
0.17022705078125
0.308258056640625
0.440399169921875
0.563201904296875
0.675048828125
0.77276611328125
0.855194091796875
0.92010498046875
0.966339111328125
0.9931640625
0.999603271484375
0.98614501953125
0.9522705078125
0.899444580078125
0.8282470703125
0.740234375
0.637359619140625
0.521484375
0.394866943359375
0.260650634765625
0.1207275390625
-0.021331787109375
-0.163116455078125
-0.301544189453125
-0.433929443359375
-0.557373046875
-0.669677734375
-0.768310546875
-0.851470947265625
-0.917236328125
-0.964508056640625
-0.9923095703125
-0.999755859375
-0.987274169921875
-0.954437255859375
-0.90252685546875
-0.832244873046875
-0.745025634765625
-0.642791748046875
-0.527496337890625
-0.401519775390625
-0.26739501953125
-0.1279296875
0.014312744140625
0.156005859375
0.29486083984375
0.427337646484375
0.5516357421875
0.6641845703125
0.76385498046875
0.847625732421875
0.9144287109375
0.962646484375
0.991241455078125
0.999969482421875
0.98822021484375
0.95672607421875
0.905426025390625
0.83624267578125
0.74969482421875
0.6483154296875
0.533477783203125
0.408050537109375
0.2742919921875
0.1348876953125
-0.007080078125
-0.149017333984375
-0.287994384765625
-0.4210205078125
-0.54547119140625
-0.65911865234375
-0.758941650390625
-0.84405517578125
-0.911407470703125
-0.960723876953125
-0.990325927734375
-1.0
-0.9893798828125
-0.9586181640625
-0.908599853515625
-0.839996337890625
-0.754486083984375
-0.653656005859375
-0.539520263671875
-0.41448974609375
-0.28118896484375
-0.1419677734375
0.0
0.1419677734375
0.28118896484375
0.414459228515625
0.539581298828125
0.65362548828125
0.754425048828125
0.84014892578125
0.908416748046875
0.958770751953125
0.98931884765625
0.99993896484375
0.990509033203125
0.96051025390625
0.911590576171875
0.8438720703125
0.75909423828125
0.6590576171875
0.545501708984375
0.420989990234375
0.2879638671875
0.149078369140625
0.007080078125
-0.13494873046875
-0.27423095703125
-0.4080810546875
-0.53350830078125
-0.648223876953125
-0.749786376953125
-0.836151123046875
-0.905548095703125
-0.956634521484375
-0.98828125
-0.99993896484375
-0.991302490234375
-0.96270751953125
-0.914306640625
-0.847747802734375
-0.76373291015625
-0.664337158203125
-0.551513671875
-0.427459716796875
-0.294708251953125
-0.156158447265625
-0.01416015625
0.127838134765625
0.267364501953125
0.401641845703125
0.52734375
0.642913818359375
0.744964599609375
0.832275390625
0.9024658203125
0.95452880859375
0.9871826171875
0.99981689453125
0.99224853515625
0.96453857421875
0.917266845703125
0.8514404296875
0.768341064453125
0.66961669921875
0.557403564453125
0.433990478515625
0.30145263671875
0.163177490234375
0.0213623046875
-0.120849609375
-0.260498046875
-0.39501953125
-0.521392822265625
-0.637359619140625
-0.740234375
-0.82830810546875
-0.89935302734375
-0.952392578125
-0.985992431640625
-0.999725341796875
-0.99310302734375
-0.96636962890625
-0.92010498046875
-0.8551025390625
-0.772918701171875
-0.674896240234375
-0.5633544921875
-0.44024658203125
-0.308380126953125
-0.170135498046875
-0.028472900390625
0.113739013671875
0.253631591796875
0.38848876953125
0.5152587890625
0.631866455078125
0.7354736328125
0.824249267578125
0.89617919921875
0.9503173828125
0.984649658203125
0.999664306640625
0.993743896484375
0.96832275390625
0.9227294921875
0.85888671875
0.777374267578125
0.68011474609375
0.56927490234375
0.44659423828125
0.315185546875
0.177032470703125
0.035736083984375
-0.106719970703125
-0.2467041015625
-0.38189697265625
-0.50921630859375
-0.6263427734375
-0.730499267578125
-0.82025146484375
-0.89306640625
-0.947906494140625
-0.983642578125
-0.999114990234375
-0.9947509765625
-0.96990966796875
-0.925537109375
-0.862579345703125
-0.781646728515625
-0.685516357421875
-0.574920654296875
-0.453155517578125
-0.32177734375
-0.1842041015625
-0.042694091796875
0.099578857421875
0.239776611328125
0.375335693359375
0.503021240234375
0.6207275390625
0.72576904296875
0.816009521484375
0.889984130859375
0.945465087890625
0.982391357421875
0.998779296875
0.99554443359375
0.971527099609375
0.9283447265625
0.865966796875
0.7862548828125
0.690582275390625
0.580841064453125
0.459320068359375
0.328704833984375
0.1910400390625
0.04998779296875
-0.0926513671875
-0.232757568359375
-0.368804931640625
-0.49676513671875
-0.615234375
-0.720733642578125
-0.81201171875
-0.886505126953125
-0.943389892578125
-0.98077392578125
-0.998687744140625
-0.9959716796875
-0.97332763671875
-0.930877685546875
-0.86956787109375
-0.7906494140625
-0.6956787109375
-0.58660888671875
-0.465728759765625
-0.335296630859375
-0.19818115234375
-0.056884765625
0.0853271484375
0.22601318359375
0.362030029296875
0.49066162109375
0.60955810546875
0.715789794921875
0.80780029296875
0.883270263671875
0.94091796875
0.979400634765625
0.998291015625
0.996490478515625
0.97503662109375
0.933441162109375
0.87298583984375
0.795135498046875
0.70062255859375
0.592498779296875
0.471893310546875
0.342071533203125
0.205169677734375
0.06396484375
-0.078155517578125
-0.21917724609375
-0.355316162109375
-0.484466552734375
-0.603851318359375
-0.710845947265625
-0.80352783203125
-0.879974365234375
-0.938385009765625
-0.97808837890625
-0.99761962890625
-0.997314453125
-0.976348876953125
-0.93609619140625
-0.876434326171875
-0.79931640625
-0.705902099609375
-0.597991943359375
-0.478363037109375
-0.3486328125
-0.21209716796875
-0.07122802734375
0.071258544921875
0.21197509765625
0.34881591796875
0.478179931640625
0.598175048828125
0.705841064453125
0.7991943359375
0.876617431640625
0.935882568359375
0.976593017578125
0.997100830078125
0.997802734375
0.977935791015625
0.9384765625
0.879974365234375
0.803436279296875
0.710968017578125
0.603759765625
0.4844970703125
0.355377197265625
0.21905517578125
0.0782470703125
-0.063995361328125
-0.2052001953125
-0.342010498046875
-0.471954345703125
-0.592437744140625
-0.700714111328125
-0.7950439453125
-0.873016357421875
-0.9334716796875
-0.974945068359375
-0.99658203125
-0.99822998046875
-0.97943115234375
-0.94091796875
-0.88330078125
-0.80767822265625
-0.715972900390625
-0.609344482421875
-0.4908447265625
-0.361907958984375
-0.22607421875
-0.08538818359375
0.0570068359375
0.198150634765625
0.33526611328125
0.46575927734375
0.586517333984375
0.69580078125
0.79058837890625
0.869537353515625
0.930877685546875
0.973388671875
0.9959716796875
0.99859619140625
0.9808349609375
0.943359375
0.88653564453125
0.812042236328125
0.720672607421875
0.615234375
0.496795654296875
0.3687744140625
0.232818603515625
0.092529296875
-0.049835205078125
-0.19122314453125
-0.328460693359375
-0.459564208984375
-0.580657958984375
-0.69073486328125
-0.786102294921875
-0.8660888671875
-0.92822265625
-0.971710205078125
-0.99530029296875
-0.9990234375
-0.982147216796875
-0.9456787109375
-0.889862060546875
-0.816070556640625
-0.725738525390625
-0.6207275390625
-0.50299072265625
-0.3753662109375
-0.23974609375
-0.099639892578125
0.042724609375
0.1842041015625
0.32183837890625
0.45306396484375
0.57501220703125
0.68536376953125
0.781829833984375
0.862457275390625
0.925567626953125
0.969970703125
0.994659423828125
0.99920654296875
0.983551025390625
0.947967529296875
0.89306640625
0.820220947265625
0.730560302734375
0.626312255859375
0.50921630859375
0.3818359375
0.246795654296875
0.106597900390625
-0.035552978515625
-0.177154541015625
-0.315216064453125
-0.446502685546875
-0.5693359375
-0.68011474609375
-0.77734375
-0.858917236328125
-0.9227294921875
-0.96826171875
-0.993896484375
-0.99945068359375
-0.98486328125
-0.95013427734375
-0.896331787109375
-0.82415771484375
-0.735565185546875
-0.63165283203125
-0.5155029296875
-0.3883056640625
-0.2537841796875
-0.1136474609375
0.028472900390625
0.170135498046875
0.308349609375
0.440277099609375
0.563323974609375
0.67498779296875
0.772735595703125
0.855316162109375
0.919921875
0.96649169921875
0.993072509765625
0.999664306640625
0.986053466796875
0.952362060546875
0.899383544921875
0.82830810546875
0.740142822265625
0.63751220703125
0.521240234375
0.395111083984375
0.260498046875
0.120758056640625
-0.021240234375
-0.163238525390625
-0.301513671875
-0.433868408203125
-0.55743408203125
-0.669647216796875
-0.768341064453125
-0.851409912109375
-0.9173583984375
-0.964385986328125
-0.99237060546875
-0.999786376953125
-0.98712158203125
-0.954620361328125
-0.9024658203125
-0.83221435546875
-0.745086669921875
-0.642730712890625
-0.527496337890625
-0.401519775390625
-0.2674560546875
-0.12786865234375
0.014251708984375
0.15606689453125
0.29486083984375
0.42730712890625
0.55157470703125
0.664306640625
0.7637939453125
0.84759521484375
0.91455078125
0.962432861328125
0.99151611328125
0.999755859375
0.988494873046875
0.9564208984375
0.905731201171875
0.836029052734375
0.74981689453125
0.64825439453125
0.533477783203125
0.4080810546875
0.274261474609375
0.13494873046875
-0.00714111328125
-0.149017333984375
-0.287994384765625
-0.420928955078125
-0.545623779296875
-0.658905029296875
-0.759246826171875
-0.84375
-0.91162109375
-0.960601806640625
-0.990386962890625
-1.0
-0.989288330078125
-0.95880126953125
-0.90838623046875
-0.8402099609375
-0.754302978515625
-0.653778076171875
-0.5394287109375
-0.414581298828125
-0.2811279296875
-0.1419677734375
-3.0517578125e-05
0.14202880859375
0.2811279296875
0.414459228515625
0.539642333984375
0.653533935546875
0.75457763671875
0.83990478515625
0.90869140625
0.95855712890625
0.98944091796875
0.9998779296875
0.990509033203125
0.96051025390625
0.91168212890625
0.843719482421875
0.75921630859375
0.658966064453125
0.545562744140625
0.420989990234375
0.2879638671875
0.149017333984375
0.00714111328125
-0.13494873046875
-0.2742919921875
-0.407958984375
-0.533660888671875
-0.6480712890625
-0.74993896484375
-0.836029052734375
-0.9056396484375
-0.95660400390625
-0.988250732421875
-0.999969482421875
-0.9913330078125
-0.962615966796875
-0.914459228515625
-0.847564697265625
-0.763885498046875
-0.66424560546875
-0.551544189453125
-0.427490234375
-0.294586181640625
-0.156341552734375
-0.01397705078125
0.127655029296875
0.267547607421875
0.401458740234375
0.52752685546875
0.642791748046875
0.745025634765625
0.832244873046875
0.902496337890625
0.954498291015625
0.98724365234375
0.999725341796875
0.99237060546875
0.96441650390625
0.9173583984375
0.851348876953125
0.768463134765625
0.669464111328125
0.5576171875
0.4337158203125
0.30169677734375
0.1629638671875
0.02154541015625
-0.121002197265625
-0.260345458984375
-0.395111083984375
-0.52142333984375
-0.63726806640625
-0.740325927734375
-0.828216552734375
-0.8994140625
-0.952392578125
-0.985992431640625
-0.99969482421875
-0.993133544921875
-0.96630859375
-0.920196533203125
-0.855010986328125
-0.77301025390625
-0.674835205078125
-0.563385009765625
-0.44024658203125
-0.308349609375
-0.170135498046875
-0.028533935546875
0.113800048828125
0.25360107421875
0.388458251953125
0.515380859375
0.631683349609375
0.735626220703125
0.824127197265625
0.89630126953125
0.950225830078125
0.984710693359375
0.99957275390625
0.993865966796875
0.96820068359375
0.9228515625
0.85882568359375
0.777374267578125
0.680145263671875
0.569244384765625
0.446624755859375
0.31512451171875
0.177154541015625
0.03558349609375
-0.106597900390625
-0.246795654296875
-0.3818359375
-0.50927734375
-0.626220703125
-0.73065185546875
-0.820159912109375
-0.893096923828125
-0.947967529296875
-0.983489990234375
-0.999298095703125
-0.994659423828125
-0.96990966796875
-0.92559814453125
-0.862457275390625
-0.78179931640625
-0.6854248046875
-0.57501220703125
-0.4530029296875
-0.321929931640625
-0.18408203125
-0.04278564453125
0.099578857421875
0.2398681640625
0.375213623046875
0.503204345703125
0.620513916015625
0.725921630859375
0.81591796875
0.8900146484375
0.945556640625
0.98223876953125
0.99896240234375
0.99530029296875
0.9718017578125
0.9281005859375
0.86614990234375
0.7861328125
0.690673828125
0.58074951171875
0.45947265625
0.3284912109375
0.1912841796875
0.049713134765625
-0.09234619140625
-0.233062744140625
-0.3685302734375
-0.496978759765625
-0.61505126953125
-0.72088623046875
-0.8118896484375
-0.8865966796875
-0.943328857421875
-0.9808349609375
-0.998626708984375
-0.99603271484375
-0.973236083984375
-0.930999755859375
-0.86944580078125
-0.79071044921875
-0.6956787109375
-0.58660888671875
-0.4656982421875
-0.335357666015625
-0.198028564453125
-0.05712890625
0.08551025390625
0.2259521484375
0.362030029296875
0.490692138671875
0.6094970703125
0.7158203125
0.80780029296875
0.88330078125
0.94085693359375
0.979522705078125
0.99810791015625
0.99664306640625
0.975006103515625
0.933349609375
0.8731689453125
0.794891357421875
0.700836181640625
0.59234619140625
0.472015380859375
0.342010498046875
0.205078125
0.06414794921875
-0.078369140625
-0.21893310546875
-0.35546875
-0.4844970703125
-0.603759765625
-0.7109375
-0.803375244140625
-0.880126953125
-0.93829345703125
-0.9781494140625
-0.997589111328125
-0.99725341796875
-0.976470947265625
-0.93603515625
-0.876434326171875
-0.79931640625
-0.705902099609375
-0.597991943359375
-0.4783935546875
-0.348602294921875
-0.212127685546875
-0.07122802734375
0.0712890625
0.21197509765625
0.34881591796875
0.4781494140625
0.59820556640625
0.705718994140625
0.7994384765625
0.876373291015625
0.93609619140625
0.976409912109375
0.997222900390625
0.99774169921875
0.977935791015625
0.938568115234375
0.87982177734375
0.803619384765625
0.7108154296875
0.603851318359375
0.484466552734375
0.355377197265625
0.219085693359375
0.07818603515625
-0.063934326171875
-0.205230712890625
-0.34197998046875
-0.47198486328125
-0.592437744140625
-0.70068359375
-0.795074462890625
-0.87298583984375
-0.933502197265625
-0.97491455078125
-0.996612548828125
-0.99822998046875
-0.979400634765625
-0.940948486328125
-0.88323974609375
-0.807769775390625
-0.71588134765625
-0.609466552734375
-0.49072265625
-0.36199951171875
-0.22601318359375
-0.085357666015625
0.056915283203125
0.19818115234375
0.3353271484375
0.46563720703125
0.586700439453125
0.69561767578125
0.790679931640625
0.86956787109375
0.930877685546875
0.973297119140625
0.99603271484375
0.99859619140625
0.980865478515625
0.94329833984375
0.8865966796875
0.81195068359375
0.720794677734375
0.6151123046875
0.49688720703125
0.368682861328125
0.23291015625
0.092498779296875
-0.049896240234375
-0.19110107421875
-0.328643798828125
-0.4593505859375
-0.58087158203125
-0.69049072265625
-0.786346435546875
-0.86590576171875
-0.9283447265625
-0.97161865234375
-0.995361328125
-0.9990234375
-0.982086181640625
-0.94580078125
-0.889678955078125
-0.8162841796875
-0.725555419921875
-0.620880126953125
-0.502899169921875
-0.37542724609375
-0.23968505859375
-0.099700927734375
0.042816162109375
0.184112548828125
0.321868896484375
0.45306396484375
0.57501220703125
0.685455322265625
0.781707763671875
0.862548828125
0.925506591796875
0.969940185546875
0.9947509765625
0.9991455078125
0.98358154296875
0.947967529296875
0.893035888671875
0.8201904296875
0.73065185546875
0.626220703125
0.509307861328125
0.381805419921875
0.24676513671875
0.106658935546875
-0.035614013671875
-0.177154541015625
-0.315093994140625
-0.4466552734375
-0.569244384765625
-0.68011474609375
-0.7774658203125
-0.858673095703125
-0.923004150390625
-0.968017578125
-0.99407958984375
-0.9993896484375
-0.98486328125
-0.950103759765625
-0.8963623046875
-0.824127197265625
-0.735565185546875
-0.63177490234375
-0.51531982421875
-0.388519287109375
-0.253509521484375
-0.1138916015625
0.0286865234375
0.169952392578125
0.308441162109375
0.440277099609375
0.563262939453125
0.675079345703125
0.772705078125
0.855255126953125
0.9200439453125
0.966400146484375
0.9930419921875
0.99981689453125
0.98583984375
0.952606201171875
0.899169921875
0.82843017578125
0.74017333984375
0.637359619140625
0.521453857421875
0.394927978515625
0.26055908203125
0.120849609375
-0.021453857421875
-0.16302490234375
-0.301605224609375
-0.433868408203125
-0.55743408203125
-0.669647216796875
-0.768341064453125
-0.851409912109375
-0.917205810546875
-0.964691162109375
-0.9920654296875
-0.999969482421875
-0.987091064453125
-0.95458984375
-0.902435302734375
-0.832305908203125
-0.744964599609375
-0.64288330078125
-0.52740478515625
-0.401580810546875
-0.26739501953125
-0.12786865234375
0.014190673828125
0.15618896484375
0.29461669921875
0.4276123046875
0.5513916015625
0.664398193359375
0.76373291015625
0.847625732421875
0.914459228515625
0.962646484375
0.99127197265625
0.999969482421875
0.988128662109375
0.956787109375
0.90545654296875
0.836181640625
0.749755859375
0.64825439453125
0.533477783203125
0.40814208984375
0.274169921875
0.135009765625
-0.00714111328125
-0.149078369140625
-0.28790283203125
-0.421051025390625
-0.54547119140625
-0.6590576171875
-0.75909423828125
-0.84393310546875
-0.911407470703125
-0.9608154296875
-0.990203857421875
-0.999969482421875
-0.989227294921875
-0.958740234375
-0.908538818359375
-0.839996337890625
-0.754547119140625
-0.653533935546875
-0.539642333984375
-0.414459228515625
-0.281158447265625
-0.141998291015625
6.103515625e-05
0.14190673828125
0.281219482421875
0.4144287109375
0.539642333984375
0.653533935546875
0.75457763671875
0.839935302734375
0.908660888671875
0.958526611328125
0.989501953125
0.999847412109375
0.990509033203125
0.9605712890625
0.91156005859375
0.843841552734375
0.759124755859375
0.6590576171875
0.545501708984375
0.421051025390625
0.28790283203125
0.1490478515625
0.007110595703125
-0.1348876953125
-0.2742919921875
-0.408050537109375
-0.53350830078125
-0.64825439453125
-0.749786376953125
-0.836090087890625
-0.905609130859375
-0.956573486328125
-0.98834228515625
-0.9998779296875
-0.99139404296875
-0.962554931640625
-0.91448974609375
-0.84759521484375
-0.763824462890625
-0.664276123046875
-0.55157470703125
-0.427398681640625
-0.294769287109375
-0.156097412109375
-0.01422119140625
0.1278076171875
0.26751708984375
0.401397705078125
0.52764892578125
0.642578125
0.74530029296875
0.83197021484375
0.902679443359375
0.9544677734375
0.98712158203125
0.99993896484375
0.992156982421875
0.964569091796875
0.91729736328125
0.851318359375
0.768463134765625
0.6695556640625
0.557525634765625
0.43377685546875
0.3016357421875
0.162994384765625
0.021514892578125
-0.12091064453125
-0.260467529296875
-0.395050048828125
-0.52142333984375
-0.637298583984375
-0.74029541015625
-0.8282470703125
-0.899383544921875
-0.952362060546875
-0.986114501953125
-0.999542236328125
-0.9932861328125
-0.966217041015625
-0.920166015625
-0.8551025390625
-0.77294921875
-0.67486572265625
-0.563323974609375
-0.44036865234375
-0.30816650390625
-0.17034912109375
-0.028289794921875
0.113555908203125
0.2537841796875
0.38836669921875
0.515350341796875
0.63189697265625
0.735321044921875
0.824371337890625
0.896209716796875
0.95013427734375
0.984893798828125
0.999420166015625
0.993927001953125
0.96826171875
0.922760009765625
0.858856201171875
0.77734375
0.68017578125
0.5692138671875
0.44671630859375
0.31500244140625
0.17724609375
0.035552978515625
-0.10662841796875
-0.24676513671875
-0.381866455078125
-0.509185791015625
-0.6263427734375
-0.730499267578125
-0.82037353515625
-0.89288330078125
-0.948089599609375
-0.98345947265625
-0.999237060546875
-0.994720458984375
-0.9698486328125
-0.92572021484375
-0.862274169921875
-0.781982421875
-0.685272216796875
-0.5750732421875
-0.45306396484375
-0.32177734375
-0.18426513671875
-0.04266357421875
0.09954833984375
0.239837646484375
0.37530517578125
0.5030517578125
0.620697021484375
0.725738525390625
0.816131591796875
0.8897705078125
0.94573974609375
0.982177734375
0.998931884765625
0.99542236328125
0.97161865234375
0.92828369140625
0.865997314453125
0.7862548828125
0.6905517578125
0.58087158203125
0.459381103515625
0.328582763671875
0.191131591796875
0.0499267578125
-0.092620849609375
-0.2327880859375
-0.368743896484375
-0.496856689453125
-0.615142822265625
-0.72076416015625
-0.812042236328125
-0.886444091796875
-0.9434814453125
-0.980712890625
-0.9986572265625
-0.996002197265625
-0.97332763671875
-0.930908203125
-0.8695068359375
-0.7906494140625
-0.695770263671875
-0.58648681640625
-0.465850830078125
-0.33514404296875
-0.198272705078125
-0.056915283203125
0.0853271484375
0.22613525390625
0.361846923828125
0.490875244140625
0.609344482421875
0.715911865234375
0.807830810546875
0.883148193359375
0.941009521484375
0.9793701171875
0.998260498046875
0.996612548828125
0.97491455078125
0.9334716796875
0.873046875
0.79498291015625
0.7008056640625
0.59234619140625
0.4720458984375
0.341949462890625
0.205169677734375
0.064056396484375
-0.07830810546875
-0.218994140625
-0.35540771484375
-0.484466552734375
-0.603851318359375
-0.710845947265625
-0.80352783203125
-0.87994384765625
-0.938446044921875
-0.977996826171875
-0.99774169921875
-0.99713134765625
-0.976593017578125
-0.9359130859375
-0.8765869140625
-0.7991943359375
-0.7059326171875
-0.598052978515625
-0.478240966796875
-0.348785400390625
-0.21197509765625
-0.071319580078125
0.071319580078125
0.21197509765625
0.34881591796875
0.478179931640625
0.598114013671875
0.705902099609375
0.799224853515625
0.87652587890625
0.936004638671875
0.976470947265625
0.997222900390625
0.9976806640625
0.97802734375
0.93841552734375
0.8800048828125
0.803466796875
0.710906982421875
0.603790283203125
0.4844970703125
0.3553466796875
0.2191162109375
0.078216552734375
-0.063995361328125
-0.205230712890625
-0.3419189453125
-0.472076416015625
-0.592315673828125
-0.700775146484375
-0.7950439453125
-0.87298583984375
-0.93353271484375
-0.974853515625
-0.9967041015625
-0.998138427734375
-0.9794921875
-0.94085693359375
-0.883270263671875
-0.807861328125
-0.7156982421875
-0.60968017578125
-0.490478515625
-0.36224365234375
-0.225799560546875
-0.08551025390625
0.0570068359375
0.19818115234375
0.335205078125
0.4658203125
0.586517333984375
0.695770263671875
0.79058837890625
0.86956787109375
0.930877685546875
0.973297119140625
0.99603271484375
0.99859619140625
0.98089599609375
0.9432373046875
0.886627197265625
0.81195068359375
0.72076416015625
0.615203857421875
0.496826171875
0.36865234375
0.2330322265625
0.092315673828125
-0.049652099609375
-0.19134521484375
-0.3284912109375
-0.45941162109375
-0.580902099609375
-0.690399169921875
-0.78643798828125
-0.865875244140625
-0.9283447265625
-0.971649169921875
-0.995330810546875
-0.9990234375
-0.982147216796875
-0.945648193359375
-0.889892578125
-0.8160400390625
-0.725799560546875
-0.62066650390625
-0.503082275390625
-0.375244140625
-0.239898681640625
-0.099517822265625
0.042724609375
0.18414306640625
0.3218994140625
0.45294189453125
0.575164794921875
0.68524169921875
0.781951904296875
0.862335205078125
0.9256591796875
0.96990966796875
0.994659423828125
0.999237060546875
0.983551025390625
0.947906494140625
0.893157958984375
0.820098876953125
0.730682373046875
0.626251220703125
0.50921630859375
0.381927490234375
0.246612548828125
0.1068115234375
-0.035736083984375
-0.17706298828125
-0.315155029296875
-0.4466552734375
-0.569244384765625
-0.68011474609375
-0.77740478515625
-0.858795166015625
-0.922882080078125
-0.9681396484375
-0.99395751953125
-0.99945068359375
-0.98480224609375
-0.950225830078125
-0.896240234375
-0.824188232421875
-0.735565185546875
-0.631683349609375
-0.51544189453125
-0.38836669921875
-0.25372314453125
-0.113677978515625
0.028472900390625
0.170166015625
0.308319091796875
0.440277099609375
0.5633544921875
0.674896240234375
0.77288818359375
0.8551025390625
0.920166015625
0.966339111328125
0.993072509765625
0.999755859375
0.98590087890625
0.95257568359375
0.899200439453125
0.828399658203125
0.74017333984375
0.63739013671875
0.52142333984375
0.39495849609375
0.26055908203125
0.12078857421875
-0.0213623046875
-0.1630859375
-0.301605224609375
-0.433837890625
-0.55743408203125
-0.669677734375
-0.768280029296875
-0.851470947265625
-0.917236328125
-0.96453857421875
-0.99224853515625
-0.999786376953125
-0.9873046875
-0.954376220703125
-0.90264892578125
-0.832061767578125
-0.745147705078125
-0.642730712890625
-0.527557373046875
-0.401519775390625
-0.267364501953125
-0.1279296875
0.01434326171875
0.155975341796875
0.294830322265625
0.427398681640625
0.551513671875
0.66436767578125
0.76373291015625
0.84771728515625
0.914398193359375
0.962554931640625
0.991424560546875
0.999847412109375
0.9884033203125
0.956573486328125
0.905487060546875
0.836273193359375
0.7496337890625
0.648345947265625
0.533447265625
0.408111572265625
0.274261474609375
0.13494873046875
-0.007171630859375
-0.149017333984375
-0.2879638671875
-0.420928955078125
-0.54559326171875
-0.658966064453125
-0.759185791015625
-0.843841552734375
-0.911468505859375
-0.960723876953125
-0.99029541015625
-1.0
-0.989166259765625
-0.9588623046875
-0.90838623046875
-0.84014892578125
-0.754425048828125
-0.65362548828125
-0.53961181640625
-0.4144287109375
-0.281219482421875
-0.14190673828125
-6.103515625e-05
0.14202880859375
0.28106689453125
0.414642333984375
0.539398193359375
0.65380859375
0.754302978515625
0.840179443359375
0.908416748046875
0.958740234375
0.989349365234375
0.99993896484375
0.99041748046875
0.960662841796875
0.91143798828125
0.843963623046875
0.759033203125
0.659088134765625
0.5455322265625
0.420928955078125
0.288055419921875
0.148895263671875
0.00726318359375
-0.13507080078125
-0.274139404296875
-0.40814208984375
-0.533447265625
-0.648345947265625
-0.74969482421875
-0.836151123046875
-0.905548095703125
-0.956634521484375
-0.98828125
-0.99993896484375
-0.9913330078125
-0.962646484375
-0.91436767578125
-0.84771728515625
-0.763671875
-0.664459228515625
-0.551422119140625
-0.427459716796875
-0.294769287109375
-0.15606689453125
-0.014251708984375
0.12786865234375
0.26739501953125
0.40155029296875
0.527496337890625
0.642791748046875
0.74505615234375
0.832183837890625
0.90252685546875
0.954498291015625
0.987213134765625
0.999786376953125
0.992340087890625
0.964447021484375
0.917327880859375
0.85137939453125
0.768341064453125
0.669708251953125
0.557342529296875
0.433990478515625
0.3013916015625
0.163330078125
0.021148681640625
-0.12060546875
-0.260711669921875
-0.394866943359375
-0.52154541015625
-0.63720703125
-0.740325927734375
-0.828277587890625
-0.899322509765625
-0.9525146484375
-0.985870361328125
-0.99981689453125
-0.993011474609375
-0.9664306640625
-0.920074462890625
-0.8551025390625
-0.77301025390625
-0.67474365234375
-0.563446044921875
-0.44024658203125
-0.30828857421875
-0.1702880859375
-0.028350830078125
0.113677978515625
0.253692626953125
0.388397216796875
0.515380859375
0.631744384765625
0.735565185546875
0.824127197265625
0.896392822265625
0.950042724609375
0.98492431640625
0.999420166015625
0.993927001953125
0.96820068359375
0.9228515625
0.85882568359375
0.77734375
0.68023681640625
0.569061279296875
0.44683837890625
0.314971923828125
0.17724609375
0.03558349609375
-0.106689453125
-0.246734619140625
-0.381866455078125
-0.509185791015625
-0.6263427734375
-0.73052978515625
-0.8203125
-0.8929443359375
-0.948028564453125
-0.983489990234375
-0.999237060546875
-0.994720458984375
-0.969879150390625
-0.92559814453125
-0.862518310546875
-0.781707763671875
-0.68548583984375
-0.574951171875
-0.45306396484375
-0.321929931640625
-0.184051513671875
-0.042816162109375
0.099609375
0.2398681640625
0.375152587890625
0.50323486328125
0.62060546875
0.725799560546875
0.8160400390625
0.889892578125
0.94561767578125
0.982269287109375
0.998870849609375
0.99542236328125
0.97161865234375
0.928314208984375
0.865966796875
0.78631591796875
0.69049072265625
0.580810546875
0.459442138671875
0.32855224609375
0.19122314453125
0.049835205078125
-0.092559814453125
-0.232818603515625
-0.3687744140625
-0.496826171875
-0.6151123046875
-0.720855712890625
-0.8118896484375
-0.88665771484375
-0.943267822265625
-0.9808349609375
-0.998626708984375
-0.9959716796875
-0.973419189453125
-0.9307861328125
-0.86962890625
-0.790557861328125
-0.69573974609375
-0.586639404296875
-0.465667724609375
-0.33538818359375
-0.19805908203125
-0.0570068359375
0.08538818359375
0.22601318359375
0.36199951171875
0.49072265625
0.6094970703125
0.7158203125
0.807769775390625
0.883331298828125
0.940826416015625
0.979583740234375
0.998016357421875
0.99676513671875
0.974822998046875
0.93353271484375
0.873046875
0.794952392578125
0.700836181640625
0.592254638671875
0.47216796875
0.341888427734375
0.2052001953125
0.063995361328125
-0.078216552734375
-0.219085693359375
-0.355316162109375
-0.48455810546875
-0.603790283203125
-0.71087646484375
-0.803558349609375
-0.8798828125
-0.9384765625
-0.97802734375
-0.997650146484375
-0.997283935546875
-0.976409912109375
-0.936065673828125
-0.876434326171875
-0.79931640625
-0.705841064453125
-0.598052978515625
-0.4783935546875
-0.348541259765625
-0.212188720703125
-0.071197509765625
0.0712890625
0.211944580078125
0.348846435546875
0.4781494140625
0.59814453125
0.70587158203125
0.799224853515625
0.8765869140625
0.9359130859375
0.97650146484375
0.99725341796875
0.99761962890625
0.978118896484375
0.938323974609375
0.880096435546875
0.8033447265625
0.7110595703125
0.603607177734375
0.48468017578125
0.355224609375
0.21917724609375
0.078216552734375
-0.064117431640625
-0.20501708984375
-0.3421630859375
-0.471832275390625
-0.592498779296875
-0.70074462890625
-0.794952392578125
-0.873138427734375
-0.933380126953125
-0.9749755859375
-0.99664306640625
-0.99810791015625
-0.97955322265625
-0.940826416015625
-0.883331298828125
-0.8077392578125
-0.715850830078125
-0.6094970703125
-0.49072265625
-0.361968994140625
-0.226043701171875
-0.0853271484375
0.056884765625
0.198150634765625
0.33538818359375
0.46563720703125
0.586639404296875
0.695709228515625
0.790557861328125
0.86968994140625
0.9307861328125
0.973358154296875
0.99603271484375
0.998565673828125
0.98089599609375
0.943267822265625
0.8865966796875
0.81195068359375
0.720794677734375
0.61517333984375
0.496826171875
0.36871337890625
0.232879638671875
0.092498779296875
-0.0498046875
-0.191253662109375
-0.3284912109375
-0.459442138671875
-0.580841064453125
-0.69049072265625
-0.786346435546875
-0.865936279296875
-0.928314208984375
-0.97161865234375
-0.995391845703125
-0.998931884765625
-0.98223876953125
-0.945648193359375
-0.88983154296875
-0.816131591796875
-0.725677490234375
-0.620758056640625
-0.5030517578125
-0.375274658203125
-0.2398681640625
-0.099517822265625
0.042694091796875
0.1842041015625
0.32183837890625
0.453033447265625
0.5750732421875
0.685333251953125
0.781829833984375
0.862518310546875
0.92547607421875
0.97003173828125
0.994598388671875
0.999267578125
0.983551025390625
0.9478759765625
0.893218994140625
0.819976806640625
0.7308349609375
0.626129150390625
0.50927734375
0.3818359375
0.246795654296875
0.106597900390625
-0.0355224609375
-0.17730712890625
-0.314971923828125
-0.446746826171875
-0.569122314453125
-0.680267333984375
-0.777313232421875
-0.858795166015625
-0.922882080078125
-0.96820068359375
-0.993896484375
-0.99951171875
-0.9847412109375
-0.950225830078125
-0.896240234375
-0.82427978515625
-0.735382080078125
-0.631927490234375
-0.5152587890625
-0.388458251953125
-0.253631591796875
-0.113739013671875
0.028472900390625
0.170135498046875
0.308349609375
0.4403076171875
0.563262939453125
0.675048828125
0.772735595703125
0.855255126953125
0.91998291015625
0.966461181640625
0.993072509765625
0.99969482421875
0.986053466796875
0.95233154296875
0.8994140625
0.828277587890625
0.74017333984375
0.637481689453125
0.52130126953125
0.395050048828125
0.260528564453125
0.120758056640625
-0.021331787109375
-0.163055419921875
-0.30169677734375
-0.4337158203125
-0.557586669921875
-0.6695556640625
-0.768341064453125
-0.851470947265625
-0.917205810546875
-0.964599609375
-0.992218017578125
-0.999786376953125
-0.98724365234375
-0.954498291015625
-0.902496337890625
-0.832275390625
-0.74493408203125
-0.64288330078125
-0.5274658203125
-0.40155029296875
-0.267333984375
-0.12799072265625
0.014373779296875
0.15594482421875
0.294921875
0.427276611328125
0.55169677734375
0.66412353515625
0.76397705078125
0.8475341796875
0.914459228515625
0.962615966796875
0.9913330078125
0.999908447265625
0.988372802734375
0.956512451171875
0.905670166015625
0.836029052734375
0.7498779296875
0.64813232421875
0.53363037109375
0.407989501953125
0.274261474609375
0.134979248046875
-0.007171630859375
-0.14898681640625
-0.2879638671875
-0.4210205078125
-0.545501708984375
-0.659027099609375
-0.759124755859375
-0.843902587890625
-0.91143798828125
-0.960723876953125
-0.9903564453125
-0.999969482421875
-0.9893798828125
-0.958587646484375
-0.908599853515625
-0.840057373046875
-0.754425048828125
-0.653717041015625
-0.539459228515625
-0.41461181640625
-0.281036376953125
-0.142059326171875
6.103515625e-05
0.1419677734375
0.28106689453125
0.414581298828125
0.53955078125
0.65362548828125
0.7545166015625
0.8399658203125
0.908599853515625
0.958648681640625
0.989349365234375
0.99993896484375
0.990386962890625
0.96063232421875
0.91156005859375
0.84381103515625
0.7591552734375
0.6590576171875
0.545440673828125
0.421112060546875
0.287811279296875
0.149200439453125
0.006988525390625
-0.13482666015625
-0.274383544921875
-0.407928466796875
-0.53363037109375
-0.64813232421875
-0.7498779296875
-0.8360595703125
-0.905609130859375
-0.95660400390625
-0.988250732421875
-1.0
-0.991302490234375
-0.962615966796875
-0.914459228515625
-0.84759521484375
-0.763824462890625
-0.664337158203125
-0.551422119140625
-0.427581787109375
-0.29461669921875
-0.156158447265625
-0.014251708984375
0.1279296875
0.267364501953125
0.401580810546875
0.527435302734375
0.642822265625
0.74505615234375
0.832183837890625
0.902587890625
0.954376220703125
0.9873046875
0.999725341796875
0.992340087890625
0.9644775390625
0.91729736328125
0.85137939453125
0.76837158203125
0.66961669921875
0.557464599609375
0.433837890625
0.301605224609375
0.16302490234375
0.021484375
-0.120941162109375
-0.26043701171875
-0.39501953125
-0.52142333984375
-0.637298583984375
-0.740325927734375
-0.82818603515625
-0.899444580078125
-0.952301025390625
-0.986114501953125
-0.99957275390625
-0.99322509765625
-0.966278076171875
-0.920166015625
-0.855072021484375
-0.772918701171875
-0.674896240234375
-0.563385009765625
-0.440185546875
-0.308441162109375
-0.170013427734375
-0.028656005859375
0.1138916015625
0.253570556640625
0.38848876953125
0.515289306640625
0.6318359375
0.7354736328125
0.82421875
0.896331787109375
0.9500732421875
0.98486328125
0.999481201171875
0.993896484375
0.968231201171875
0.92279052734375
0.85888671875
0.777252197265625
0.680328369140625
0.56903076171875
0.446807861328125
0.315032958984375
0.177215576171875
0.0355224609375
-0.106536865234375
-0.24688720703125
-0.3817138671875
-0.50933837890625
-0.626220703125
-0.73065185546875
-0.82012939453125
-0.893157958984375
-0.9478759765625
-0.983612060546875
-0.9991455078125
-0.9947509765625
-0.96990966796875
-0.92559814453125
-0.862396240234375
-0.781890869140625
-0.685302734375
-0.57513427734375
-0.45294189453125
-0.321929931640625
-0.18408203125
-0.042816162109375
0.099639892578125
0.23980712890625
0.375244140625
0.503143310546875
0.620635986328125
0.72576904296875
0.81610107421875
0.889801025390625
0.945709228515625
0.982147216796875
0.998992919921875
0.995330810546875
0.97174072265625
0.928131103515625
0.866119384765625
0.786224365234375
0.690521240234375
0.5809326171875
0.459259033203125
0.328704833984375
0.191131591796875
0.0498046875
-0.0924072265625
-0.2330322265625
-0.3685302734375
-0.496978759765625
-0.6151123046875
-0.720794677734375
-0.811981201171875
-0.886566162109375
-0.94329833984375
-0.980926513671875
-0.99847412109375
-0.996185302734375
-0.97314453125
-0.930999755859375
-0.8695068359375
-0.7906494140625
-0.6956787109375
-0.586700439453125
-0.465545654296875
-0.335479736328125
-0.197967529296875
-0.057159423828125
0.08551025390625
0.2259521484375
0.362030029296875
0.49072265625
0.60943603515625
0.715911865234375
0.80767822265625
0.8834228515625
0.940704345703125
0.97967529296875
0.99798583984375
0.996795654296875
0.97479248046875
0.93353271484375
0.873016357421875
0.795013427734375
0.700775146484375
0.592376708984375
0.472015380859375
0.34197998046875
0.205108642578125
0.064117431640625
-0.078338623046875
-0.218963623046875
-0.355438232421875
-0.4844970703125
-0.603759765625
-0.7109375
-0.803466796875
-0.879974365234375
-0.938446044921875
-0.977996826171875
-0.997711181640625
-0.9971923828125
-0.97650146484375
-0.936004638671875
-0.876434326171875
-0.799407958984375
-0.7056884765625
-0.5982666015625
-0.478118896484375
-0.34881591796875
-0.212005615234375
-0.07122802734375
0.0711669921875
0.212158203125
0.3486328125
0.478302001953125
0.598114013671875
0.705780029296875
0.79937744140625
0.87640380859375
0.93609619140625
0.97637939453125
0.997344970703125
0.99755859375
0.978118896484375
0.9383544921875
0.879974365234375
0.80352783203125
0.7109375
0.60369873046875
0.484619140625
0.355224609375
0.219146728515625
0.0782470703125
-0.064056396484375
-0.205078125
-0.34210205078125
-0.471893310546875
-0.592498779296875
-0.70068359375
-0.795013427734375
-0.873077392578125
-0.93341064453125
-0.975006103515625
-0.996551513671875
-0.99822998046875
-0.979461669921875
-0.94085693359375
-0.88336181640625
-0.807708740234375
-0.715850830078125
-0.609527587890625
-0.49066162109375
-0.362030029296875
-0.226043701171875
-0.0853271484375
0.056915283203125
0.19818115234375
0.335296630859375
0.4656982421875
0.586639404296875
0.6956787109375
0.7906494140625
0.869537353515625
0.930908203125
0.97332763671875
0.996002197265625
0.998626708984375
0.980804443359375
0.943389892578125
0.886505126953125
0.81201171875
0.72076416015625
0.61517333984375
0.496826171875
0.368743896484375
0.232818603515625
0.092559814453125
-0.049835205078125
-0.191253662109375
-0.328460693359375
-0.45953369140625
-0.58074951171875
-0.6905517578125
-0.78631591796875
-0.86590576171875
-0.928375244140625
-0.971588134765625
-0.995391845703125
-0.99896240234375
-0.982147216796875
-0.945709228515625
-0.889801025390625
-0.816162109375
-0.725677490234375
-0.6207275390625
-0.5030517578125
-0.375274658203125
-0.2398681640625
-0.09954833984375
0.042724609375
0.18414306640625
0.321929931640625
0.45294189453125
0.575103759765625
0.68536376953125
0.781768798828125
0.862579345703125
0.9254150390625
0.9700927734375
0.994537353515625
0.999298095703125
0.983551025390625
0.94793701171875
0.89306640625
0.8201904296875
0.7305908203125
0.62628173828125
0.50927734375
0.381805419921875
0.246795654296875
0.106597900390625
-0.035552978515625
-0.177215576171875
-0.315032958984375
-0.446746826171875
-0.56915283203125
-0.680206298828125
-0.777374267578125
-0.858795166015625
-0.9228515625
-0.96820068359375
-0.993927001953125
-0.999481201171875
-0.98480224609375
-0.950164794921875
-0.896270751953125
-0.824249267578125
-0.735443115234375
-0.631805419921875
-0.515380859375
-0.38836669921875
-0.25372314453125
-0.113677978515625
0.028472900390625
0.17010498046875
0.308380126953125
0.440277099609375
0.563323974609375
0.674957275390625
0.772796630859375
0.855224609375
0.91998291015625
0.966552734375
0.992889404296875
0.9998779296875
0.985870361328125
0.952484130859375
0.89935302734375
0.828216552734375
0.740325927734375
0.637298583984375
0.52142333984375
0.395050048828125
0.26043701171875
0.120880126953125
-0.021331787109375
-0.16326904296875
-0.30133056640625
-0.434112548828125
-0.5572509765625
-0.66973876953125
-0.768310546875
-0.8514404296875
-0.917266845703125
-0.964569091796875
-0.992156982421875
-0.999908447265625
-0.987152099609375
-0.95452880859375
-0.90252685546875
-0.832183837890625
-0.745025634765625
-0.642852783203125
-0.52740478515625
-0.401611328125
-0.267364501953125
-0.127899169921875
0.0142822265625
0.15606689453125
0.294708251953125
0.427581787109375
0.551361083984375
0.6644287109375
0.76373291015625
0.847625732421875
0.91448974609375
0.962554931640625
0.991424560546875
0.99981689453125
0.988433837890625
0.95648193359375
0.9056396484375
0.83612060546875
0.749786376953125
0.648223876953125
0.533538818359375
0.40802001953125
0.274322509765625
0.13482666015625
-0.0069580078125
-0.149200439453125
-0.287872314453125
-0.420989990234375
-0.54559326171875
-0.658935546875
-0.759185791015625
-0.8438720703125
-0.9114990234375
-0.96063232421875
-0.990447998046875
-0.999908447265625
-0.989410400390625
-0.958648681640625
-0.908538818359375
-0.840087890625
-0.754425048828125
-0.653656005859375
-0.53955078125
-0.41448974609375
-0.28118896484375
-0.141937255859375
-3.0517578125e-05
0.141998291015625
0.2811279296875
0.41455078125
0.53948974609375
0.653717041015625
0.754364013671875
0.840118408203125
0.908538818359375
0.9586181640625
0.989410400390625
0.99993896484375
0.990386962890625
0.960693359375
0.911468505859375
0.843902587890625
0.75909423828125
0.659027099609375
0.545562744140625
0.420928955078125
0.288055419921875
0.14892578125
0.0072021484375
-0.135009765625
-0.27423095703125
-0.40802001953125
-0.533599853515625
-0.648162841796875
-0.749847412109375
-0.836090087890625
-0.905609130859375
-0.95654296875
-0.98834228515625
-0.99993896484375
-0.991302490234375
-0.962646484375
-0.9144287109375
-0.84759521484375
-0.76385498046875
-0.66424560546875
-0.551605224609375
-0.427337646484375
-0.29486083984375
-0.156005859375
-0.0142822265625
0.127838134765625
0.26751708984375
0.401397705078125
0.527618408203125
0.6427001953125
0.745086669921875
0.832244873046875
0.902435302734375
0.954559326171875
0.9871826171875
0.999847412109375
0.992218017578125
0.964569091796875
0.917205810546875
0.85150146484375
0.768310546875
0.66961669921875
0.557464599609375
0.433837890625
0.3016357421875
0.16302490234375
0.021453857421875
-0.120941162109375
-0.260345458984375
-0.395233154296875
-0.52117919921875
-0.6375732421875
-0.740020751953125
-0.828460693359375
-0.899261474609375
-0.9525146484375
-0.985870361328125
-0.999786376953125
-0.9930419921875
-0.966461181640625
-0.920013427734375
-0.85516357421875
-0.77288818359375
-0.674896240234375
-0.563385009765625
-0.440216064453125
-0.308349609375
-0.170196533203125
-0.02838134765625
0.11358642578125
0.2537841796875
0.38836669921875
0.515350341796875
0.6318359375
0.735443115234375
0.82421875
0.89630126953125
0.950164794921875
0.98480224609375
0.99951171875
0.993896484375
0.9681396484375
0.922943115234375
0.8587646484375
0.77740478515625
0.680145263671875
0.569183349609375
0.446685791015625
0.315093994140625
0.17724609375
0.03546142578125
-0.106536865234375
-0.246826171875
-0.3818359375
-0.50921630859375
-0.62628173828125
-0.73065185546875
-0.82012939453125
-0.893157958984375
-0.9478759765625
-0.983551025390625
-0.999298095703125
-0.994537353515625
-0.9700927734375
-0.925506591796875
-0.862457275390625
-0.781829833984375
-0.68536376953125
-0.575042724609375
-0.453033447265625
-0.321868896484375
-0.18414306640625
-0.042724609375
0.099517822265625
0.239959716796875
0.3751220703125
0.503204345703125
0.62060546875
0.725860595703125
0.815948486328125
0.889984130859375
0.945526123046875
0.982269287109375
0.998992919921875
0.99530029296875
0.971710205078125
0.92822265625
0.86602783203125
0.786285400390625
0.69049072265625
0.5809326171875
0.459259033203125
0.3287353515625
0.19110107421875
0.049774169921875
-0.092376708984375
-0.233001708984375
-0.36859130859375
-0.496917724609375
-0.6151123046875
-0.72088623046875
-0.81182861328125
-0.88665771484375
-0.943328857421875
-0.98077392578125
-0.998687744140625
-0.9959716796875
-0.973297119140625
-0.93096923828125
-0.869476318359375
-0.790679931640625
-0.695709228515625
-0.586578369140625
-0.465728759765625
-0.3353271484375
-0.1981201171875
-0.0570068359375
0.08544921875
0.225921630859375
0.362091064453125
0.49066162109375
0.6094970703125
0.715850830078125
0.80780029296875
0.883209228515625
0.94097900390625
0.97943115234375
0.99810791015625
0.996734619140625
0.974884033203125
0.933441162109375
0.87310791015625
0.794921875
0.7008056640625
0.592376708984375
0.47198486328125
0.342041015625
0.205108642578125
0.0640869140625
-0.078338623046875
-0.218963623046875
-0.35546875
-0.484405517578125
-0.6038818359375
-0.7108154296875
-0.8035888671875
-0.8798828125
-0.938507080078125
-0.977996826171875
-0.99761962890625
-0.997344970703125
-0.976348876953125
-0.936126708984375
-0.87640380859375
-0.79937744140625
-0.705718994140625
-0.598236083984375
-0.4781494140625
-0.348785400390625
-0.21209716796875
-0.071075439453125
0.071044921875
0.21221923828125
0.348602294921875
0.478271484375
0.59820556640625
0.705718994140625
0.799407958984375
0.8763427734375
0.936126708984375
0.97637939453125
0.997314453125
0.99761962890625
0.978057861328125
0.938385009765625
0.8800048828125
0.803497314453125
0.71087646484375
0.603851318359375
0.484405517578125
0.355499267578125
0.21893310546875
0.078369140625
-0.064117431640625
-0.205108642578125
-0.342010498046875
-0.472015380859375
-0.59234619140625
-0.700836181640625
-0.794921875
-0.87310791015625
-0.933441162109375
-0.974884033203125
-0.99676513671875
-0.998016357421875
-0.979644775390625
-0.940673828125
-0.883514404296875
-0.807525634765625
-0.716064453125
-0.609344482421875
-0.490753173828125
-0.362060546875
-0.22589111328125
-0.08551025390625
0.05712890625
0.19793701171875
0.33551025390625
0.465545654296875
0.586761474609375
0.695587158203125
0.790679931640625
0.8695068359375
0.930938720703125
0.9732666015625
0.99609375
0.99853515625
0.980865478515625
0.94329833984375
0.8865966796875
0.81195068359375
0.7208251953125
0.615081787109375
0.4969482421875
0.368560791015625
0.23309326171875
0.09228515625
-0.0496826171875
-0.191253662109375
-0.328521728515625
-0.459503173828125
-0.5806884765625
-0.69073486328125
-0.786041259765625
-0.8662109375
-0.928070068359375
-0.971832275390625
-0.9952392578125
-0.999053955078125
-0.982086181640625
-0.94573974609375
-0.889801025390625
-0.816131591796875
-0.725738525390625
-0.620635986328125
-0.503173828125
-0.375152587890625
-0.239990234375
-0.09942626953125
0.0426025390625
0.184234619140625
0.3218994140625
0.45294189453125
0.57513427734375
0.685302734375
0.7818603515625
0.862457275390625
0.925506591796875
0.970062255859375
0.99456787109375
0.999298095703125
0.9835205078125
0.947906494140625
0.893157958984375
0.820098876953125
0.730712890625
0.62615966796875
0.50933837890625
0.38177490234375
0.24676513671875
0.10675048828125
-0.0357666015625
-0.177001953125
-0.315216064453125
-0.446624755859375
-0.5692138671875
-0.680145263671875
-0.77740478515625
-0.858795166015625
-0.9228515625
-0.968231201171875
-0.99383544921875
-0.99957275390625
-0.9847412109375
-0.950225830078125
-0.896240234375
-0.824249267578125
-0.7354736328125
-0.631744384765625
-0.51544189453125
-0.388336181640625
-0.253753662109375
-0.1136474609375
0.028472900390625
0.17010498046875
0.308380126953125
0.44024658203125
0.5633544921875
0.6749267578125
0.77288818359375
0.8551025390625
0.920135498046875
0.966339111328125
0.993133544921875
0.99969482421875
0.98602294921875
0.952301025390625
0.8995361328125
0.828094482421875
0.740447998046875
0.63720703125
0.521392822265625
0.395111083984375
0.26043701171875
0.120849609375
-0.02130126953125
-0.16326904296875
-0.3013916015625
-0.43402099609375
-0.557342529296875
-0.669677734375
-0.768341064453125
-0.851348876953125
-0.91741943359375
-0.96435546875
-0.992401123046875
-0.99969482421875
-0.987274169921875
-0.954437255859375
-0.902618408203125
-0.832122802734375
-0.745086669921875
-0.64276123046875
-0.527496337890625
-0.40155029296875
-0.2674560546875
-0.12774658203125
0.01409912109375
0.156158447265625
0.294769287109375
0.427398681640625
0.55157470703125
0.66424560546875
0.763824462890625
0.847625732421875
0.9144287109375
0.962677001953125
0.9912109375
0.999969482421875
0.988128662109375
0.956756591796875
0.90545654296875
0.83624267578125
0.749664306640625
0.648345947265625
0.533447265625
0.408111572265625
0.274200439453125
0.134979248046875
-0.00714111328125
-0.148956298828125
-0.2880859375
-0.42083740234375
-0.54571533203125
-0.6588134765625
-0.759307861328125
-0.843719482421875
-0.91162109375
-0.960601806640625
-0.99041748046875
-0.99993896484375
-0.9893798828125
-0.9586181640625
-0.90869140625
-0.83984375
-0.754669189453125
-0.65338134765625
-0.539825439453125
-0.41436767578125
-0.281158447265625
-0.141998291015625
3.0517578125e-05
0.141937255859375
0.2811279296875
0.41455078125
0.539520263671875
0.6536865234375
0.75439453125
0.84014892578125
0.908416748046875
0.95880126953125
0.989288330078125
0.999969482421875
0.990325927734375
0.960693359375
0.9114990234375
0.843902587890625
0.75909423828125
0.65899658203125
0.54559326171875
0.420928955078125
0.28802490234375
0.148956298828125
0.0072021484375
-0.134979248046875
-0.2742919921875
-0.407958984375
-0.53363037109375
-0.648101806640625
-0.749908447265625
-0.8360595703125
-0.905609130859375
-0.956573486328125
-0.98834228515625
-0.9998779296875
-0.991424560546875
-0.962493896484375
-0.914520263671875
-0.84759521484375
-0.763824462890625
-0.664276123046875
-0.55157470703125
-0.427337646484375
-0.29486083984375
-0.156036376953125
-0.01422119140625
0.127777099609375
0.267547607421875
0.401397705078125
0.527557373046875
0.642822265625
0.74493408203125
0.832366943359375
0.902374267578125
0.954620361328125
0.98712158203125
0.999847412109375
0.99224853515625
0.96453857421875
0.917266845703125
0.8514404296875
0.768280029296875
0.669708251953125
0.557373046875
0.4339599609375
0.301513671875
0.163116455078125
0.021392822265625
-0.120849609375
-0.260498046875
-0.394989013671875
-0.521453857421875
-0.63726806640625
-0.7403564453125
-0.828155517578125
-0.899505615234375
-0.9522705078125
-0.98614501953125
-0.999603271484375
-0.99310302734375
-0.966461181640625
-0.919921875
-0.8553466796875
-0.772705078125
-0.675048828125
-0.563232421875
-0.44036865234375
-0.3082275390625
-0.1702880859375
-0.028350830078125
0.113616943359375
0.253753662109375
0.388336181640625
0.51544189453125
0.631683349609375
0.735595703125
0.824127197265625
0.8963623046875
0.95013427734375
0.984771728515625
0.999542236328125
0.993896484375
0.968170166015625
0.922882080078125
0.858795166015625
0.77740478515625
0.68011474609375
0.569244384765625
0.44659423828125
0.315185546875
0.177154541015625
0.03558349609375
-0.106689453125
-0.246673583984375
-0.3819580078125
-0.50909423828125
-0.62640380859375
-0.73052978515625
-0.8201904296875
-0.893157958984375
-0.947845458984375
-0.98358154296875
-0.999267578125
-0.99456787109375
-0.9700927734375
-0.92547607421875
-0.862457275390625
-0.7818603515625
-0.68536376953125
-0.575042724609375
-0.453033447265625
-0.32183837890625
-0.184173583984375
-0.042755126953125
0.099578857421875
0.2398681640625
0.375244140625
0.503143310546875
0.620635986328125
0.72576904296875
0.8160400390625
0.889923095703125
0.94561767578125
0.98223876953125
0.998931884765625
0.995330810546875
0.97174072265625
0.928192138671875
0.86602783203125
0.7862548828125
0.6905517578125
0.580841064453125
0.45941162109375
0.32855224609375
0.191162109375
0.0499267578125
-0.092620849609375
-0.2327880859375
-0.3687744140625
-0.496826171875
-0.615081787109375
-0.720916748046875
-0.81182861328125
-0.88671875
-0.94317626953125
-0.980987548828125
-0.99847412109375
-0.996063232421875
-0.973358154296875
-0.930816650390625
-0.86962890625
-0.79058837890625
-0.6956787109375
-0.586700439453125
-0.465606689453125
-0.335418701171875
-0.197998046875
-0.057098388671875
0.08544921875
0.225982666015625
0.362030029296875
0.49072265625
0.609466552734375
0.715850830078125
0.80780029296875
0.88323974609375
0.94097900390625
0.97930908203125
0.99835205078125
0.996490478515625
0.97503662109375
0.933349609375
0.8731689453125
0.794830322265625
0.701019287109375
0.592132568359375
0.472137451171875
0.341949462890625
0.205108642578125
0.064208984375
-0.07843017578125
-0.218994140625
-0.355377197265625
-0.48455810546875
-0.6036376953125
-0.7110595703125
-0.803436279296875
-0.879974365234375
-0.93841552734375
-0.977996826171875
-0.997772216796875
-0.99713134765625
-0.9765625
-0.9359130859375
-0.876495361328125
-0.799346923828125
-0.705810546875
-0.59808349609375
-0.478363037109375
-0.348541259765625
-0.21221923828125
-0.07110595703125
0.071136474609375
0.21209716796875
0.348724365234375
0.478179931640625
0.598236083984375
0.7056884765625
0.799407958984375
0.87646484375
0.93597412109375
0.976531982421875
0.9970703125
0.997894287109375
0.97784423828125
0.9385986328125
0.87982177734375
0.803558349609375
0.710906982421875
0.603759765625
0.48455810546875
0.355316162109375
0.21905517578125
0.078338623046875
-0.064117431640625
-0.20513916015625
-0.341949462890625
-0.472076416015625
-0.59228515625
-0.7008056640625
-0.795074462890625
-0.8729248046875
-0.933563232421875
-0.974822998046875
-0.9967041015625
-0.9981689453125
-0.97943115234375
-0.940948486328125
-0.88323974609375
-0.80780029296875
-0.715789794921875
-0.609588623046875
-0.490570068359375
-0.362213134765625
-0.225799560546875
-0.085540771484375
0.05706787109375
0.198089599609375
0.335296630859375
0.465789794921875
0.58648681640625
0.695831298828125
0.79046630859375
0.8697509765625
0.930694580078125
0.973480224609375
0.995880126953125
0.99871826171875
0.980743408203125
0.94342041015625
0.886474609375
0.81201171875
0.720794677734375
0.6151123046875
0.4969482421875
0.36859130859375
0.23297119140625
0.0924072265625
-0.04974365234375
-0.191253662109375
-0.328521728515625
-0.45941162109375
-0.580841064453125
-0.6905517578125
-0.7862548828125
-0.866058349609375
-0.92822265625
-0.971649169921875
-0.995391845703125
-0.9989013671875
-0.982330322265625
-0.94549560546875
-0.8900146484375
-0.81591796875
-0.72589111328125
-0.62060546875
-0.503143310546875
-0.37518310546875
-0.23992919921875
-0.09954833984375
0.042755126953125
0.18414306640625
0.321868896484375
0.4530029296875
0.575042724609375
0.6854248046875
0.781768798828125
0.862518310546875
0.92547607421875
0.970001220703125
0.99468994140625
0.999237060546875
0.9835205078125
0.94793701171875
0.893096923828125
0.820159912109375
0.73065185546875
0.62628173828125
0.509185791015625
0.381927490234375
0.246673583984375
0.106689453125
-0.035552978515625
-0.17724609375
-0.31500244140625
-0.44677734375
-0.569183349609375
-0.68011474609375
-0.777374267578125
-0.85888671875
-0.922760009765625
-0.96832275390625
-0.993804931640625
-0.99951171875
-0.98486328125
-0.9500732421875
-0.89642333984375
-0.824066162109375
-0.735626220703125
-0.6317138671875
-0.515350341796875
-0.38848876953125
-0.253570556640625
-0.113861083984375
0.02862548828125
0.170013427734375
0.308441162109375
0.44024658203125
0.563323974609375
0.6749267578125
0.77288818359375
0.8551025390625
0.920135498046875
0.96636962890625
0.993072509765625
0.999725341796875
0.985992431640625
0.952423095703125
0.899322509765625
0.828338623046875
0.74017333984375
0.63739013671875
0.52142333984375
0.39495849609375
0.260589599609375
0.12078857421875
-0.02142333984375
-0.16302490234375
-0.3016357421875
-0.43377685546875
-0.557525634765625
-0.669586181640625
-0.76837158203125
-0.851409912109375
-0.917266845703125
-0.964569091796875
-0.992156982421875
-0.999908447265625
-0.98712158203125
-0.95458984375
-0.902496337890625
-0.832183837890625
-0.745025634765625
-0.64288330078125
-0.52734375
-0.4017333984375
-0.2672119140625
-0.128021240234375
0.014312744140625
0.15606689453125
0.294769287109375
0.42742919921875
0.551483154296875
0.66436767578125
0.763763427734375
0.84765625
0.9144287109375
0.96258544921875
0.9913330078125
0.99993896484375
0.98834228515625
0.95654296875
0.9056396484375
0.8360595703125
0.749786376953125
0.6483154296875
0.533447265625
0.408050537109375
0.274322509765625
0.134857177734375
-0.007049560546875
-0.1490478515625
-0.287994384765625
-0.42095947265625
-0.545562744140625
-0.65899658203125
-0.75909423828125
-0.84393310546875
-0.91143798828125
-0.96075439453125
-0.99029541015625
-1.0
-0.989349365234375
-0.95867919921875
-0.908538818359375
-0.840087890625
-0.754364013671875
-0.653778076171875
-0.5394287109375
-0.41461181640625
-0.281097412109375
-0.141937255859375
-9.1552734375e-05
0.142059326171875
0.2811279296875
0.414459228515625
0.5396728515625
0.653472900390625
0.754638671875
0.83990478515625
0.90863037109375
0.9586181640625
0.9893798828125
0.999969482421875
0.9903564453125
0.960662841796875
0.911529541015625
0.843841552734375
0.7591552734375
0.65899658203125
0.54559326171875
0.4208984375
0.288055419921875
0.14892578125
0.0072021484375
-0.134918212890625
-0.274322509765625
-0.40802001953125
-0.533477783203125
-0.648345947265625
-0.7496337890625
-0.83624267578125
-0.905517578125
-0.95660400390625
-0.98828125
-0.999969482421875
-0.991241455078125
-0.962738037109375
-0.914306640625
-0.84771728515625
-0.763763427734375
-0.664337158203125
-0.55145263671875
-0.42755126953125
-0.294647216796875
-0.1561279296875
-0.0142822265625
0.127960205078125
0.26727294921875
0.401702880859375
0.527313232421875
0.6429443359375
0.744903564453125
0.83233642578125
0.902435302734375
0.954559326171875
0.98712158203125
0.9998779296875
0.99224853515625
0.964508056640625
0.917327880859375
0.851348876953125
0.768402099609375
0.66961669921875
0.55743408203125
0.433929443359375
0.30145263671875
0.16326904296875
0.02117919921875
-0.120635986328125
-0.26068115234375
-0.394866943359375
-0.52154541015625
-0.637237548828125
-0.740325927734375
-0.8282470703125
-0.89935302734375
-0.952484130859375
-0.985870361328125
-0.999786376953125
-0.993072509765625
-0.96636962890625
-0.920166015625
-0.855010986328125
-0.77294921875
-0.6749267578125
-0.56329345703125
-0.44036865234375
-0.308197021484375
-0.170257568359375
-0.0284423828125
0.11370849609375
0.253662109375
0.388458251953125
0.51531982421875
0.631805419921875
0.735504150390625
0.82415771484375
0.8963623046875
0.950103759765625
0.98486328125
0.99945068359375
0.993927001953125
0.968170166015625
0.922882080078125
0.858795166015625
0.77740478515625
0.68011474609375
0.569244384765625
0.446624755859375
0.315155029296875
0.177093505859375
0.03570556640625
-0.106781005859375
-0.246612548828125
-0.38201904296875
-0.509063720703125
-0.626434326171875
-0.730499267578125
-0.82025146484375
-0.89306640625
-0.947906494140625
-0.98358154296875
-0.999237060546875
-0.994659423828125
-0.969940185546875
-0.92559814453125
-0.8624267578125
-0.781829833984375
-0.6854248046875
-0.574951171875
-0.453125
-0.32177734375
-0.184234619140625
-0.042694091796875
0.099578857421875
0.23980712890625
0.375335693359375
0.50299072265625
0.620819091796875
0.725616455078125
0.81622314453125
0.889678955078125
0.945831298828125
0.9820556640625
0.99908447265625
0.9952392578125
0.971771240234375
0.928131103515625
0.866119384765625
0.78619384765625
0.690582275390625
0.580780029296875
0.45947265625
0.328521728515625
0.19122314453125
0.0498046875
-0.092498779296875
-0.232879638671875
-0.36865234375
-0.4969482421875
-0.61505126953125
-0.720855712890625
-0.811920166015625
-0.8865966796875
-0.943328857421875
-0.9808349609375
-0.99859619140625
-0.9959716796875
-0.973419189453125
-0.9307861328125
-0.869598388671875
-0.790679931640625
-0.695587158203125
-0.58673095703125
-0.465606689453125
-0.335357666015625
-0.198150634765625
-0.056976318359375
0.08544921875
0.225921630859375
0.362091064453125
0.49066162109375
0.6094970703125
0.71588134765625
0.8077392578125
0.88330078125
0.94085693359375
0.979522705078125
0.998138427734375
0.99664306640625
0.97491455078125
0.9334716796875
0.873016357421875
0.7950439453125
0.700714111328125
0.5924072265625
0.4720458984375
0.3419189453125
0.205230712890625
0.06396484375
-0.07818603515625
-0.2191162109375
-0.355316162109375
-0.48455810546875
-0.603729248046875
-0.710906982421875
-0.803558349609375
-0.879913330078125
-0.9384765625
-0.977996826171875
-0.997711181640625
-0.99713134765625
-0.97662353515625
-0.935882568359375
-0.876617431640625
-0.799224853515625
-0.705780029296875
-0.598236083984375
-0.4781494140625
-0.348846435546875
-0.21197509765625
-0.07122802734375
0.07122802734375
0.212005615234375
0.348785400390625
0.478179931640625
0.598175048828125
0.705810546875
0.79925537109375
0.876556396484375
0.936004638671875
0.9764404296875
0.99725341796875
0.997650146484375
0.97802734375
0.938507080078125
0.879852294921875
0.803619384765625
0.710784912109375
0.603912353515625
0.48443603515625
0.3553466796875
0.219085693359375
0.078277587890625
-0.064056396484375
-0.205169677734375
-0.341949462890625
-0.472076416015625
-0.59228515625
-0.700836181640625
-0.79498291015625
-0.873046875
-0.933502197265625
-0.974853515625
-0.9967041015625
-0.99810791015625
-0.979522705078125
-0.94085693359375
-0.88330078125
-0.807769775390625
-0.715850830078125
-0.6094970703125
-0.49066162109375
-0.362091064453125
-0.225921630859375
-0.085418701171875
0.056976318359375
0.1981201171875
0.3353271484375
0.465728759765625
0.586578369140625
0.695709228515625
0.790618896484375
0.869598388671875
0.93084716796875
0.973358154296875
0.9959716796875
0.99859619140625
0.98089599609375
0.943267822265625
0.886627197265625
0.811920166015625
0.7208251953125
0.61505126953125
0.49700927734375
0.36859130859375
0.23291015625
0.092529296875
-0.0499267578125
-0.1910400390625
-0.328704833984375
-0.459259033203125
-0.581024169921875
-0.690338134765625
-0.78643798828125
-0.865875244140625
-0.9283447265625
-0.97161865234375
-0.995391845703125
-0.9989013671875
-0.982269287109375
-0.945587158203125
-0.889923095703125
-0.8160400390625
-0.725799560546875
-0.62060546875
-0.503173828125
-0.37518310546875
-0.239898681640625
-0.099578857421875
0.042755126953125
0.18414306640625
0.321868896484375
0.453094482421875
0.574951171875
0.685455322265625
0.78173828125
0.862518310546875
0.925537109375
0.970001220703125
0.994598388671875
0.999298095703125
0.9835205078125
0.9478759765625
0.893218994140625
0.82000732421875
0.73077392578125
0.626190185546875
0.50921630859375
0.381927490234375
0.246673583984375
0.10675048828125
-0.03570556640625
-0.177093505859375
-0.315093994140625
-0.446746826171875
-0.569091796875
-0.6802978515625
-0.777252197265625
-0.85888671875
-0.922821044921875
-0.96820068359375
-0.993927001953125
-0.999481201171875
-0.98480224609375
-0.9501953125
-0.896270751953125
-0.824188232421875
-0.735504150390625
-0.631805419921875
-0.51531982421875
-0.38848876953125
-0.253570556640625
-0.11376953125
0.0284423828125
0.17022705078125
0.308258056640625
0.44036865234375
0.563262939453125
0.674957275390625
0.7728271484375
0.855224609375
0.91998291015625
0.966461181640625
0.99310302734375
0.9996337890625
0.986114501953125
0.9522705078125
0.899444580078125
0.828277587890625
0.740234375
0.63739013671875
0.521331787109375
0.395050048828125
0.260498046875
0.120849609375
-0.02142333984375
-0.16302490234375
-0.301666259765625
-0.433746337890625
-0.557586669921875
-0.669525146484375
-0.768402099609375
-0.85137939453125
-0.91729736328125
-0.96453857421875
-0.992218017578125
-0.999847412109375
-0.987213134765625
-0.954498291015625
-0.90252685546875
-0.8321533203125
-0.745147705078125
-0.642669677734375
-0.527618408203125
-0.40142822265625
-0.2674560546875
-0.12786865234375
0.0142822265625
0.156005859375
0.294830322265625
0.427398681640625
0.551544189453125
0.664306640625
0.763824462890625
0.847564697265625
0.91448974609375
0.962615966796875
0.991302490234375
0.999969482421875
0.98822021484375
0.95660400390625
0.9056396484375
0.836029052734375
0.7498779296875
0.648162841796875
0.533599853515625
0.407989501953125
0.274261474609375
0.134979248046875
-0.0072021484375
-0.14892578125
-0.2880859375
-0.420867919921875
-0.545623779296875
-0.658935546875
-0.75921630859375
-0.843841552734375
-0.9114990234375
-0.960662841796875
-0.990386962890625
-0.99993896484375
-0.98944091796875
-0.958587646484375
-0.90863037109375
-0.839935302734375
-0.754547119140625
-0.653594970703125
-0.53961181640625
-0.414459228515625
-0.28118896484375
-0.14190673828125
-6.103515625e-05
0.141998291015625
0.2811279296875
0.41448974609375
0.53961181640625
0.653594970703125
0.7545166015625
0.839996337890625
0.908538818359375
0.958740234375
0.9892578125
0.99993896484375
0.990386962890625
0.96063232421875
0.911529541015625
0.843902587890625
0.759063720703125
0.659027099609375
0.545562744140625
0.420989990234375
0.28790283203125
0.149139404296875
0.0069580078125
-0.134735107421875
-0.274444580078125
-0.407928466796875
-0.5335693359375
-0.648284912109375
-0.74969482421875
-0.836212158203125
-0.905487060546875
-0.956634521484375
-0.98834228515625
-0.9998779296875
-0.9913330078125
-0.96270751953125
-0.914276123046875
-0.84783935546875
-0.76361083984375
-0.66436767578125
-0.55157470703125
-0.427337646484375
-0.29486083984375
-0.156036376953125
-0.0142822265625
0.1279296875
0.267333984375
0.401611328125
0.5274658203125
0.64276123046875
0.74505615234375
0.832244873046875
0.902435302734375
0.95465087890625
0.987030029296875
0.99993896484375
0.9921875
0.96453857421875
0.917327880859375
0.851348876953125
0.76837158203125
0.669647216796875
0.557373046875
0.433990478515625
0.30145263671875
0.163177490234375
0.021331787109375
-0.120819091796875
-0.260498046875
-0.39501953125
-0.521392822265625
-0.63739013671875
-0.740142822265625
-0.828460693359375
-0.899169921875
-0.952606201171875
-0.985809326171875
-0.999786376953125
-0.993133544921875
-0.966278076171875
-0.920196533203125
-0.8551025390625
-0.772857666015625
-0.674957275390625
-0.563323974609375
-0.44024658203125
-0.308380126953125
-0.170166015625
-0.028411865234375
0.1136474609375
0.25372314453125
0.388397216796875
0.515350341796875
0.6318359375
0.73541259765625
0.82427978515625
0.896270751953125
0.950164794921875
0.984832763671875
0.999420166015625
0.99395751953125
0.968170166015625
0.92291259765625
0.858734130859375
0.777435302734375
0.680145263671875
0.569183349609375
0.446685791015625
0.31512451171875
0.1771240234375
0.035675048828125
-0.10675048828125
-0.246673583984375
-0.38189697265625
-0.509246826171875
-0.626220703125
-0.730682373046875
-0.82012939453125
-0.893096923828125
-0.947967529296875
-0.9835205078125
-0.999267578125
-0.994598388671875
-0.970001220703125
-0.925567626953125
-0.8624267578125
