0.00067138671875
0.00091552734375
0.0003662109375
0.00177001953125
0.002044677734375
0.001678466796875
0.000823974609375
-0.000213623046875
0.003204345703125
0.002044677734375
0.001617431640625
-0.001617431640625
9.1552734375e-05
0.00384521484375
0.0042724609375
0.00445556640625
0.0074462890625
0.00408935546875
-0.001800537109375
-0.001953125
0.00225830078125
0.001007080078125
0.00042724609375
-0.002838134765625
-6.103515625e-05
0.00579833984375
-0.001007080078125
-0.00225830078125
0.0030517578125
0.003692626953125
0.00531005859375
0.0047607421875
0.006683349609375
0.008056640625
-0.00164794921875
-0.011566162109375
-0.01031494140625
-0.0074462890625
-0.008697509765625
-0.003082275390625
0.005218505859375
0.006103515625
-0.000213623046875
-0.004486083984375
0.005584716796875
0.010009765625
-0.001434326171875
-0.013702392578125
-0.0118408203125
0.000823974609375
0.002960205078125
-0.00726318359375
-0.012969970703125
-0.01220703125
-0.003875732421875
0.000396728515625
0.00445556640625
0.012603759765625
0.005096435546875
-0.0074462890625
-0.011932373046875
-0.0123291015625
-0.00726318359375
-0.0030517578125
-0.00714111328125
-0.002410888671875
0.0078125
0.008392333984375
0.004302978515625
0.002349853515625
-0.007232666015625
-0.00762939453125
-3.0517578125e-05
0.0035400390625
0.006561279296875
-0.000274658203125
-0.001678466796875
0.001983642578125
-0.007598876953125
-0.0087890625
-0.00213623046875
0.00030517578125
-0.00732421875
-0.0101318359375
-0.00286865234375
-0.001312255859375
-0.01416015625
-0.019866943359375
-0.014892578125
-0.00421142578125
-0.004150390625
-0.014404296875
-0.025604248046875
-0.019805908203125
0.000762939453125
0.00555419921875
0.00531005859375
0.008056640625
0.02001953125
0.02069091796875
0.010528564453125
0.013153076171875
-0.00347900390625
-0.017425537109375
0.00390625
-0.007080078125
-0.03668212890625
-0.066925048828125
-0.0433349609375
-0.00201416015625
-0.032318115234375
-0.087982177734375
-0.0462646484375
0.035614013671875
0.054351806640625
-0.01849365234375
-0.0850830078125
-0.014617919921875
0.05908203125
-0.00421142578125
-0.063385009765625
0.078338623046875
0.11297607421875
-0.090606689453125
-0.348297119140625
-0.228515625
0.211639404296875
0.286468505859375
-0.076904296875
-0.269744873046875
-0.241851806640625
-0.316864013671875
-0.3792724609375
-0.324005126953125
-0.08001708984375
0.0875244140625
0.029388427734375
0.0047607421875
0.207061767578125
0.351043701171875
0.268463134765625
0.140960693359375
0.12957763671875
0.205780029296875
0.272125244140625
0.272979736328125
0.190521240234375
0.127410888671875
0.069610595703125
0.0706787109375
0.156890869140625
0.191986083984375
0.171478271484375
0.13397216796875
0.065521240234375
0.051605224609375
0.08831787109375
0.10601806640625
0.09906005859375
0.065521240234375
0.021087646484375
0.024078369140625
0.09600830078125
0.134521484375
0.0989990234375
0.09130859375
0.0225830078125
-0.171661376953125
-0.46124267578125
-0.61700439453125
-0.52227783203125
-0.36102294921875
-0.28704833984375
-0.25006103515625
-0.071624755859375
0.1123046875
0.113677978515625
-0.080108642578125
-0.2501220703125
-0.33941650390625
-0.50274658203125
-0.623565673828125
-0.447845458984375
-0.198150634765625
-0.08123779296875
-0.105743408203125
-0.218109130859375
-0.2750244140625
-0.263519287109375
-0.229736328125
-0.17852783203125
-0.13323974609375
-0.158172607421875
-0.217498779296875
-0.24078369140625
-0.1158447265625
0.130950927734375
0.230133056640625
0.11590576171875
0.102874755859375
0.220794677734375
0.34942626953125
0.473297119140625
0.46490478515625
0.326904296875
0.11834716796875
-0.070281982421875
-0.0869140625
0.032318115234375
0.2506103515625
0.52679443359375
0.73199462890625
0.712677001953125
0.577484130859375
0.613525390625
0.76025390625
0.499542236328125
0.11181640625
0.10406494140625
0.316314697265625
0.466705322265625
0.22552490234375
0.0682373046875
0.290771484375
0.397796630859375
0.15948486328125
0.05010986328125
0.18310546875
0.33905029296875
0.336517333984375
0.203460693359375
0.13336181640625
0.139984130859375
0.057586669921875
-0.142425537109375
-0.2027587890625
-0.186492919921875
-0.1986083984375
-0.3798828125
-0.5040283203125
-0.4786376953125
-0.5296630859375
-0.8001708984375
-0.999908447265625
-0.93670654296875
-0.819793701171875
-0.842803955078125
-0.939666748046875
-0.752044677734375
-0.359771728515625
-0.29510498046875
-0.564727783203125
-0.60467529296875
-0.509063720703125
-0.55120849609375
-0.767333984375
-0.8875732421875
-0.765045166015625
-0.431610107421875
0.0389404296875
0.272064208984375
0.271392822265625
0.13812255859375
-0.027923583984375
-0.10089111328125
-0.183380126953125
-0.14495849609375
0.048736572265625
0.2069091796875
0.223907470703125
0.17999267578125
0.223419189453125
0.396026611328125
0.5672607421875
0.60113525390625
0.63153076171875
0.708709716796875
0.708770751953125
0.6376953125
0.6146240234375
0.7017822265625
0.848541259765625
0.862823486328125
0.772857666015625
0.758453369140625
0.878509521484375
0.881927490234375
0.81182861328125
0.842681884765625
0.881378173828125
0.813385009765625
0.54095458984375
0.306121826171875
0.272369384765625
0.202728271484375
0.018218994140625
-0.047454833984375
0.0863037109375
0.301116943359375
0.372314453125
0.279327392578125
0.116607666015625
-0.054656982421875
-0.295013427734375
-0.54229736328125
-0.627044677734375
-0.568817138671875
-0.471893310546875
-0.418243408203125
-0.42425537109375
-0.580108642578125
-0.807281494140625
-0.836029052734375
-0.798614501953125
-0.86114501953125
-0.95074462890625
-0.941162109375
-0.8514404296875
-0.826629638671875
-0.858154296875
-0.83099365234375
-0.68365478515625
-0.6060791015625
-0.618804931640625
-0.592681884765625
-0.470550537109375
-0.444580078125
-0.606536865234375
-0.673126220703125
-0.4144287109375
-0.218780517578125
-0.2347412109375
-0.253509521484375
-0.14935302734375
0.077178955078125
0.195465087890625
0.3045654296875
0.507904052734375
0.657318115234375
0.53704833984375
0.307098388671875
0.158050537109375
0.24249267578125
0.39056396484375
0.446929931640625
0.59210205078125
0.7591552734375
0.855010986328125
0.898712158203125
0.87823486328125
0.857177734375
0.850799560546875
0.83465576171875
0.8345947265625
0.837188720703125
0.86865234375
0.846527099609375
0.82373046875
0.815093994140625
0.8338623046875
0.78997802734375
0.569793701171875
0.414306640625
0.432281494140625
0.39080810546875
0.191497802734375
0.009429931640625
-0.03125
-0.010955810546875
-0.012298583984375
-0.014068603515625
-0.02386474609375
-0.073638916015625
-0.138427734375
-0.17523193359375
-0.242828369140625
-0.333343505859375
-0.420654296875
-0.4893798828125
-0.593658447265625
-0.8067626953125
-0.913848876953125
-0.82861328125
-0.743804931640625
-0.687103271484375
-0.70977783203125
-0.685577392578125
-0.652984619140625
-0.777557373046875
-0.9459228515625
-0.95361328125
-0.833709716796875
-0.80804443359375
-0.83770751953125
-0.741363525390625
-0.47900390625
-0.292205810546875
-0.342376708984375
-0.472564697265625
-0.40399169921875
-0.321533203125
-0.32781982421875
-0.314208984375
-0.2159423828125
-0.114715576171875
-0.079437255859375
-0.019683837890625
0.15380859375
0.36761474609375
0.407379150390625
0.369476318359375
0.389190673828125
0.53302001953125
0.6102294921875
0.5233154296875
0.46435546875
0.525543212890625
0.60015869140625
0.691558837890625
0.7818603515625
0.805755615234375
0.790618896484375
0.81451416015625
0.892547607421875
0.916961669921875
0.895965576171875
0.884063720703125
0.875396728515625
0.858123779296875
0.819061279296875
0.7652587890625
0.68084716796875
0.621978759765625
0.65655517578125
0.617095947265625
0.47283935546875
0.30670166015625
0.1231689453125
-0.047088623046875
-0.129486083984375
-0.104583740234375
-0.0772705078125
-0.113922119140625
-0.09832763671875
-0.0819091796875
-0.137542724609375
-0.258544921875
-0.376129150390625
-0.388092041015625
-0.458831787109375
-0.6302490234375
-0.735443115234375
-0.715789794921875
-0.680572509765625
-0.742523193359375
-0.85394287109375
-0.837249755859375
-0.7576904296875
-0.718414306640625
-0.729217529296875
-0.70709228515625
-0.64605712890625
-0.63397216796875
-0.6470947265625
-0.64288330078125
-0.59478759765625
-0.618743896484375
-0.753936767578125
-0.757965087890625
-0.60382080078125
-0.467041015625
-0.319488525390625
-0.170440673828125
-0.082366943359375
-0.11273193359375
-0.1590576171875
-0.15399169921875
-0.136810302734375
-0.078887939453125
0.046844482421875
0.2021484375
0.355316162109375
0.46563720703125
0.527099609375
0.551361083984375
0.48583984375
0.365570068359375
0.353271484375
0.46722412109375
0.633392333984375
0.782073974609375
0.818756103515625
0.8519287109375
0.90582275390625
0.905303955078125
0.877349853515625
0.85809326171875
0.84954833984375
0.8597412109375
0.860015869140625
0.823394775390625
0.69451904296875
0.527618408203125
0.406829833984375
0.375091552734375
0.3712158203125
0.334564208984375
0.2183837890625
0.038604736328125
0.0074462890625
0.06329345703125
-0.01080322265625
-0.157623291015625
-0.23162841796875
-0.28570556640625
-0.348114013671875
-0.47357177734375
-0.537841796875
-0.471954345703125
-0.38226318359375
-0.3486328125
-0.3741455078125
-0.371063232421875
-0.438751220703125
-0.627685546875
-0.783966064453125
-0.7911376953125
-0.675628662109375
-0.53814697265625
-0.49554443359375
-0.5006103515625
-0.50799560546875
-0.517120361328125
-0.53192138671875
-0.57159423828125
-0.590179443359375
-0.6063232421875
-0.642303466796875
-0.64459228515625
-0.58929443359375
-0.498809814453125
-0.38140869140625
-0.266387939453125
-0.2298583984375
-0.215484619140625
-0.102508544921875
0.0316162109375
0.020263671875
-0.03826904296875
-0.01519775390625
0.08544921875
0.210479736328125
0.250579833984375
0.305694580078125
0.422760009765625
0.44793701171875
0.3896484375
0.41778564453125
0.55133056640625
0.73260498046875
0.765106201171875
0.679718017578125
0.639068603515625
0.603424072265625
0.56231689453125
0.567230224609375
0.635040283203125
0.779876708984375
0.874664306640625
0.81683349609375
0.741485595703125
0.6683349609375
0.551025390625
0.36712646484375
0.214874267578125
0.181182861328125
0.20648193359375
0.194427490234375
0.17626953125
0.1641845703125
0.11181640625
0.031982421875
-0.0565185546875
-0.135101318359375
-0.18988037109375
-0.229583740234375
-0.28271484375
-0.316375732421875
-0.324127197265625
-0.330902099609375
-0.303375244140625
-0.286712646484375
-0.345123291015625
-0.431060791015625
-0.467254638671875
-0.47943115234375
-0.529205322265625
-0.582061767578125
-0.531829833984375
-0.446868896484375
-0.5313720703125
-0.691864013671875
-0.75653076171875
-0.657196044921875
-0.5614013671875
-0.580535888671875
-0.4984130859375
-0.3037109375
-0.2642822265625
-0.3760986328125
-0.494476318359375
-0.538238525390625
-0.50018310546875
-0.491058349609375
-0.36822509765625
-0.14154052734375
0.0206298828125
0.091156005859375
0.120819091796875
0.136077880859375
0.1710205078125
0.208038330078125
0.19635009765625
0.220245361328125
0.32147216796875
0.364288330078125
0.351959228515625
0.371917724609375
0.41204833984375
0.525482177734375
0.592193603515625
0.596771240234375
0.60064697265625
0.559539794921875
0.534759521484375
0.52362060546875
0.520050048828125
0.565155029296875
0.60076904296875
0.59893798828125
0.550048828125
0.46832275390625
0.4285888671875
0.422210693359375
0.397216796875
0.370361328125
0.376007080078125
0.32659912109375
0.20489501953125
0.078643798828125
-0.07147216796875
-0.151763916015625
-0.13385009765625
-0.133880615234375
-0.129974365234375
-0.10198974609375
-0.0596923828125
-0.09490966796875
-0.260833740234375
-0.39508056640625
-0.360198974609375
-0.32281494140625
-0.35028076171875
-0.366668701171875
-0.34814453125
-0.339019775390625
-0.394989013671875
-0.464935302734375
-0.451904296875
-0.41259765625
-0.455047607421875
-0.534393310546875
-0.588592529296875
-0.5556640625
-0.52410888671875
-0.502777099609375
-0.433319091796875
-0.340576171875
-0.288726806640625
-0.3221435546875
-0.39910888671875
-0.4049072265625
-0.348052978515625
-0.302154541015625
-0.232391357421875
-0.092926025390625
0.0274658203125
0.037506103515625
0.02996826171875
0.02752685546875
0.067138671875
0.145355224609375
0.23504638671875
0.381561279296875
0.480804443359375
0.47601318359375
0.41693115234375
0.32049560546875
0.27752685546875
0.295867919921875
0.33447265625
0.39947509765625
0.42138671875
0.4259033203125
0.47406005859375
0.520172119140625
0.527435302734375
0.48773193359375
0.46014404296875
0.451263427734375
0.408203125
0.31134033203125
0.264801025390625
0.317047119140625
0.3275146484375
0.300506591796875
0.251190185546875
0.22235107421875
0.21044921875
0.06329345703125
-0.110015869140625
-0.123779296875
-0.121490478515625
-0.106689453125
-0.074005126953125
-0.05633544921875
0.00274658203125
-0.040283203125
-0.1771240234375
-0.2498779296875
-0.24298095703125
-0.21673583984375
-0.214324951171875
-0.24609375
-0.255828857421875
-0.288543701171875
-0.40545654296875
-0.54656982421875
-0.56134033203125
-0.474639892578125
-0.404144287109375
-0.327728271484375
-0.26519775390625
-0.24365234375
-0.2662353515625
-0.33740234375
-0.41827392578125
-0.4639892578125
-0.46044921875
-0.407257080078125
-0.33648681640625
-0.283966064453125
-0.232452392578125
-0.147979736328125
-0.06671142578125
-0.014739990234375
0.014739990234375
0.0391845703125
0.06524658203125
0.07098388671875
0.087005615234375
0.15179443359375
0.261138916015625
0.3758544921875
0.3848876953125
0.34722900390625
0.350128173828125
0.319122314453125
0.266021728515625
0.224853515625
0.244415283203125
0.334716796875
0.380126953125
0.35333251953125
0.34716796875
0.331390380859375
0.286041259765625
0.240325927734375
0.24017333984375
0.2919921875
0.3536376953125
0.360748291015625
0.32879638671875
0.3046875
0.238372802734375
0.135986328125
0.0494384765625
0.038055419921875
0.083404541015625
0.105010986328125
0.093231201171875
0.079864501953125
0.04730224609375
0.005218505859375
-0.053497314453125
-0.108551025390625
-0.142303466796875
-0.194000244140625
-0.235870361328125
-0.225433349609375
-0.192840576171875
-0.172393798828125
-0.16058349609375
-0.1796875
-0.225128173828125
-0.2890625
-0.390838623046875
-0.456207275390625
-0.443084716796875
-0.40679931640625
-0.3382568359375
-0.287567138671875
-0.2808837890625
-0.275146484375
-0.283721923828125
-0.281707763671875
-0.243408203125
-0.2003173828125
-0.14935302734375
-0.09527587890625
-0.05224609375
-0.043701171875
-0.067535400390625
-0.075103759765625
-0.05438232421875
-0.0286865234375
0.0067138671875
0.0809326171875
0.169189453125
0.2247314453125
0.23272705078125
0.240081787109375
0.278076171875
0.272979736328125
0.20440673828125
0.183380126953125
0.20306396484375
0.223907470703125
0.21917724609375
0.20867919921875
0.22967529296875
0.253143310546875
0.238311767578125
0.196990966796875
0.170806884765625
0.150360107421875
0.118316650390625
0.084320068359375
0.095184326171875
0.167236328125
0.25726318359375
0.275177001953125
0.230194091796875
0.177581787109375
0.11151123046875
0.048858642578125
0.0133056640625
0.0135498046875
0.035491943359375
0.0440673828125
-0.00494384765625
-0.077178955078125
-0.137969970703125
-0.168609619140625
-0.165130615234375
-0.1619873046875
-0.165374755859375
-0.160125732421875
-0.157501220703125
-0.19207763671875
-0.253387451171875
-0.29815673828125
-0.305145263671875
-0.281524658203125
-0.27545166015625
-0.2789306640625
-0.248504638671875
-0.213958740234375
-0.22479248046875
-0.234039306640625
-0.213714599609375
-0.169036865234375
-0.170196533203125
-0.23406982421875
-0.246734619140625
-0.181610107421875
-0.126739501953125
-0.108489990234375
-0.068695068359375
-0.005462646484375
0.047515869140625
0.03143310546875
-0.0096435546875
-0.012542724609375
0.00537109375
0.01898193359375
0.04510498046875
0.115081787109375
0.2025146484375
0.25787353515625
0.25225830078125
0.216583251953125
0.18231201171875
0.175384521484375
0.2103271484375
0.2645263671875
0.310333251953125
0.330810546875
0.30169677734375
0.239837646484375
0.156585693359375
0.0753173828125
0.075714111328125
0.107513427734375
0.10552978515625
0.097808837890625
0.09222412109375
0.104888916015625
0.111663818359375
0.09619140625
0.074859619140625
0.042633056640625
0.01898193359375
0.000946044921875
-0.006072998046875
0.002960205078125
0.015625
0.04656982421875
0.067596435546875
0.03509521484375
-0.038177490234375
-0.127960205078125
-0.212432861328125
-0.261260986328125
-0.255706787109375
-0.21746826171875
-0.175262451171875
-0.133026123046875
-0.134765625
-0.186248779296875
-0.24530029296875
-0.29315185546875
-0.30169677734375
-0.27520751953125
-0.241943359375
-0.21142578125
-0.194732666015625
-0.201873779296875
-0.208099365234375
-0.216705322265625
-0.219268798828125
-0.194732666015625
-0.160797119140625
-0.098968505859375
-0.00653076171875
0.05169677734375
0.055572509765625
0.04132080078125
0.0294189453125
0.035003662109375
0.053070068359375
0.065765380859375
0.081085205078125
0.10125732421875
0.12042236328125
0.1419677734375
0.170684814453125
0.195404052734375
0.20904541015625
0.2032470703125
0.184722900390625
0.148590087890625
0.10955810546875
0.14288330078125
0.21209716796875
0.275482177734375
0.332611083984375
0.3399658203125
0.290252685546875
0.196014404296875
0.089874267578125
0.04168701171875
0.06207275390625
0.101470947265625
0.127777099609375
0.136962890625
0.13372802734375
0.11358642578125
0.06634521484375
0.0059814453125
-0.0040283203125
0.04022216796875
0.05810546875
0.054931640625
0.048370361328125
0.03973388671875
0.02191162109375
-0.033233642578125
-0.100738525390625
-0.118072509765625
-0.122283935546875
-0.15570068359375
-0.18560791015625
-0.204498291015625
-0.201507568359375
-0.196929931640625
-0.225982666015625
-0.2618408203125
-0.2894287109375
-0.323883056640625
-0.35382080078125
-0.360076904296875
-0.328826904296875
-0.275848388671875
-0.204010009765625
-0.13262939453125
-0.101348876953125
-0.121490478515625
-0.16448974609375
-0.19561767578125
-0.19873046875
-0.16729736328125
-0.10406494140625
-0.012176513671875
0.0789794921875
0.10888671875
0.090301513671875
0.0625
0.031341552734375
0.0338134765625
0.0714111328125
0.124908447265625
0.19281005859375
0.214080810546875
0.175567626953125
0.14532470703125
0.12469482421875
0.098114013671875
0.083526611328125
0.11029052734375
0.1756591796875
0.226531982421875
0.2242431640625
0.22271728515625
0.2481689453125
0.25732421875
0.246429443359375
0.218414306640625
0.204071044921875
0.191314697265625
0.16766357421875
0.169342041015625
0.187530517578125
0.197998046875
0.202056884765625
0.176055908203125
0.10919189453125
0.023956298828125
-0.059051513671875
-0.101165771484375
-0.08209228515625
-0.042694091796875
-0.0032958984375
0.0279541015625
0.015777587890625
-0.0174560546875
-0.0859375
-0.17718505859375
-0.211669921875
-0.2054443359375
-0.200897216796875
-0.191558837890625
-0.189178466796875
-0.202392578125
-0.23736572265625
-0.269256591796875
-0.280853271484375
-0.285980224609375
-0.279144287109375
-0.257659912109375
-0.229888916015625
-0.21038818359375
-0.22320556640625
-0.239715576171875
-0.240203857421875
-0.221954345703125
-0.195526123046875
-0.1671142578125
-0.142242431640625
-0.123382568359375
-0.097747802734375
-0.07183837890625
-0.03564453125
0.02685546875
0.06494140625
0.062896728515625
0.058135986328125
0.06781005859375
0.091888427734375
0.122222900390625
0.16033935546875
0.2132568359375
0.256195068359375
0.261810302734375
0.231658935546875
0.1949462890625
0.1566162109375
0.135467529296875
0.152435302734375
0.18658447265625
0.23712158203125
0.29168701171875
0.302154541015625
0.283905029296875
0.2642822265625
0.248565673828125
0.243682861328125
0.251495361328125
0.27142333984375
0.273529052734375
0.237060546875
0.193084716796875
0.153961181640625
0.120452880859375
0.09539794921875
0.065887451171875
0.041107177734375
0.0135498046875
-0.0074462890625
-0.01068115234375
-0.0255126953125
-0.052520751953125
-0.079620361328125
-0.104949951171875
-0.137420654296875
-0.1766357421875
-0.211151123046875
-0.23138427734375
-0.21826171875
-0.186614990234375
-0.16351318359375
-0.157562255859375
-0.19512939453125
-0.2557373046875
-0.321136474609375
-0.39227294921875
-0.41314697265625
-0.377655029296875
-0.33056640625
-0.269561767578125
-0.209381103515625
-0.190185546875
-0.23199462890625
-0.284820556640625
-0.293792724609375
-0.2681884765625
-0.227996826171875
-0.174652099609375
-0.11273193359375
-0.061279296875
-0.025054931640625
-0.016387939453125
-0.020172119140625
-0.01043701171875
0.031646728515625
0.0921630859375
0.144927978515625
0.19085693359375
0.214263916015625
0.221832275390625
0.22027587890625
0.224029541015625
0.223419189453125
0.21636962890625
0.209869384765625
0.21087646484375
0.21844482421875
0.23358154296875
0.2537841796875
0.27239990234375
0.2681884765625
0.248809814453125
0.22479248046875
0.191650390625
0.1700439453125
0.183441162109375
0.24822998046875
0.32135009765625
0.3648681640625
0.38848876953125
0.3624267578125
0.28570556640625
0.2030029296875
0.136566162109375
0.09423828125
0.0791015625
0.079925537109375
0.06744384765625
0.03424072265625
-0.00982666015625
-0.07080078125
-0.142333984375
-0.194000244140625
-0.21966552734375
-0.2230224609375
-0.220428466796875
-0.2320556640625
-0.259185791015625
-0.2957763671875
-0.325592041015625
-0.34698486328125
-0.36358642578125
-0.373321533203125
-0.3636474609375
-0.339508056640625
-0.318634033203125
-0.29962158203125
-0.28564453125
-0.27581787109375
-0.26458740234375
-0.249237060546875
-0.2391357421875
-0.247955322265625
-0.24981689453125
-0.2252197265625
-0.177978515625
-0.129425048828125
-0.090087890625
-0.061676025390625
-0.058135986328125
-0.08416748046875
-0.11492919921875
-0.127960205078125
-0.114349365234375
-0.058929443359375
0.018951416015625
0.093231201171875
0.140869140625
0.16522216796875
0.168670654296875
0.15704345703125
0.15472412109375
0.172943115234375
0.195068359375
0.227874755859375
0.267608642578125
0.2939453125
0.303680419921875
0.29559326171875
0.2845458984375
0.28326416015625
0.285400390625
0.302093505859375
0.3287353515625
0.3463134765625
0.356292724609375
0.355499267578125
0.343292236328125
0.318450927734375
0.288787841796875
0.271453857421875
0.251373291015625
0.230072021484375
0.21563720703125
0.19873046875
0.183319091796875
0.157562255859375
0.104766845703125
0.03753662109375
-0.041961669921875
-0.118743896484375
-0.176666259765625
-0.21240234375
-0.22869873046875
-0.2100830078125
-0.175018310546875
-0.16021728515625
-0.17999267578125
-0.2318115234375
-0.298095703125
-0.36004638671875
-0.38848876953125
-0.379791259765625
-0.34613037109375
-0.28753662109375
-0.2337646484375
-0.23065185546875
-0.244049072265625
-0.255889892578125
-0.26873779296875
-0.26959228515625
-0.26715087890625
-0.2506103515625
-0.223846435546875
-0.210968017578125
-0.20184326171875
-0.1915283203125
-0.18572998046875
-0.181884765625
-0.17828369140625
-0.16839599609375
-0.14862060546875
-0.1080322265625
-0.062255859375
-0.02398681640625
0.01385498046875
0.036956787109375
0.04150390625
0.047332763671875
0.059356689453125
0.10418701171875
0.166473388671875
0.22900390625
0.287322998046875
0.32586669921875
0.336578369140625
0.32696533203125
0.3077392578125
0.273712158203125
0.237060546875
0.23046875
0.253753662109375
0.28717041015625
0.325775146484375
0.356842041015625
0.36651611328125
0.348114013671875
0.309051513671875
0.26275634765625
0.22198486328125
0.215179443359375
0.22125244140625
0.2193603515625
0.2169189453125
0.198699951171875
0.171783447265625
0.127410888671875
0.064422607421875
0.022247314453125
0.00225830078125
-0.024566650390625
-0.050689697265625
-0.0888671875
-0.12530517578125
-0.15301513671875
-0.19146728515625
-0.22723388671875
-0.241973876953125
-0.253021240234375
-0.261505126953125
-0.2689208984375
-0.264068603515625
-0.241455078125
-0.2301025390625
-0.2435302734375
-0.266143798828125
-0.28924560546875
-0.3131103515625
-0.320037841796875
-0.29583740234375
-0.24127197265625
-0.193511962890625
-0.162811279296875
-0.14154052734375
-0.149139404296875
-0.183380126953125
-0.21319580078125
-0.233245849609375
-0.237884521484375
-0.220428466796875
-0.187774658203125
-0.136138916015625
-0.0853271484375
-0.055450439453125
-0.038360595703125
-0.02960205078125
-0.01861572265625
0.007293701171875
0.034912109375
0.06597900390625
0.110260009765625
0.144195556640625
0.176910400390625
0.205352783203125
0.229888916015625
0.26055908203125
0.296722412109375
0.31658935546875
0.316925048828125
0.3084716796875
0.30560302734375
0.302276611328125
0.299285888671875
0.294708251953125
0.285888671875
0.271575927734375
0.239166259765625
0.211090087890625
0.212554931640625
0.23724365234375
0.253143310546875
0.25714111328125
0.249786376953125
0.20843505859375
0.135772705078125
0.062591552734375
-0.0009765625
-0.030792236328125
-0.02618408203125
-0.011199951171875
-0.00164794921875
-0.008880615234375
-0.03570556640625
-0.07501220703125
-0.1165771484375
-0.16021728515625
-0.18890380859375
-0.20172119140625
-0.202911376953125
-0.1934814453125
-0.18243408203125
-0.176666259765625
-0.172515869140625
-0.177398681640625
-0.19097900390625
-0.206573486328125
-0.221038818359375
-0.22564697265625
-0.21917724609375
-0.212982177734375
-0.20794677734375
-0.203338623046875
-0.199310302734375
-0.2017822265625
-0.2066650390625
-0.207916259765625
-0.197845458984375
-0.17388916015625
-0.1351318359375
-0.09783935546875
-0.0704345703125
-0.06048583984375
-0.080718994140625
-0.1171875
-0.135986328125
-0.120758056640625
-0.077728271484375
-0.004638671875
0.07916259765625
0.1478271484375
0.195037841796875
0.206085205078125
0.19140625
0.18438720703125
0.185699462890625
0.19598388671875
0.21441650390625
0.23114013671875
0.25042724609375
0.25726318359375
0.243896484375
0.228179931640625
0.2135009765625
0.19708251953125
0.173553466796875
0.15460205078125
0.14306640625
0.13177490234375
0.1285400390625
0.134674072265625
0.138397216796875
0.134796142578125
0.122955322265625
0.096954345703125
0.071533203125
0.055755615234375
0.042999267578125
0.040069580078125
0.034149169921875
0.0177001953125
-0.004425048828125
-0.035247802734375
-0.06927490234375
-0.090667724609375
-0.09649658203125
-0.086578369140625
-0.064910888671875
-0.048583984375
-0.05462646484375
-0.0802001953125
-0.12451171875
-0.184814453125
-0.235626220703125
-0.255859375
-0.2371826171875
-0.200042724609375
-0.1627197265625
-0.1324462890625
-0.11651611328125
-0.125579833984375
-0.142120361328125
-0.150909423828125
-0.15020751953125
-0.142730712890625
-0.127471923828125
-0.1165771484375
-0.112457275390625
-0.108428955078125
-0.100189208984375
-0.08880615234375
-0.072265625
-0.050628662109375
-0.0352783203125
-0.03216552734375
-0.0323486328125
-0.03375244140625
-0.02130126953125
0.006072998046875
0.03582763671875
0.070587158203125
0.098419189453125
0.113525390625
0.130706787109375
0.146881103515625
0.16656494140625
0.19525146484375
0.22467041015625
0.237030029296875
0.216339111328125
0.181396484375
0.153350830078125
0.1260986328125
0.115966796875
0.128570556640625
0.150787353515625
0.171722412109375
0.175872802734375
0.158294677734375
0.117462158203125
0.06805419921875
0.030517578125
0.0
-0.013824462890625
-0.006988525390625
0.010711669921875
0.028900146484375
0.03802490234375
0.036712646484375
0.0208740234375
-0.00830078125
-0.03460693359375
-0.051605224609375
-0.06256103515625
-0.071990966796875
-0.083831787109375
-0.08953857421875
-0.086395263671875
-0.0872802734375
-0.09039306640625
-0.0914306640625
-0.097076416015625
-0.111175537109375
-0.1236572265625
-0.133331298828125
-0.130645751953125
-0.12127685546875
-0.117645263671875
-0.124908447265625
-0.138702392578125
-0.157257080078125
-0.17333984375
-0.164093017578125
-0.11944580078125
-0.069580078125
-0.035308837890625
-0.018157958984375
-0.025543212890625
-0.05078125
-0.090789794921875
-0.11181640625
-0.100250244140625
-0.06658935546875
-0.01446533203125
0.0335693359375
0.062774658203125
0.074920654296875
0.079559326171875
0.07666015625
0.07568359375
0.0870361328125
0.10357666015625
0.1175537109375
0.138458251953125
0.160064697265625
0.18096923828125
0.201446533203125
0.213043212890625
0.21240234375
0.20025634765625
0.1729736328125
0.142669677734375
0.11773681640625
0.099273681640625
0.0853271484375
0.0765380859375
0.06683349609375
0.04583740234375
0.0252685546875
0.007293701171875
-0.00830078125
-0.014556884765625
-0.014801025390625
-0.0118408203125
-0.007293701171875
-0.005950927734375
-0.01580810546875
-0.03936767578125
-0.053070068359375
-0.055084228515625
-0.055145263671875
-0.0477294921875
-0.029876708984375
-0.004425048828125
-0.00531005859375
-0.029998779296875
-0.061920166015625
-0.09698486328125
-0.124725341796875
-0.13763427734375
-0.137786865234375
-0.132720947265625
-0.12237548828125
-0.10845947265625
-0.105377197265625
-0.115875244140625
-0.123779296875
-0.133453369140625
-0.143829345703125
-0.151702880859375
-0.155670166015625
-0.14788818359375
-0.126983642578125
-0.0980224609375
-0.070098876953125
-0.04034423828125
-0.018096923828125
-0.00347900390625
0.01300048828125
0.024658203125
0.0423583984375
0.07232666015625
0.090576171875
0.09832763671875
0.10400390625
0.09747314453125
0.087646484375
0.080902099609375
0.084503173828125
0.107513427734375
0.138214111328125
0.1663818359375
0.183746337890625
0.1844482421875
0.173431396484375
0.15496826171875
0.130889892578125
0.109039306640625
0.10302734375
0.112762451171875
0.12384033203125
0.13311767578125
0.13287353515625
0.1226806640625
0.09429931640625
0.056732177734375
0.02294921875
-0.01666259765625
-0.045379638671875
-0.04833984375
-0.04510498046875
-0.038177490234375
-0.032470703125
-0.0301513671875
-0.022857666015625
-0.027252197265625
-0.04168701171875
-0.059417724609375
-0.07818603515625
-0.090087890625
-0.09503173828125
-0.093017578125
-0.088470458984375
-0.08837890625
-0.093170166015625
-0.105194091796875
-0.114288330078125
-0.1185302734375
-0.119873046875
-0.11846923828125
-0.1151123046875
-0.11004638671875
-0.11468505859375
-0.136077880859375
-0.158660888671875
-0.16534423828125
-0.166839599609375
-0.157958984375
-0.1351318359375
-0.10687255859375
-0.082427978515625
-0.063140869140625
-0.04937744140625
-0.044036865234375
-0.043304443359375
-0.0345458984375
-0.0220947265625
0.0042724609375
0.042510986328125
0.077789306640625
0.115875244140625
0.147064208984375
0.16339111328125
0.16400146484375
0.153594970703125
0.13934326171875
0.128326416015625
0.119384765625
0.115264892578125
0.123992919921875
0.15106201171875
0.17559814453125
0.1861572265625
0.189544677734375
0.187225341796875
0.170684814453125
0.152496337890625
0.13690185546875
0.1246337890625
0.124114990234375
0.1248779296875
0.115203857421875
0.095672607421875
0.0716552734375
0.047149658203125
0.031005859375
0.02734375
0.033721923828125
0.035552978515625
0.02001953125
-0.0054931640625
-0.034759521484375
-0.0697021484375
-0.101226806640625
-0.118621826171875
-0.124237060546875
-0.11279296875
-0.097320556640625
-0.088653564453125
-0.086517333984375
-0.08941650390625
-0.10308837890625
-0.126953125
-0.1517333984375
-0.167755126953125
-0.17218017578125
-0.16680908203125
-0.159088134765625
-0.143829345703125
-0.130950927734375
-0.13043212890625
-0.1329345703125
-0.14349365234375
-0.159149169921875
-0.1666259765625
-0.16619873046875
-0.1617431640625
-0.1527099609375
-0.140533447265625
-0.124908447265625
-0.109100341796875
-0.088836669921875
-0.066131591796875
-0.046173095703125
-0.023834228515625
0.004150390625
0.03173828125
0.06390380859375
0.09307861328125
0.111724853515625
0.12054443359375
0.1204833984375
0.1251220703125
0.14007568359375
0.164459228515625
0.194793701171875
0.223663330078125
0.241485595703125
0.23358154296875
0.2073974609375
0.178863525390625
0.152557373046875
0.137786865234375
0.137054443359375
0.1441650390625
0.15325927734375
0.164703369140625
0.1776123046875
0.176116943359375
0.164703369140625
0.15087890625
0.128570556640625
0.102752685546875
0.07305908203125
0.04962158203125
0.0413818359375
0.040496826171875
0.045318603515625
0.04327392578125
0.02801513671875
0.006622314453125
-0.022125244140625
-0.054595947265625
-0.08074951171875
-0.1009521484375
-0.114654541015625
-0.116729736328125
-0.118896484375
-0.121490478515625
-0.127685546875
-0.13580322265625
-0.1448974609375
-0.149078369140625
-0.157989501953125
-0.164306640625
-0.172088623046875
-0.183929443359375
-0.19781494140625
-0.21331787109375
-0.227752685546875
-0.237945556640625
-0.240997314453125
-0.22222900390625
-0.191192626953125
-0.1673583984375
-0.14691162109375
-0.12921142578125
-0.121124267578125
-0.115570068359375
-0.112945556640625
-0.105804443359375
-0.0947265625
-0.078887939453125
-0.050537109375
-0.021453857421875
0.010406494140625
0.04742431640625
0.08685302734375
0.117401123046875
0.13568115234375
0.14300537109375
0.14166259765625
0.142425537109375
0.148681640625
0.16064453125
0.1787109375
0.196258544921875
0.203857421875
0.20233154296875
0.188385009765625
0.174713134765625
0.168670654296875
0.164276123046875
0.163970947265625
0.16644287109375
0.168304443359375
0.1639404296875
0.15435791015625
0.1466064453125
0.146759033203125
0.150848388671875
0.1580810546875
0.162872314453125
0.1605224609375
0.15606689453125
0.13323974609375
0.09991455078125
0.071746826171875
0.04345703125
0.018035888671875
-0.004150390625
-0.021942138671875
-0.029815673828125
-0.03363037109375
-0.0430908203125
-0.055572509765625
-0.07855224609375
-0.1092529296875
-0.14385986328125
-0.17559814453125
-0.199249267578125
-0.21490478515625
-0.218719482421875
-0.214935302734375
-0.207489013671875
-0.20782470703125
-0.211639404296875
-0.220733642578125
-0.228851318359375
-0.234375
-0.2357177734375
-0.224365234375
-0.2027587890625
-0.1846923828125
-0.169189453125
-0.15948486328125
-0.15032958984375
-0.136383056640625
-0.121612548828125
-0.10498046875
-0.0751953125
-0.04766845703125
-0.034912109375
-0.028289794921875
-0.022705078125
-0.02276611328125
-0.013275146484375
0.00335693359375
0.020843505859375
0.059417724609375
0.10699462890625
0.134552001953125
0.15142822265625
0.1654052734375
0.173187255859375
0.178070068359375
0.172698974609375
0.16693115234375
0.16595458984375
0.166839599609375
0.172515869140625
0.180877685546875
0.196746826171875
0.21136474609375
0.218353271484375
0.21826171875
0.203125
0.180633544921875
0.16424560546875
0.154449462890625
0.153900146484375
0.1552734375
0.1585693359375
0.1602783203125
0.1544189453125
0.135711669921875
0.108062744140625
0.082763671875
0.065338134765625
0.047821044921875
0.033294677734375
0.011627197265625
-0.005889892578125
-0.0264892578125
-0.05950927734375
-0.0882568359375
-0.1036376953125
-0.117279052734375
-0.127105712890625
-0.139739990234375
-0.154083251953125
-0.167388916015625
-0.189117431640625
-0.212890625
-0.22796630859375
-0.2362060546875
-0.2354736328125
-0.22894287109375
-0.218841552734375
-0.203887939453125
-0.190185546875
-0.173004150390625
-0.1614990234375
-0.16339111328125
-0.164825439453125
-0.164764404296875
-0.16790771484375
-0.16461181640625
-0.15399169921875
-0.135955810546875
-0.1038818359375
-0.073974609375
-0.05303955078125
-0.03839111328125
-0.030303955078125
-0.02642822265625
-0.017303466796875
-0.010772705078125
0.010406494140625
0.044464111328125
0.068359375
0.08770751953125
0.10491943359375
0.1138916015625
0.12249755859375
0.13623046875
0.14849853515625
0.16522216796875
0.184051513671875
0.195281982421875
0.190765380859375
0.187255859375
0.182098388671875
0.17755126953125
0.1763916015625
0.17626953125
0.179962158203125
0.184356689453125
0.184051513671875
0.186492919921875
0.186431884765625
0.180511474609375
0.167388916015625
0.15380859375
0.137664794921875
0.111541748046875
0.09967041015625
0.0997314453125
0.095794677734375
0.09405517578125
0.0867919921875
0.07244873046875
0.04766845703125
-0.005218505859375
-0.056854248046875
-0.091278076171875
-0.12078857421875
-0.13836669921875
-0.143951416015625
-0.149383544921875
-0.152801513671875
-0.159332275390625
-0.179473876953125
-0.204925537109375
-0.212646484375
-0.21337890625
-0.214752197265625
-0.20819091796875
-0.19940185546875
-0.192352294921875
-0.188812255859375
-0.189544677734375
-0.183563232421875
-0.171722412109375
-0.15386962890625
-0.1314697265625
-0.112701416015625
-0.095947265625
-0.084808349609375
-0.0821533203125
-0.084228515625
-0.08514404296875
-0.084686279296875
-0.082183837890625
-0.0777587890625
-0.068115234375
-0.048797607421875
-0.03228759765625
-0.00994873046875
0.0185546875
0.03558349609375
0.043060302734375
0.050048828125
0.05731201171875
0.0716552734375
0.087158203125
0.11004638671875
0.1494140625
0.1788330078125
0.190582275390625
0.199066162109375
0.198028564453125
0.190765380859375
0.18408203125
0.17840576171875
0.179779052734375
0.186279296875
0.19354248046875
0.19073486328125
0.18267822265625
0.17681884765625
0.16766357421875
0.15533447265625
0.14801025390625
0.140777587890625
0.129638671875
0.116851806640625
0.098602294921875
0.07733154296875
0.05584716796875
0.03619384765625
0.01605224609375
-0.00079345703125
-0.020111083984375
-0.035308837890625
-0.05181884765625
-0.070556640625
-0.08612060546875
-0.100128173828125
-0.1185302734375
-0.13824462890625
-0.157318115234375
-0.173004150390625
-0.181243896484375
-0.182586669921875
-0.175628662109375
-0.164337158203125
-0.151947021484375
-0.148345947265625
-0.148040771484375
-0.153289794921875
-0.164276123046875
-0.166595458984375
-0.156646728515625
-0.144805908203125
-0.129364013671875
-0.1094970703125
-0.0968017578125
-0.090850830078125
-0.0845947265625
-0.082763671875
-0.08197021484375
-0.076629638671875
-0.06744384765625
-0.0618896484375
-0.055877685546875
-0.051605224609375
-0.0458984375
-0.035125732421875
-0.022613525390625
-0.00445556640625
0.017791748046875
0.040863037109375
0.0628662109375
0.08526611328125
0.1024169921875
0.119842529296875
0.132049560546875
0.137908935546875
0.146575927734375
0.1571044921875
0.166168212890625
0.17236328125
0.177581787109375
0.18499755859375
0.18902587890625
0.186767578125
0.179168701171875
0.169158935546875
0.154754638671875
0.136505126953125
0.120269775390625
0.111602783203125
0.110595703125
0.115081787109375
0.116180419921875
0.106903076171875
0.08892822265625
0.062255859375
0.036224365234375
0.009735107421875
-0.010345458984375
-0.0140380859375
-0.01812744140625
-0.027679443359375
-0.037841796875
-0.052947998046875
-0.070709228515625
-0.086212158203125
-0.100189208984375
-0.106109619140625
-0.110992431640625
-0.11627197265625
-0.12200927734375
-0.1302490234375
-0.138885498046875
-0.145782470703125
-0.151031494140625
-0.154144287109375
-0.152374267578125
-0.143310546875
-0.13177490234375
-0.119659423828125
-0.109527587890625
-0.104248046875
-0.105133056640625
-0.105712890625
-0.10552978515625
-0.10595703125
-0.10498046875
-0.0941162109375
-0.078857421875
-0.065460205078125
-0.052032470703125
-0.040283203125
-0.031982421875
-0.029205322265625
-0.031829833984375
-0.031829833984375
-0.024261474609375
-0.010284423828125
0.01104736328125
0.03448486328125
0.059600830078125
0.0816650390625
0.09588623046875
0.10205078125
0.1082763671875
0.1220703125
0.1358642578125
0.15032958984375
0.165191650390625
0.175872802734375
0.17864990234375
0.168914794921875
0.153564453125
0.14398193359375
0.14453125
0.14593505859375
0.146026611328125
0.1424560546875
0.133331298828125
0.12091064453125
0.10247802734375
0.073699951171875
0.0517578125
0.03875732421875
0.022369384765625
0.01251220703125
0.00701904296875
0.004974365234375
0.005401611328125
0.001434326171875
-0.005401611328125
-0.018646240234375
-0.04083251953125
-0.062896728515625
-0.078948974609375
-0.08990478515625
-0.0919189453125
-0.086761474609375
-0.07720947265625
-0.074554443359375
-0.082366943359375
-0.093719482421875
-0.10992431640625
-0.123748779296875
-0.13421630859375
-0.137939453125
-0.133270263671875
-0.120330810546875
-0.11273193359375
-0.10919189453125
-0.111114501953125
-0.115386962890625
-0.116668701171875
-0.119171142578125
-0.11737060546875
-0.1046142578125
-0.087310791015625
-0.07440185546875
-0.067779541015625
-0.065643310546875
-0.06298828125
-0.056182861328125
-0.048553466796875
-0.036468505859375
-0.01068115234375
0.014312744140625
0.02801513671875
0.0386962890625
0.048736572265625
0.057525634765625
0.06756591796875
0.0738525390625
0.083892822265625
0.0987548828125
0.111785888671875
0.12542724609375
0.14044189453125
0.1551513671875
0.162261962890625
0.161346435546875
0.1571044921875
0.140655517578125
0.117950439453125
0.107086181640625
0.10577392578125
0.107696533203125
0.112640380859375
0.112945556640625
0.106475830078125
0.09228515625
0.06634521484375
0.040802001953125
0.0245361328125
0.01611328125
0.016204833984375
0.017730712890625
0.01690673828125
0.01580810546875
0.006927490234375
-0.01123046875
-0.02557373046875
-0.036376953125
-0.041839599609375
-0.04278564453125
-0.0443115234375
-0.046112060546875
-0.05133056640625
-0.060211181640625
-0.07861328125
-0.098052978515625
-0.109100341796875
-0.1146240234375
-0.116302490234375
-0.116790771484375
-0.11767578125
-0.114593505859375
-0.114715576171875
-0.116455078125
-0.1212158203125
-0.124725341796875
-0.128875732421875
-0.13140869140625
-0.12255859375
-0.112335205078125
-0.096221923828125
-0.070220947265625
-0.05401611328125
-0.04815673828125
-0.045623779296875
-0.044830322265625
-0.043487548828125
-0.0362548828125
-0.02362060546875
-0.00189208984375
0.025360107421875
0.047210693359375
0.05517578125
0.059173583984375
0.057037353515625
0.05413818359375
0.059722900390625
0.06756591796875
0.08441162109375
0.10687255859375
0.118988037109375
0.1239013671875
0.126739501953125
0.124114990234375
0.118682861328125
0.114959716796875
0.114715576171875
0.11602783203125
0.11572265625
0.11663818359375
0.11376953125
0.105224609375
0.093841552734375
0.07781982421875
0.064483642578125
0.0469970703125
0.033782958984375
0.031524658203125
0.03240966796875
0.030792236328125
0.02783203125
0.021392822265625
0.007568359375
-0.009552001953125
-0.028533935546875
-0.04901123046875
-0.05474853515625
-0.05145263671875
-0.04766845703125
-0.042022705078125
-0.042724609375
-0.04534912109375
-0.05499267578125
-0.07489013671875
-0.089263916015625
-0.093292236328125
-0.09613037109375
-0.095123291015625
-0.091766357421875
-0.08795166015625
-0.09014892578125
-0.09912109375
-0.11151123046875
-0.12127685546875
-0.123504638671875
-0.120635986328125
-0.1142578125
-0.102508544921875
-0.0897216796875
-0.08245849609375
-0.078125
-0.07305908203125
-0.066558837890625
-0.058563232421875
-0.04644775390625
-0.032318115234375
-0.008514404296875
0.013580322265625
0.028533935546875
0.043182373046875
0.052459716796875
0.0521240234375
0.050933837890625
0.0523681640625
0.056854248046875
0.06719970703125
0.078277587890625
0.093475341796875
0.110809326171875
0.11859130859375
0.1160888671875
0.11297607421875
0.104339599609375
0.098907470703125
0.095672607421875
0.093780517578125
0.09686279296875
0.101348876953125
0.101959228515625
0.092620849609375
0.079833984375
0.070098876953125
0.0592041015625
0.05059814453125
0.047882080078125
0.049072265625
0.050567626953125
0.04803466796875
0.038238525390625
0.02496337890625
0.010162353515625
-0.006011962890625
-0.019622802734375
-0.02838134765625
-0.033416748046875
-0.031524658203125
-0.02935791015625
-0.033294677734375
-0.038543701171875
-0.04705810546875
-0.06005859375
-0.0745849609375
-0.084503173828125
-0.090301513671875
-0.088897705078125
-0.08270263671875
-0.07818603515625
-0.077484130859375
-0.083892822265625
-0.093170166015625
-0.1046142578125
-0.119171142578125
-0.128570556640625
-0.125701904296875
-0.118072509765625
-0.10821533203125
-0.09722900390625
-0.08447265625
-0.07464599609375
-0.06915283203125
-0.061553955078125
-0.05487060546875
-0.047882080078125
-0.033111572265625
-0.015716552734375
0.00079345703125
0.019195556640625
0.033050537109375
0.04364013671875
0.050567626953125
0.052947998046875
0.05865478515625
0.06756591796875
0.078643798828125
0.088470458984375
0.098175048828125
0.1038818359375
0.1009521484375
0.090850830078125
0.07818603515625
0.071014404296875
0.068756103515625
0.071044921875
0.076446533203125
0.0849609375
0.092193603515625
0.093597412109375
0.085845947265625
0.07373046875
0.062835693359375
0.05035400390625
0.045196533203125
0.048065185546875
0.05291748046875
0.0601806640625
0.0650634765625
0.05963134765625
0.04779052734375
0.03228759765625
0.01654052734375
0.003753662109375
-0.00811767578125
-0.014739990234375
-0.019805908203125
-0.028839111328125
-0.03619384765625
-0.04254150390625
-0.050994873046875
-0.059356689453125
-0.071258544921875
-0.080078125
-0.085357666015625
-0.09283447265625
-0.096923828125
-0.0986328125
-0.10089111328125
-0.104522705078125
-0.109466552734375
-0.11407470703125
-0.116363525390625
-0.111541748046875
-0.100067138671875
-0.088470458984375
-0.076995849609375
-0.070709228515625
-0.071868896484375
-0.0760498046875
-0.077239990234375
-0.074310302734375
-0.068939208984375
-0.0506591796875
-0.026824951171875
-0.009674072265625
0.00506591796875
0.015960693359375
0.023773193359375
0.028289794921875
0.029754638671875
0.032196044921875
0.036773681640625
0.04534912109375
0.05767822265625
0.068603515625
0.077301025390625
0.082916259765625
0.087249755859375
0.08587646484375
0.080718994140625
0.07733154296875
0.079132080078125
0.08294677734375
0.084716796875
0.086456298828125
0.086944580078125
0.085601806640625
0.083038330078125
0.0804443359375
0.078094482421875
0.0775146484375
0.075927734375
0.072174072265625
0.07049560546875
0.06732177734375
0.062469482421875
0.05413818359375
0.03924560546875
0.0250244140625
0.01361083984375
0.003173828125
-3.0517578125e-05
0.00244140625
0.003997802734375
0.001251220703125
-0.012054443359375
-0.032135009765625
-0.05548095703125
-0.075958251953125
-0.088653564453125
-0.094390869140625
-0.093780517578125
-0.091033935546875
-0.08758544921875
-0.087738037109375
-0.094879150390625
-0.1026611328125
-0.112335205078125
-0.1187744140625
-0.118499755859375
-0.115081787109375
-0.109954833984375
-0.09893798828125
-0.084136962890625
-0.07159423828125
-0.0699462890625
-0.066192626953125
-0.0648193359375
-0.06170654296875
-0.057464599609375
-0.05194091796875
-0.039031982421875
-0.02587890625
-0.017730712890625
-0.0126953125
-0.008148193359375
-0.002044677734375
0.00665283203125
0.01580810546875
0.03033447265625
0.052001953125
0.06787109375
0.076171875
0.080474853515625
0.083648681640625
0.082366943359375
0.07696533203125
0.0704345703125
0.069580078125
0.073394775390625
0.0841064453125
0.09442138671875
0.101776123046875
0.103271484375
0.0977783203125
0.088409423828125
0.076690673828125
0.068634033203125
0.06646728515625
0.0716552734375
0.0765380859375
0.079315185546875
0.080596923828125
0.074188232421875
0.0634765625
0.052886962890625
0.038970947265625
0.028594970703125
0.02154541015625
0.016876220703125
0.012908935546875
0.00872802734375
0.005279541015625
-0.000701904296875
-0.0074462890625
-0.022430419921875
-0.041351318359375
-0.0546875
-0.0662841796875
-0.07440185546875
-0.082183837890625
-0.091461181640625
-0.09783935546875
-0.1080322265625
-0.12255859375
-0.13177490234375
-0.133056640625
-0.127685546875
-0.120269775390625
-0.110443115234375
-0.0977783203125
-0.088348388671875
-0.08282470703125
-0.081085205078125
-0.082489013671875
-0.0828857421875
-0.079193115234375
-0.07293701171875
-0.05999755859375
-0.044769287109375
-0.03143310546875
-0.014617919921875
-0.003204345703125
-0.001251220703125
0.000396728515625
0.00244140625
0.00653076171875
0.01483154296875
0.02606201171875
0.0391845703125
0.049560546875
0.056304931640625
0.05938720703125
0.0611572265625
0.06219482421875
0.063995361328125
0.068450927734375
0.07183837890625
0.07568359375
0.07952880859375
0.0814208984375
0.086029052734375
0.088470458984375
0.09063720703125
0.08990478515625
0.090057373046875
0.091522216796875
0.09234619140625
0.095428466796875
0.098388671875
0.0972900390625
0.088836669921875
0.07611083984375
0.063507080078125
0.0517578125
0.042266845703125
0.037017822265625
0.037109375
0.03741455078125
0.031341552734375
0.0233154296875
0.0089111328125
-0.009185791015625
-0.02789306640625
-0.04705810546875
-0.064788818359375
-0.06976318359375
-0.072052001953125
-0.075408935546875
-0.080230712890625
-0.08734130859375
-0.0943603515625
-0.10443115234375
-0.114837646484375
-0.116943359375
-0.114593505859375
-0.111419677734375
-0.105560302734375
-0.100067138671875
-0.0924072265625
-0.08819580078125
-0.084869384765625
-0.077911376953125
-0.072113037109375
-0.066680908203125
-0.062164306640625
-0.058685302734375
-0.0526123046875
-0.04571533203125
-0.04150390625
-0.036529541015625
-0.031494140625
-0.027587890625
-0.023681640625
-0.017364501953125
-0.008026123046875
0.0048828125
0.017913818359375
0.0263671875
0.032684326171875
0.034393310546875
0.034027099609375
0.033905029296875
0.040191650390625
0.049102783203125
0.063232421875
0.079498291015625
0.092315673828125
0.10247802734375
0.108428955078125
0.10760498046875
0.10333251953125
0.101318359375
0.1016845703125
0.103729248046875
0.1026611328125
0.10321044921875
0.10211181640625
0.096405029296875
0.089996337890625
0.08160400390625
0.074462890625
0.06695556640625
0.05731201171875
0.048583984375
0.037200927734375
0.0247802734375
0.01312255859375
0.00341796875
-0.0062255859375
-0.01239013671875
-0.018035888671875
-0.023773193359375
-0.028350830078125
-0.0352783203125
-0.044647216796875
-0.05255126953125
-0.061370849609375
-0.069366455078125
-0.078094482421875
-0.087615966796875
-0.094970703125
-0.09906005859375
-0.09808349609375
-0.09344482421875
-0.09063720703125
-0.0880126953125
-0.089630126953125
-0.093658447265625
-0.09991455078125
-0.10699462890625
-0.10784912109375
-0.101593017578125
-0.092987060546875
-0.08197021484375
-0.0697021484375
-0.05938720703125
-0.051239013671875
-0.047698974609375
-0.04296875
-0.036102294921875
-0.03057861328125
-0.024200439453125
-0.01519775390625
-0.0059814453125
0.003265380859375
0.013458251953125
0.021026611328125
0.02911376953125
0.0386962890625
0.04815673828125
0.05548095703125
0.063629150390625
0.070037841796875
0.074615478515625
0.076263427734375
0.078369140625
0.081390380859375
0.083343505859375
0.08636474609375
0.090728759765625
0.096435546875
0.100921630859375
0.102783203125
0.105224609375
0.104339599609375
0.09771728515625
0.089599609375
0.08038330078125
0.0728759765625
0.0672607421875
0.065185546875
0.064788818359375
0.0657958984375
0.066162109375
0.058135986328125
0.04241943359375
0.025970458984375
0.009521484375
-0.004364013671875
-0.015838623046875
-0.027435302734375
-0.02886962890625
-0.0335693359375
-0.04144287109375
-0.04913330078125
-0.0572509765625
-0.066497802734375
-0.07452392578125
-0.083099365234375
-0.089447021484375
-0.095062255859375
-0.0987548828125
-0.101470947265625
-0.103118896484375
-0.104156494140625
-0.1044921875
-0.10546875
-0.102508544921875
-0.097930908203125
-0.09173583984375
-0.08245849609375
-0.0714111328125
-0.065948486328125
-0.0618896484375
-0.060516357421875
-0.060333251953125
-0.056915283203125
-0.053253173828125
-0.04473876953125
-0.031402587890625
-0.020263671875
-0.01251220703125
-0.00537109375
-0.00238037109375
-0.000640869140625
0.000244140625
0.0009765625
0.006805419921875
0.014556884765625
0.028533935546875
0.0433349609375
0.056365966796875
0.06829833984375
0.077850341796875
0.085723876953125
0.08709716796875
0.08770751953125
0.090087890625
0.094757080078125
0.10003662109375
0.10430908203125
0.1082763671875
0.112518310546875
0.112457275390625
0.11138916015625
0.108551025390625
0.10479736328125
0.1011962890625
0.09259033203125
0.084564208984375
0.07452392578125
0.063568115234375
0.05279541015625
0.034759521484375
0.017059326171875
0.0072021484375
-0.001739501953125
-0.008056640625
-0.01361083984375
-0.01873779296875
-0.02313232421875
-0.03070068359375
-0.04376220703125
-0.054107666015625
-0.06036376953125
-0.064483642578125
-0.06622314453125
-0.065826416015625
-0.06427001953125
-0.062286376953125
-0.06439208984375
-0.067596435546875
-0.07232666015625
-0.078948974609375
-0.087127685546875
-0.093353271484375
-0.094573974609375
-0.094879150390625
-0.094024658203125
-0.086517333984375
-0.076812744140625
-0.072509765625
-0.072906494140625
-0.073974609375
-0.075897216796875
-0.075775146484375
-0.074676513671875
-0.069183349609375
-0.058013916015625
-0.0462646484375
-0.0364990234375
-0.02850341796875
-0.019775390625
-0.01043701171875
0.000885009765625
0.009033203125
0.018402099609375
0.0341796875
0.047515869140625
0.053131103515625
0.059234619140625
0.064605712890625
0.070281982421875
0.075836181640625
0.080474853515625
0.087371826171875
0.096099853515625
0.101715087890625
0.103179931640625
0.10308837890625
0.1011962890625
0.09747314453125
0.091766357421875
0.084564208984375
0.079620361328125
0.075531005859375
0.07269287109375
0.07281494140625
0.07220458984375
0.071197509765625
0.065338134765625
0.054901123046875
0.045257568359375
0.029388427734375
0.013397216796875
0.00592041015625
0.0045166015625
0.00238037109375
0.002349853515625
-0.000946044921875
-0.005035400390625
-0.013458251953125
-0.02532958984375
-0.034912109375
-0.042388916015625
-0.04766845703125
-0.051483154296875
-0.05682373046875
-0.06243896484375
-0.0660400390625
-0.0726318359375
-0.079833984375
-0.082366943359375
-0.08349609375
-0.083709716796875
-0.084014892578125
-0.08563232421875
-0.08575439453125
-0.086944580078125
-0.08746337890625
-0.089874267578125
-0.08880615234375
-0.0848388671875
-0.078826904296875
-0.07110595703125
-0.062347412109375
-0.05419921875
-0.044219970703125
-0.033966064453125
-0.02679443359375
-0.022857666015625
-0.0181884765625
-0.0137939453125
-0.011688232421875
-0.00457763671875
0.00537109375
0.019989013671875
0.035400390625
0.044952392578125
0.053375244140625
0.056793212890625
0.05810546875
0.058624267578125
0.0599365234375
0.063629150390625
0.071380615234375
0.07830810546875
0.082366943359375
0.086822509765625
0.087982177734375
0.088165283203125
0.088623046875
0.09112548828125
0.09222412109375
0.091064453125
0.085540771484375
0.0791015625
0.071441650390625
0.063720703125
0.0562744140625
0.05010986328125
0.046600341796875
0.042816162109375
0.03497314453125
0.02874755859375
0.02215576171875
0.0125732421875
0.002838134765625
-0.00811767578125
-0.0164794921875
-0.024932861328125
-0.0360107421875
-0.0426025390625
-0.042083740234375
-0.04205322265625
-0.042205810546875
-0.0430908203125
-0.0443115234375
-0.047393798828125
-0.05377197265625
-0.06365966796875
-0.07135009765625
-0.073577880859375
-0.07391357421875
-0.074249267578125
-0.072235107421875
-0.06988525390625
-0.06988525390625
-0.072967529296875
-0.07745361328125
-0.07891845703125
-0.078948974609375
-0.079315185546875
-0.076873779296875
-0.07293701171875
-0.067535400390625
-0.063385009765625
-0.055572509765625
-0.047607421875
-0.037841796875
-0.029449462890625
-0.019134521484375
-0.009002685546875
0.0013427734375
0.010345458984375
0.016387939453125
0.02301025390625
0.031768798828125
0.04046630859375
0.0479736328125
0.055938720703125
0.065643310546875
0.074249267578125
0.08123779296875
0.08526611328125
0.087554931640625
0.08807373046875
0.08349609375
0.078704833984375
0.0738525390625
0.070709228515625
0.06817626953125
0.06756591796875
0.070220947265625
0.071685791015625
0.068206787109375
0.0601806640625
0.053070068359375
0.043975830078125
0.035736083984375
0.02996826171875
0.027191162109375
0.025604248046875
0.026580810546875
0.023406982421875
0.01934814453125
0.014556884765625
0.0101318359375
0.003997802734375
-0.00238037109375
-0.007537841796875
-0.01287841796875
-0.01702880859375
-0.022918701171875
-0.02679443359375
-0.031646728515625
-0.0364990234375
-0.043304443359375
-0.0487060546875
-0.0533447265625
-0.059051513671875
-0.06268310546875
-0.06732177734375
-0.07135009765625
-0.075653076171875
-0.078948974609375
-0.08465576171875
-0.08685302734375
-0.0855712890625
-0.081207275390625
-0.078277587890625
-0.071197509765625
-0.063720703125
-0.05767822265625
-0.05078125
-0.046295166015625
-0.041473388671875
-0.035552978515625
-0.02838134765625
-0.019683837890625
-0.009674072265625
0.00164794921875
0.011627197265625
0.022796630859375
0.030364990234375
0.033477783203125
0.034912109375
0.0362548828125
0.03912353515625
0.043548583984375
0.0482177734375
0.052154541015625
0.055816650390625
0.058380126953125
0.060577392578125
0.0594482421875
0.058319091796875
0.059234619140625
0.05877685546875
0.05828857421875
0.055938720703125
0.05438232421875
0.05303955078125
0.050750732421875
0.047119140625
0.045074462890625
0.044464111328125
0.043121337890625
0.042633056640625
0.0416259765625
0.043853759765625
0.04278564453125
0.03875732421875
0.030853271484375
0.023590087890625
0.014739990234375
0.00738525390625
-0.001312255859375
-0.006866455078125
-0.007720947265625
-0.011688232421875
-0.014678955078125
-0.0201416015625
-0.02655029296875
-0.034210205078125
-0.042633056640625
-0.05072021484375
-0.056640625
-0.059844970703125
-0.059814453125
-0.0570068359375
-0.056396484375
-0.055999755859375
-0.05865478515625
-0.061920166015625
-0.064483642578125
-0.06451416015625
-0.06427001953125
-0.06085205078125
-0.056884765625
-0.053466796875
-0.050201416015625
-0.048431396484375
-0.044403076171875
-0.037872314453125
-0.032562255859375
-0.023193359375
-0.015655517578125
-0.007720947265625
-0.002960205078125
0.00067138671875
0.00360107421875
0.0078125
0.01251220703125
0.015380859375
0.0186767578125
0.025390625
0.033477783203125
0.040557861328125
0.045806884765625
0.050140380859375
0.05499267578125
0.055084228515625
0.051910400390625
0.04803466796875
0.046142578125
0.049285888671875
0.05194091796875
0.054595947265625
0.05743408203125
0.057708740234375
0.055999755859375
0.05096435546875
0.042999267578125
0.038543701171875
0.035125732421875
0.03277587890625
0.03240966796875
0.032745361328125
0.0335693359375
0.032623291015625
0.027679443359375
0.022796630859375
0.018798828125
0.012847900390625
0.007354736328125
0.004150390625
-0.00048828125
-0.00555419921875
-0.010345458984375
-0.018157958984375
-0.025054931640625
-0.03045654296875
-0.035614013671875
-0.03814697265625
-0.040313720703125
-0.04241943359375
-0.04510498046875
-0.0478515625
-0.05108642578125
-0.054168701171875
-0.059173583984375
-0.062652587890625
-0.0640869140625
-0.063934326171875
-0.06365966796875
-0.060577392578125
-0.053375244140625
-0.046142578125
-0.043792724609375
-0.04315185546875
-0.042755126953125
-0.0418701171875
-0.039398193359375
-0.034271240234375
-0.02752685546875
-0.015655517578125
-0.00164794921875
0.004486083984375
0.0091552734375
0.014495849609375
0.01708984375
0.021728515625
0.023651123046875
0.0279541015625
0.033172607421875
0.03759765625
0.039398193359375
0.041748046875
0.043701171875
0.04608154296875
0.046630859375
0.046630859375
0.049041748046875
0.04931640625
0.04827880859375
0.047515869140625
0.046112060546875
0.043701171875
0.03961181640625
0.0355224609375
0.03192138671875
0.03192138671875
0.03204345703125
0.032623291015625
0.035186767578125
0.03497314453125
0.03448486328125
0.0301513671875
0.026031494140625
0.02166748046875
0.01446533203125
0.00921630859375
0.008209228515625
0.005950927734375
0.005157470703125
0.002593994140625
-0.0006103515625
-0.004669189453125
-0.014495849609375
-0.026947021484375
-0.0360107421875
-0.04168701171875
-0.045562744140625
-0.04791259765625
-0.04986572265625
-0.052337646484375
-0.05291748046875
-0.054534912109375
-0.05908203125
-0.06085205078125
-0.05938720703125
-0.05853271484375
-0.057037353515625
-0.055511474609375
-0.05224609375
-0.048248291015625
-0.043304443359375
-0.0372314453125
-0.03326416015625
-0.027557373046875
-0.021759033203125
-0.018096923828125
-0.010772705078125
-0.005706787109375
0.001007080078125
0.005828857421875
0.00775146484375
0.009979248046875
0.011749267578125
0.013946533203125
0.01708984375
0.023162841796875
0.02911376953125
0.0350341796875
0.038726806640625
0.038818359375
0.037994384765625
0.035858154296875
0.033172607421875
0.03125
0.031768798828125
0.03192138671875
0.0382080078125
0.04248046875
0.045623779296875
0.047760009765625
0.046875
0.0447998046875
0.041778564453125
0.039031982421875
0.037933349609375
0.035736083984375
0.036102294921875
0.036865234375
0.034423828125
0.031982421875
0.02789306640625
0.0242919921875
0.019927978515625
0.013702392578125
0.008026123046875
0.00433349609375
-0.000762939453125
-0.005645751953125
-0.012542724609375
-0.018310546875
-0.02325439453125
-0.028167724609375
-0.0357666015625
-0.0408935546875
-0.04296875
-0.04541015625
-0.0491943359375
-0.05169677734375
-0.05352783203125
-0.056640625
-0.0596923828125
-0.062164306640625
-0.060302734375
-0.055938720703125
-0.051666259765625
-0.045745849609375
-0.03961181640625
-0.034423828125
-0.03076171875
-0.028411865234375
-0.02789306640625
-0.024505615234375
-0.02239990234375
-0.0191650390625
-0.01519775390625
-0.009765625
-0.003875732421875
-0.000213623046875
0.00238037109375
0.006072998046875
0.008758544921875
0.0113525390625
0.014678955078125
0.01727294921875
0.021881103515625
0.025177001953125
0.02716064453125
0.030731201171875
0.033050537109375
0.033538818359375
0.036102294921875
0.03900146484375
0.040985107421875
0.0439453125
0.044281005859375
0.046112060546875
0.047271728515625
0.0472412109375
0.04656982421875
0.046539306640625
0.047576904296875
0.0482177734375
0.0474853515625
0.046661376953125
0.045654296875
0.04364013671875
0.037994384765625
0.03204345703125
0.025665283203125
0.018951416015625
0.011932373046875
0.005340576171875
0.002288818359375
9.1552734375e-05
-0.000701904296875
-0.00421142578125
-0.009124755859375
-0.01519775390625
-0.019561767578125
-0.027191162109375
-0.03363037109375
-0.03753662109375
-0.04144287109375
-0.0438232421875
-0.048065185546875
-0.050933837890625
-0.052398681640625
-0.0540771484375
-0.05584716796875
-0.056671142578125
-0.057403564453125
-0.05609130859375
-0.055145263671875
-0.053802490234375
-0.04998779296875
-0.047576904296875
-0.043304443359375
-0.0406494140625
-0.037261962890625
-0.033447265625
-0.0267333984375
-0.023223876953125
-0.017730712890625
-0.013580322265625
-0.009033203125
-0.00579833984375
-0.00225830078125
0.000244140625
0.003509521484375
0.00738525390625
0.0115966796875
0.017669677734375
0.0220947265625
0.028106689453125
0.03240966796875
0.03521728515625
0.036651611328125
0.0367431640625
0.035888671875
0.037322998046875
0.039459228515625
0.04150390625
0.043701171875
0.04632568359375
0.049652099609375
0.051513671875
0.0523681640625
0.05157470703125
0.051971435546875
0.051666259765625
0.05035400390625
0.04779052734375
0.0460205078125
0.044921875
0.04229736328125
0.038360595703125
0.0345458984375
0.0306396484375
0.0260009765625
0.0201416015625
0.012908935546875
0.009429931640625
0.00396728515625
-0.00311279296875
-0.009796142578125
-0.015625
-0.020721435546875
-0.025848388671875
-0.029754638671875
-0.034637451171875
-0.036468505859375
-0.040802001953125
-0.046478271484375
-0.05218505859375
-0.056610107421875
-0.05963134765625
-0.0628662109375
-0.0643310546875
-0.0648193359375
-0.063446044921875
-0.059539794921875
-0.055419921875
-0.051910400390625
-0.047760009765625
-0.044677734375
-0.040740966796875
-0.037872314453125
-0.034393310546875
-0.03143310546875
-0.027435302734375
-0.022796630859375
-0.01885986328125
-0.01519775390625
-0.011627197265625
-0.00732421875
-0.002471923828125
0.0
0.001861572265625
0.006195068359375
0.010101318359375
0.01361083984375
0.016998291015625
0.01898193359375
0.0218505859375
0.024749755859375
0.02703857421875
0.029998779296875
0.03436279296875
0.039520263671875
0.043731689453125
0.045684814453125
0.0482177734375
0.050537109375
0.052276611328125
0.05303955078125
0.054931640625
0.057403564453125
0.059356689453125
0.060150146484375
0.059661865234375
0.058258056640625
0.056396484375
0.05340576171875
0.04730224609375
0.039306640625
0.03387451171875
0.028411865234375
0.0213623046875
0.015716552734375
0.011322021484375
0.006103515625
0.00238037109375
-0.005218505859375
-0.012786865234375
-0.019866943359375
-0.02630615234375
-0.03118896484375
-0.0357666015625
-0.038665771484375
-0.041412353515625
-0.04315185546875
-0.045867919921875
-0.046905517578125
-0.04803466796875
-0.0494384765625
-0.049102783203125
-0.047698974609375
-0.0465087890625
-0.046051025390625
-0.046295166015625
-0.04583740234375
-0.04559326171875
-0.04644775390625
-0.046356201171875
-0.044097900390625
-0.041717529296875
-0.03912353515625
-0.037322998046875
-0.0335693359375
-0.03033447265625
-0.02801513671875
-0.02691650390625
-0.024383544921875
-0.0223388671875
-0.01910400390625
-0.016632080078125
-0.0130615234375
-0.005828857421875
0.000946044921875
0.005767822265625
0.010284423828125
0.015228271484375
0.020172119140625
0.0245361328125
0.026458740234375
0.031097412109375
0.03851318359375
0.0428466796875
0.04656982421875
0.050506591796875
0.054229736328125
0.056976318359375
0.056976318359375
0.057708740234375
0.05755615234375
0.0576171875
0.0567626953125
0.054779052734375
0.052764892578125
0.051361083984375
0.048492431640625
0.045013427734375
0.043182373046875
0.039886474609375
0.0362548828125
0.03240966796875
0.027069091796875
0.021453857421875
0.015960693359375
0.008941650390625
0.003082275390625
-0.001800537109375
-0.00823974609375
-0.01348876953125
-0.01708984375
-0.020355224609375
-0.023223876953125
-0.024993896484375
-0.02801513671875
-0.029632568359375
-0.032012939453125
-0.0361328125
-0.040008544921875
-0.041900634765625
-0.042877197265625
-0.043670654296875
-0.04541015625
-0.047088623046875
-0.045745849609375
-0.047607421875
-0.0491943359375
-0.050140380859375
-0.048553466796875
-0.048919677734375
-0.048858642578125
-0.048614501953125
-0.04632568359375
-0.043304443359375
-0.038360595703125
-0.034912109375
-0.030364990234375
-0.026153564453125
-0.021514892578125
-0.018798828125
-0.015228271484375
-0.01177978515625
-0.0059814453125
-0.00244140625
0.001190185546875
0.00390625
0.01055908203125
0.013763427734375
0.018890380859375
0.024017333984375
0.029144287109375
0.0340576171875
0.03900146484375
0.041229248046875
0.04345703125
0.04498291015625
0.04620361328125
0.046661376953125
0.0482177734375
0.0489501953125
0.050872802734375
0.051361083984375
0.052154541015625
0.0518798828125
0.05078125
0.048492431640625
0.04681396484375
0.044189453125
0.0419921875
0.038238525390625
0.0367431640625
0.033050537109375
0.028411865234375
0.023162841796875
0.018890380859375
0.013214111328125
0.007720947265625
0.001678466796875
-0.00537109375
-0.011627197265625
-0.016082763671875
-0.021881103515625
-0.02581787109375
-0.028228759765625
-0.029815673828125
-0.031524658203125
-0.033660888671875
-0.035247802734375
-0.035125732421875
-0.036712646484375
-0.0372314453125
-0.038421630859375
-0.0391845703125
-0.039337158203125
-0.041259765625
-0.041534423828125
-0.041259765625
-0.040191650390625
-0.03961181640625
-0.03887939453125
-0.0384521484375
-0.03692626953125
-0.0362548828125
-0.0369873046875
-0.036651611328125
-0.0347900390625
-0.033172607421875
-0.032196044921875
-0.0299072265625
-0.0267333984375
-0.022552490234375
-0.01898193359375
-0.01458740234375
-0.008697509765625
-0.003631591796875
0.00079345703125
0.006591796875
0.010406494140625
0.016082763671875
0.0198974609375
0.0247802734375
0.031585693359375
0.036285400390625
0.040069580078125
0.043487548828125
0.0467529296875
0.04815673828125
0.04876708984375
0.04827880859375
0.0465087890625
0.046234130859375
0.044525146484375
0.04351806640625
0.0418701171875
0.04119873046875
0.04022216796875
0.03814697265625
0.035552978515625
0.033203125
0.029754638671875
0.0260009765625
0.02154541015625
0.0181884765625
0.0145263671875
0.012237548828125
0.0081787109375
0.005523681640625
0.00323486328125
0.001373291015625
-0.00286865234375
-0.006591796875
-0.0093994140625
-0.01171875
-0.0145263671875
-0.0177001953125
-0.019989013671875
-0.021514892578125
-0.02392578125
-0.026123046875
-0.028167724609375
-0.028778076171875
-0.03009033203125
-0.031005859375
-0.033477783203125
-0.035980224609375
-0.038299560546875
-0.040130615234375
-0.042633056640625
-0.042572021484375
-0.04290771484375
-0.04241943359375
-0.042449951171875
-0.041168212890625
-0.039276123046875
-0.036651611328125
-0.034912109375
-0.032073974609375
-0.0281982421875
-0.0260009765625
-0.0220947265625
-0.018890380859375
-0.014404296875
-0.00836181640625
-0.003814697265625
0.0010986328125
0.007537841796875
0.011810302734375
0.01568603515625
0.01904296875
0.02227783203125
0.024383544921875
0.026641845703125
0.027862548828125
0.02972412109375
0.032684326171875
0.034423828125
0.03448486328125
0.035308837890625
0.03619384765625
0.03662109375
0.035186767578125
0.033477783203125
0.033599853515625
0.032318115234375
0.030303955078125
0.028350830078125
0.0264892578125
0.026397705078125
0.025543212890625
0.023529052734375
0.02349853515625
0.0228271484375
0.021759033203125
0.01959228515625
0.016021728515625
0.01446533203125
0.012786865234375
0.00885009765625
0.00433349609375
0.00177001953125
-0.00164794921875
-0.004638671875
-0.008453369140625
-0.01220703125
-0.013427734375
-0.016937255859375
-0.021087646484375
-0.025115966796875
-0.0269775390625
-0.02923583984375
-0.031005859375
-0.032318115234375
-0.032073974609375
-0.03228759765625
-0.032867431640625
-0.033355712890625
-0.032928466796875
-0.033416748046875
-0.033538818359375
-0.0340576171875
-0.033172607421875
-0.0323486328125
-0.03277587890625
-0.03155517578125
-0.02850341796875
-0.026123046875
-0.023101806640625
-0.02130126953125
-0.0179443359375
-0.01470947265625
-0.01177978515625
-0.00970458984375
-0.006805419921875
-0.002532958984375
-0.00018310546875
0.00299072265625
0.00543212890625
0.00933837890625
0.013275146484375
0.015655517578125
0.017913818359375
0.02154541015625
0.024749755859375
0.026763916015625
0.028839111328125
0.02947998046875
0.031158447265625
0.03173828125
0.0311279296875
0.030426025390625
0.030487060546875
0.031158447265625
0.0294189453125
0.02691650390625
0.0255126953125
0.023712158203125
0.02197265625
0.02008056640625
0.0169677734375
0.01611328125
0.0146484375
0.013763427734375
0.012969970703125
0.012176513671875
0.012237548828125
0.01104736328125
0.009002685546875
0.00653076171875
0.00384521484375
0.0009765625
-0.00140380859375
-0.003997802734375
-0.0062255859375
-0.008636474609375
-0.010986328125
-0.012908935546875
-0.014923095703125
-0.01776123046875
-0.02020263671875
-0.022125244140625
-0.023223876953125
-0.025238037109375
-0.027069091796875
-0.027862548828125
-0.028961181640625
-0.029876708984375
-0.03167724609375
-0.03173828125
-0.031158447265625
-0.02978515625
-0.0289306640625
-0.027801513671875
-0.02581787109375
-0.02264404296875
-0.02166748046875
-0.020721435546875
-0.0177001953125
-0.014862060546875
-0.010955810546875
-0.00909423828125
-0.0062255859375
-0.001129150390625
0.0023193359375
0.003875732421875
0.0052490234375
0.0076904296875
0.009552001953125
0.011138916015625
0.011566162109375
0.01397705078125
0.01727294921875
0.01983642578125
0.02093505859375
0.021942138671875
0.022705078125
0.023101806640625
0.022613525390625
0.022125244140625
0.021820068359375
0.02130126953125
0.02044677734375
0.01934814453125
0.0181884765625
0.017120361328125
0.015594482421875
0.01434326171875
0.013214111328125
0.01251220703125
0.012115478515625
0.011627197265625
0.01190185546875
0.01141357421875
0.0101318359375
0.009002685546875
0.007476806640625
0.007080078125
0.0054931640625
0.003936767578125
0.00250244140625
0.001861572265625
-0.00030517578125
-0.002532958984375
-0.006927490234375
-0.008758544921875
-0.01092529296875
-0.0150146484375
-0.01763916015625
-0.01861572265625
-0.01910400390625
-0.02008056640625
-0.0218505859375
-0.023223876953125
-0.023590087890625
-0.024810791015625
-0.02655029296875
-0.02642822265625
-0.025390625
-0.0233154296875
-0.022308349609375
-0.021240234375
-0.01922607421875
-0.01702880859375
-0.01446533203125
-0.013336181640625
-0.0107421875
-0.007659912109375
-0.004852294921875
-0.003662109375
-0.0023193359375
-0.0009765625
0.000457763671875
0.0013427734375
0.00250244140625
0.004638671875
0.006256103515625
0.007904052734375
0.008758544921875
0.009552001953125
0.011077880859375
0.011627197265625
0.011688232421875
0.012451171875
0.012725830078125
0.01336669921875
0.01348876953125
0.014373779296875
0.01556396484375
0.016204833984375
0.015625
