-1.21067035
-1.54196894
-0.64031184
1.86647952
1.04266846
-0.23197897
-2.02972651
-1.96434891
-0.31319702
0.33449349
-1.34281111
-5.95821333
-5.82789898
42.41976166
1.20121205
-98.42381287
6.40211105
3.62386179
-2.00873733
-1.34626448
-1.80712783
2.31450343
-0.63728637
-1.17654717
-1.05456066
2.41167188
0.96094155
2.93660259
-4.77686214
1.71177983
-2.15008473
21.15610123
0.17380565
-1.85183048
-0.49073145
8.16901684
8.11320591
0.81741250
-1.80507791
-1.80692458
-0.60411000
2.07156229
6.37292004
21.81009674
-2.17306972
0.64965987
1.20785737
-0.74308658
-1.36004984
0.72352552
-0.75098711
0.17559335
0.33811736
-2.40240240
0.00506815
1.19093096
-1.93549585
-5.42182255
-6.74621153
-0.48413312
0.09390685
-2.99203372
3.86723089
-2.14967585
-0.33890021
-0.72891968
1.39435971
-1.59283233
-1.88415694
1.14549625
-0.47868612
0.84161961
-3.14935327
0.55183548
1.05444562
-2.69127226
0.70383608
-0.15281807
-1.05176210
1.13257170
-1.50366282
-0.08584419
-8.79033279
-8.48253059
3.50721812
-0.28430396
-0.40745214
-1.28824008
2.42145586
-0.87342036
0.59860158
0.48774412
-0.96136642
-1.28750026
0.07202557
0.11093649
0.60344642
1.78115439
2.47723365
-0.81214225
-0.40267524
-1.76489449
1.02789354
-0.57824206
-0.41459638
3.83360839
32.05593109
-0.26455471
-0.86753279
-0.88583851
2.62102461
1.12088144
-0.86056697
2.79760075
-0.91622657
0.60495585
-0.19288716
-0.06954863
0.05948037
0.31223390
0.40204337
0.62048620
-1.83016670
0.04613890
1.70301640
0.43946499
-1.72793198
-0.02923310
2.77727723
0.31926209
11.43877220
9.64010143
-1.08389342
1.79144943
-0.30527711
-0.22345468
0.46587977
0.04183279
-0.54802942
0.76288861
-0.72345525
-0.03156375
0.07015120
0.06159550
-1.53757286
-0.04859970
-1.22255492
-3.87356520
-0.47596440
2.88085604
0.67244995
-0.10253120
0.05718176
0.08060878
-0.00074984
0.47384137
-0.09057122
0.81124568
-0.85689509
0.45020628
-0.06317870
0.19670774
0.11406645
-1.00209510
-0.56343251
0.59310651
0.31026000
-0.07516690
0.62069350
-1.13880396
-0.19894090
-0.66992438
0.32430714
0.27379745
0.69884223
-0.76179367
1.22955358
-0.64873916
1.23431540
-0.62047601
0.77691573
-0.20304786
-0.33548433
-0.40649301
0.24516453
-0.21259288
0.10152796
-0.97975564
1.07811701
-1.62548673
-0.54362267
-0.28795874
0.33721390
1.37787902
0.00675205
-0.09175526
1.00794518
-0.81352842
0.09385333
-0.91572428
-0.33224282
-0.51025718
-0.14358628
-0.09995648
-1.33678508
-0.00733335
-0.40867811
-0.32960218
0.04685892
-0.19168109
-0.53689045
-1.23577189
-0.58241540
0.00027892
-0.41652799
0.48868284
-0.35838434
0.66100860
-0.60908675
0.19983763
-0.19373135
0.06567398
-0.51649910
0.70188147
1.53258717
2.11427331
-0.23030892
0.08128589
-0.34749404
0.56100130
-0.41446397
1.38536489
4.43750525
-2.37600994
-0.17071676
-0.28888586
-0.37312639
0.24103609
0.37309235
-0.15870079
-0.08714651
-0.62104577
-0.11762844
-0.38873565
-0.15507002
0.15917280
0.31622154
-0.40854046
0.95812923
0.54538238
-2.30204988
0.33329532
1.01372206
-0.17120731
0.26659116
-0.45976958
-0.12803468
-0.90348434
0.50671536
-0.05250480
-0.42880476
0.46781585
-0.43737522
-0.29881775
0.25482669
-0.98426378
0.38171840
-0.49832487
0.59562337
0.02030759
0.21397661
0.21224456
-0.57295090
0.12422519
0.05114085
-0.01168468
-0.28555936
-0.31641412
0.15066165
-0.01794488
0.15003768
-0.04488099
-0.38265681
0.12307724
-0.29830810
0.29712558
-0.16986801
-0.35578576
0.85568535
0.58089930
0.56439841
0.06929207
0.04949329
-0.37605658
-0.14861766
0.12833111
0.21256144
-0.01839964
-0.10350108
0.01394576
-0.05457679
0.00490157
-0.07870485
-0.01230297
-0.08098724
-0.11159523
-0.10118224
0.23794352
-0.28289697
0.16563207
-0.06223997
0.13619865
-0.04906279
0.61762494
-0.08905464
0.10768767
-0.01225361
-0.17504716
-0.11278258
0.01094017
-0.11360365
0.03819685
-0.14387479
0.04407190
-0.01624635
0.08492796
-0.06774429
0.13134295
-0.09423595
0.00130470
-0.15199527
0.01071987
0.00993567
0.19454682
0.19573012
-0.06051389
-0.09869112
0.08363014
0.21228120
0.06971877
-0.38015047
-0.18639126
0.29256836
0.13186042
-0.09593455
-0.00501851
0.08982685
0.04796757
0.03395874
0.36389649
-0.12493158
0.08565588
-0.10919900
0.15776879
-0.01089092
0.06416918
0.45145428
-0.03546669
-0.24796037
-0.00048109
-0.11812885
-0.03868074
0.05434472
-0.00850488
-0.00913140
-0.58626682
0.21217902
0.27396435
-0.99172205
0.38536185
0.09931123
-0.00999106
-0.13099803
-0.11489810
-0.29306769
-0.00380825
0.06900467
-0.34092453
-0.27988058
0.10467131
0.02446251
-0.29837400
0.00570161
0.04255215
-0.01631393
-0.09872928
0.30172938
0.02222712
-0.01266137
0.15400632
0.02629422
0.06362014
-0.20365252
0.14771743
-0.03874782
-0.03911056
-0.02871909
0.15820274
0.02287101
-0.01862903
-0.05055857
-0.12391645
-0.41768959
0.09261251
-0.14389595
-0.15271802
0.23723541
0.15026911
0.05239428
-0.01622187
0.19747858
-0.03901959
-0.36204362
0.21551253
0.07772027
-0.04548931
-0.06020028
-0.02549871
-0.01904324
0.06309082
-0.17038167
-0.12450179
-0.11001778
-0.07875460
-0.04596458
0.02745461
0.06675114
-0.06242260
-0.01773119
0.01482808
-0.04199897
-0.02975589
0.03071164
-0.01359257
0.04149357
0.00480016
0.02587477
-0.00332435
0.01006564
-0.00623779
0.04627280
0.01775081
0.00205722
-0.01089466
0.00760334
0.02108729
0.04806285
0.01848703
0.00294734
0.02310401
0.00610919
0.01281276
0.00625482
0.00472820
-0.00801279
0.00321108
0.08646068
-0.00036763
-0.01455437
-0.08636493
-0.07426947
0.03024638
0.01651535
0.02780134
0.00853930
0.02445027
-0.01906466
-0.17443475
0.17518622
-0.00849450
-0.01936307
0.02579215
-0.02483534
-0.02972785
0.02567193
-0.04915958
-0.00320769
0.04243692
0.02912294
-0.01105775
-0.00533841
0.00000807
-0.02481722
-0.03912111
-0.02318347
0.02215060
0.10897402
-0.09612815
0.00358224
-0.01242115
0.01118652
0.00458006
0.00601512
0.00693561
0.00037074
-0.02703477
0.00683792
0.00302357
-0.01440255
0.01419238
0.00062475
-0.00506730
-0.01058811
-0.00973124
-0.02096298
0.01304186
0.00775368
-0.01314347
-0.01869900
-0.01680633
0.00013057
0.02172154
