-7.556238e-001  
2.001124e+000  
-2.068594e+000  
-5.359564e-001  
-8.641172e-001  
1.045621e+000  
2.705732e+000  
-2.165804e+000  
8.523876e-001  
-6.547799e-001  
-9.507811e-002  
1.540841e+000  
-2.190372e+000  
1.892518e+000  
-1.730378e+000  
2.695499e+000  
-4.799326e-001  
-2.557082e+000  
1.300070e-001  
1.192167e+000  
-6.964000e-001  
3.143789e+000  
-5.136696e+000  
1.041560e+001  
-2.728103e+000  
1.186128e+001  
2.772630e+001  
-1.394692e+002  
1.804866e+001  
1.931971e+002  
-1.084346e+002  
-3.211197e+001  
-3.231684e+000  
-4.144848e+000  
5.858270e+000  
6.194362e+000  
1.177964e+000  
6.719069e+000  
-4.037285e-001  
-1.879952e+000  
-3.380761e+000  
1.722773e-001  
3.465392e+000  
-8.944255e-001  
-9.605721e-001  
1.139159e+000  
-1.494294e+000  
6.220546e-001  
-2.130999e+000  
-1.512234e+000  
2.408829e+000  
-2.795184e+000  
3.445243e-001  
-1.351057e+000  
5.209438e+000  
2.687669e+000  
-6.444429e+000  
8.492359e-001  
3.835730e+000  
3.301114e+000  
-7.333684e+000  
-1.593753e+001  
2.597241e+001  
-9.635122e+000  
-1.523456e+000  
3.172592e+000  
-2.081906e+000  
-1.656607e-002  
-1.509970e+000  
-2.503631e+000  
9.728513e+000  
-9.056591e+000  
9.268923e+000  
-3.648917e+000  
-9.303774e-002  
-7.890465e-001  
-2.898909e+000  
1.294539e+000  
-1.822340e+000  
2.345500e+000  
1.299379e-001  
1.010796e+000  
2.404733e+000  
-3.757023e+000  
2.353016e+000  
-2.207052e+001  
2.750047e+001  
-2.842618e+000  
-3.538082e+000  
1.389998e+000  
5.116399e-001  
-2.967518e+000  
7.702523e-001  
-5.256002e-001  
-8.499155e-001  
1.824759e+000  
-1.480981e+000  
4.713542e-001  
1.001125e+000  
-9.450141e-001  
-1.234611e+000  
6.566626e-001  
9.112215e-001  
8.283368e-001  
1.885414e+000  
3.008775e+000  
-3.208779e+000  
-8.969190e-001  
-6.466699e-001  
-6.700554e-001  
9.889128e-001  
-1.676411e+000  
-3.275055e+000  
1.222279e+000  
-3.039970e+000  
1.650189e+001  
-6.183290e+000  
-1.908079e+000  
-1.797457e+000  
-9.518844e-001  
2.642675e-001  
1.831894e+000  
-4.055609e+000  
4.390042e-001  
5.922948e+000  
-1.438546e+000  
-3.303229e+000  
1.681166e+000  
2.441981e-001  
1.027298e+000  
-1.626236e+000  
-2.578453e+000  
2.443682e+000  
3.014384e+000  
-9.036444e-001  
2.178986e+000  
-3.256112e+000  
-2.579944e+000  
9.192936e-001  
3.507341e-002  
-5.633399e-001  
3.751618e-001  
2.534850e+000  
3.165438e+000  
-4.093698e+000  
-1.424660e-001  
1.678275e-001  
-1.953905e+000  
1.630811e+000  
1.764694e+000  
-2.961119e+000  
2.339083e+000  
1.416816e+000  
-1.539119e+000  
-2.109897e-001  
1.662285e+000  
-1.540606e+000  
-9.403982e-001  
1.097611e+000  
-8.188260e-001  
-3.085729e+000  
-1.145271e+000  
8.480844e-001  
3.628806e+000  
-4.211694e+000  
2.741009e+001  
-1.165792e+001  
-2.023132e+001  
8.021420e-002  
4.167155e+000  
1.196196e+000  
1.407617e+000  
5.459639e-001  
1.968352e+000  
-1.615951e+000  
-9.785194e-001  
3.437726e+000  
-5.785428e-001  
-1.686819e+000  
-3.782665e-001  
7.658751e-001  
-3.563849e-002  
1.741319e-001  
-1.695722e+000  
-1.329835e+000  
2.525198e+000  
-1.022173e+000  
7.446088e-001  
4.522574e-001  
1.519302e-001  
3.736130e-001  
4.943261e-001  
-3.091464e-001  
-4.382063e+000  
1.478336e+000  
-9.159565e-002  
3.750180e+000  
-9.229577e-001  
-1.033392e+000  
1.619499e+000  
-6.127068e-001  
-1.174893e+000  
-2.869410e+000  
1.226323e+000  
2.344043e+000  
1.086856e+000  
-1.179693e+000  
-1.747959e+000  
-1.094220e+000  
7.605642e-001  
8.260634e-001  
-1.940318e+001  
4.131494e+001  
-1.443811e+001  
-5.141500e+000  
-1.486140e+000  
-2.256761e+000  
-1.548293e-001  
-1.244385e+000  
8.476521e-001  
4.331657e+000  
-1.033610e+000  
1.684093e+000  
3.838301e-002  
-1.153444e+000  
4.280860e-001  
3.092913e+000  
-4.686391e+000  
-2.114335e+000  
2.795808e+000  
1.124512e+000  
-2.209221e+000  
-9.622855e-002  
2.756670e+000  
8.298014e-002  
-2.143562e+000  
-3.807667e-001  
6.198059e-001  
7.092960e-001  
6.332241e-003  
1.745050e-001  
-1.712506e+000  
1.262352e+000  
2.362164e+000  
-1.688080e+000  
1.483056e+000  
-1.736660e-001  
-2.126602e+000  
1.185697e+000  
-2.577898e+000  
3.189250e-001  
1.393415e+000  
-1.287554e+000  
3.124417e+000  
4.399798e-001  
-1.765915e+000  
2.209233e+000  
-5.523092e+000  
3.421679e-002  
3.271548e+000  
1.380822e+001  
-1.851586e+001  
8.578028e+000  
-3.621268e+000  
-2.916309e+000  
2.287924e-002  
3.111782e+000  
7.271525e-001  
-2.871612e-001  
-3.550470e-001  
-4.250266e-001  
-1.706593e-002  
9.941276e-001  
6.276364e-001  
2.250319e-001  
-1.721511e-001  
-1.148961e+000  
-5.815430e-001  
9.815949e-001  
3.239705e-002  
-1.292360e+000  
-3.723438e-001  
3.164690e-001  
1.536212e+000  
2.509830e-001  
-1.181211e+000  
2.740663e-002  
1.023366e+000  
-2.115865e+000  
2.704337e-002  
1.007624e+000  
3.243230e+000  
-7.382677e-001  
7.444657e-001  
-5.350856e+000  
2.443551e+000  
-6.946191e-001  
-1.977136e+000  
3.773121e+000  
-8.799913e-001  
5.037146e-001  
-1.176213e+000  
-1.163423e-001  
1.255901e+000  
2.176535e-001  
-9.016230e-001  
1.695701e-002  
5.290863e-001  
-1.017713e-001  
-8.765367e-001  
6.344694e-001  
3.882533e-001  
5.127380e-002  
9.546661e-002  
1.250540e+000  
-7.753208e-002  
-2.182715e+000  
-2.107224e+000  
-5.277425e-002  
-2.421037e-001  
1.244156e+000  
4.043132e+000  
9.783768e-001  
-2.471935e+000  
9.556577e-003  
1.870083e+000  
-1.504098e+000  
-1.158713e+000  
-1.340136e+000  
1.843481e-001  
6.094630e-001  
-1.129261e+000  
6.146699e-001  
1.334510e+000  
2.053045e-001  
-5.603642e-001  
9.182636e-001  
1.890429e-001  
-1.441833e+000  
9.943501e-001  
7.226189e-002  
3.318909e-001  
-9.507358e-001  
1.378582e-001  
2.935671e-001  
-7.363166e-001  
2.131023e-001  
1.385090e-001  
4.191924e-001  
-2.207752e+000  
-1.253549e+000  
1.954322e+000  
2.687636e+000  
2.994132e-002  
-1.037125e+000  
-3.406163e-001  
1.594578e+000  
-7.820111e-001  
-1.460342e+000  
-5.692319e-001  
9.939187e-001  
-8.849405e-002  
-2.642592e-001  
2.578385e-001  
-2.080419e-001  
7.594068e-001  
-4.042266e-001  
-4.641967e-002  
3.504276e-001  
-2.080669e-001  
5.237612e-002  
1.315938e+000  
3.544116e-001  
-6.300490e-001  
-1.959192e+000  
-5.089025e-001  
1.859468e+000  
1.091056e+000  
-2.223531e+000  
1.714908e-001  
-4.471164e-001  
1.240518e+000  
-2.346309e-002  
6.312460e-002  
3.191835e-001  
-9.083507e-001  
1.628446e+000  
-9.751307e-001  
-3.512039e-001  
-1.449003e-001  
-2.665307e-001  
-2.781692e-001  
1.714885e+000  
5.340852e-001  
-1.315795e+000  
-5.972674e-001  
2.377300e-001  
1.003720e+000  
-1.178059e+000  
-6.047216e-002  
-1.894930e-002  
1.679190e+000  
-4.637184e-001  
-5.938830e-001  
-2.041827e-001  
7.040263e-001  
-1.284629e-001  
-5.417863e-001  
-1.496107e+000  
2.529905e+000  
7.950081e-001  
4.878515e-002  
-1.074630e+000  
-1.199987e+000  
-9.492400e-001  
4.171759e-002  
6.432521e-001  
1.619056e+000  
3.833090e-001  
3.193867e-001  
-5.793328e-001  
6.044855e-001  
-1.777071e+000  
2.879652e-001  
-7.570211e-001  
4.262255e-001  
3.963654e-001  
8.308553e-001  
-4.712154e-001  
-2.132880e-001  
3.016657e-001  
-1.229303e+000  
-5.881334e-001  
1.132114e+000  
1.319074e+000  
-4.321512e-001  
-8.309083e-001  
7.118538e-001  
6.287459e-001  
2.634610e-001  
-5.666150e-001  
-9.801446e-001  
-1.553761e-001  
3.539779e-001  
-6.010637e-001  
5.000761e-001  
5.659624e-001  
-2.255950e+000  
1.445260e+000  
-1.172294e+000  
2.869401e+000  
-7.494134e-001  
-4.802954e-001  
1.754306e-001  
2.003727e-001  
-5.024077e-002  
-1.714135e-001  
1.126368e+000  
1.008386e+000  
-6.764867e-001  
-1.233156e+000  
-6.267850e-001  
-5.306632e-001  
-7.936398e+000  
6.470299e+000  
5.485295e+000  
-1.681019e+000  
6.385588e-001  
-4.524920e-001  
-1.269079e+000  
-6.262597e-001  
9.455830e-001  
-5.362188e-001  
-5.934295e-001  
2.892024e-001  
3.311640e-001  
5.591466e-001  
-3.459854e-001  
-7.837431e-001  
-1.162372e+000  
-2.246993e-001  
9.296207e-001  
-9.892464e-002  
1.626728e+000  
6.097395e-001  
6.167154e-001  
-5.956419e-001  
-5.822715e-001  
-5.101035e-001  
-1.256177e-001  
2.423910e-001  
1.819740e-001  
3.028321e-001  
-7.335489e-001  
-7.476108e-001  
5.342636e-001  
1.086634e+000  
-1.851216e+000  
1.544382e-002  
-9.871045e-001  
-1.468185e+000  
7.631165e+000  
1.574213e+000  
-4.634972e+000  
-5.114248e-002  
-5.715704e-001  
-7.055194e-001  
-4.519013e-001  
3.933132e-001  
4.996924e-001  
-4.624030e-001  
3.618944e-001  
-1.903321e-003  
2.504684e-001  
-9.197462e-001  
1.319147e+000  
8.842598e-001  
-1.166503e+000  
-2.479086e-001  
6.174775e-001  
-4.926757e-001  
4.913837e-003  
7.523302e-001  
5.721653e-002  
-8.434796e-001  
-3.970702e-001  
-4.875015e-001  
4.433691e-001  
6.909605e-001  
4.530380e-001  
-1.319537e+000  
2.546124e-001  
9.316456e-001  
7.019176e-001  
-6.721994e-001  
-3.508399e-001  
5.138168e-001  
-9.840277e-001  
-1.269415e-001  
4.799502e-001  
4.582892e-001  
-1.383077e-001  
1.923300e-001  
-2.969710e-001  
-9.025744e-001  
4.147072e-001  
2.373156e-001  
-3.084721e-001  
2.346355e-001  
6.407365e-001  
3.269764e-001  
3.701223e-001  
-4.960800e-001  
-4.054579e-001  
-7.489216e-001  
-2.293418e-001  
3.669897e-001  
6.479579e-001  
1.017991e-001  
-3.208815e-001  
1.911862e-001  
1.088543e-001  
-2.374846e-002  
5.405469e-002  
-5.518430e-001  
1.457344e-001  
3.301471e-001  
2.761068e-001  
-3.696495e-001  
4.655357e-002  
3.165810e-001  
-5.327046e-001  
-2.181740e-001  
7.285111e-001  
-3.972011e-001  
-1.759426e-001  
8.966151e-001  
-1.369393e+000  
5.549881e-001  
7.060310e-002  
7.944270e-001  
-5.132628e-001  
-2.852781e-002  
-4.168764e-003  
1.868399e-001  
3.559459e-001  
-5.554405e-001  
-1.795432e-001  
-1.185988e-001  
5.814422e-001  
1.961130e-001  
-6.246821e-001  
1.545840e-001  
1.190975e-002  
4.310546e-002  
2.029224e-001  
-9.653944e-002  
1.450188e-003  
5.838007e-003  
-6.306595e-002  
-3.834124e-002  
1.977670e-001  
6.837788e-002  
-2.879725e-002  
-9.046334e-002  
1.251497e-001  
1.312796e-002  
-1.564360e-002  
-9.878716e-002  
1.409084e-001  
-2.068323e-001  
-2.071711e-001  
-1.009565e-001  
3.509356e-001  
5.678263e-001  
1.864982e-001  
-4.897179e-001  
-3.220054e-001  
1.757475e-001  
7.270031e-002  
-9.296823e-002  
-6.461975e-002  
2.554999e-001  
1.750174e-001  
-1.903401e-001  
-5.623007e-001  
7.441531e-001  
-2.518640e-001  
-8.320658e-002  
3.819042e-001  
1.686056e-001  
-4.173188e-001  
-4.125860e-002  
3.542695e-001  
-2.151351e-001  
-1.175923e-001  
-1.568617e-001  
1.962023e-001  
1.238265e-001  
1.205025e-001  
-9.605362e-002  
1.368483e-001  
-1.545681e-002  
-3.655654e-001  
-1.964808e-001  
4.585203e-001  
2.181566e-001  
-3.084864e-002  
-1.834673e-002  
2.220253e-002  
5.530594e-002  
-2.604851e-001  
-1.588456e-001  
1.104214e-001  
2.360588e-001  
-2.944500e-002  
-1.448346e-001  
2.956662e-002  
5.883852e-002  
1.463511e-001  
-1.810806e-001  
3.519506e-002  
5.671496e-002  
6.664605e-002  
5.232438e-002  
1.429553e-002  
2.132623e-001  
-3.428010e-001  
1.541190e-001  
-1.509762e-001  
-1.103428e-001  
1.342598e-001  
-1.353208e-001  
-7.582271e-002  
2.138032e-001  
2.668670e-001  
2.965227e-001  
-4.720312e-001  
5.788342e-002  
2.816257e-001  
-3.832624e-001  
4.645225e-001  
-2.723987e-001  
-3.485578e-001  
2.997524e-001  
-1.800105e-001  
1.747442e-001  
5.477460e-002  
-1.183267e-001  
5.967659e-002  
-4.957940e-002  
-1.941569e-001  
1.322108e-001  
1.159295e-001  
1.674414e-001  
1.109508e-001  
7.331356e-002  
-7.271484e-002  
2.820551e-001  
-8.184509e-001  
-3.959264e-001  
2.486272e-001  
2.785290e-001  
1.898713e-001  
-4.877049e-002  
1.342871e-001  
2.232235e-001  
-2.725874e-001  
-5.254087e-002  
1.374492e-001  
6.671280e-002  
-2.812465e-001  
5.490135e-001  
-2.937049e-001  
-1.126898e-001  
1.258968e-001  
-3.012013e-001  
2.084018e-001  
2.879703e-002  
-1.083217e-001  
-9.532402e-002  
3.837441e-001  
1.749583e-002  
-1.530592e-001  
3.091989e-002  
-4.470479e-002  
1.843894e-002  
1.281204e-001  
6.756029e-002  
1.451516e-001  
-7.318869e-001  
5.309830e-001  
2.939068e-001  
-6.642871e-001  
3.314738e-001  
3.663915e-001  
-1.311079e+000  
5.262226e-001  
7.281305e-001  
-2.087055e-001  
1.025146e-001  
-4.594873e-002  
-2.771097e-002  
5.737979e-003  
-1.773487e-001  
1.100225e-001  
-6.852166e-002  
2.713818e-001  
-3.266980e-001  
1.809120e-001  
4.985917e-002  
-5.457349e-003  
8.608644e-002  
-5.592709e-002  
-4.458611e-001  
4.057159e-001  
-2.628571e-001  
1.853306e-001  
2.157865e-001  
-6.752533e-002  
5.283695e-002  
9.676635e-002  
-3.846119e-001  
2.131543e-001  
3.773975e-002  
-1.082404e-001  
3.473501e-002  
-4.563630e-003  
4.438803e-003  
9.076440e-002  
-9.951903e-002  
6.788486e-002  
3.735111e-001  
-4.395075e-001  
-2.942173e-002  
2.108287e-001  
2.209620e-002  
-9.542903e-002  
1.955403e-001  
-8.751258e-002  
-6.619751e-003  
-7.948318e-002  
1.042219e-001  
1.016631e-001  
-3.165515e-001  
-7.475087e-002  
2.545211e-001  
1.016707e-001  
5.163687e-002  
2.226169e-001  
-9.947923e-002  
-3.352203e-001  
-9.279459e-002  
1.961467e-001  
2.359018e-001  
-2.608640e-001  
2.186924e-003  
1.270276e-001  
3.030241e-002  
5.761501e-002  
-8.932680e-002  
-8.724062e-002  
-8.033320e-002  
4.756914e-001  
-4.694542e-001  
1.554880e-001  
1.890388e-001  
-2.629139e-002  
-1.775781e-001  
1.985583e-001  
-1.951197e-001  
-2.949440e-002  
2.700481e-001  
-3.230741e-001  
1.241939e-001  
-7.040553e-002  
1.086120e-001  
1.233524e-001  
-9.047627e-003  
-9.901604e-002  
2.252276e-001  
-2.019053e-001  
-5.719131e-002  
2.291964e-001  
-4.198418e-001  
2.809156e-001  
3.115763e-001  
-4.020997e-001  
6.273180e-002  
1.810932e-001  
-2.072760e-002  
-1.106125e-002  
-1.201398e-001  
-5.731928e-002  
6.467640e-003  
2.086797e-001  
-4.587628e-003  
-1.382087e-001  
7.353944e-002  
4.815972e-002  
-1.919576e-001  
2.072175e-001  
-9.080017e-002  
1.301899e-001  
-7.166280e-002  
1.925914e-001  
-8.088119e-002  
-3.752729e-002  
-1.208078e-001  
-1.020476e-001  
6.993955e-002  
1.684001e-001  
1.549340e-001  
-3.853810e-002  
-1.270594e-001  
-5.325472e-002  
-1.898012e-002  
8.356798e-002  
6.317163e-002  
3.076506e-002  
-5.334806e-002  
4.488230e-003  
-3.210843e-002  
3.873302e-002  
5.986184e-002  
-1.480655e-002  
-2.072585e-002  
3.672406e-003  
6.645153e-002  
-1.230842e-002  
-5.708950e-003  
-3.948711e-002  
3.657010e-002  
1.565009e-002  
7.051170e-003  
1.115549e-002  
2.891999e-002  
1.999439e-002  
-2.056823e-002  
-6.375124e-002  
6.754351e-002  
2.898794e-002  
4.291844e-002  
2.768621e-003  
-3.812850e-003  
-2.970349e-002  
-2.596845e-002  
7.812083e-004  
2.326709e-002  
2.342826e-002  
4.540180e-002  
-6.106138e-003  
6.733096e-002  
-3.979763e-002  
1.034340e-002  
-2.729395e-002  
-4.283287e-003  
-6.744161e-003  
4.317492e-002  
1.515222e-002  
2.289826e-002  
1.400602e-002  
8.829415e-003  
-5.907601e-002  
9.843439e-003  
5.044365e-002  
2.224472e-002  
-1.377586e-002  
-7.231116e-003  
1.897073e-002  
1.381788e-002  
-9.628803e-003  
1.283181e-001  
-3.945443e-002  
-1.784842e-002  
-2.437866e-002  
-7.970691e-003  
7.653370e-002  
-9.459656e-002  
6.661695e-002  
-7.775432e-002  
6.090333e-002  
6.214033e-002  
-2.934405e-002  
2.028120e-002  
-6.113291e-003  
3.500499e-002  
-3.931054e-002  
2.662496e-002  
5.919889e-002  
6.162736e-002  
-5.121678e-003  
-4.279777e-003  
1.013058e-001  
-2.929543e-001  
-1.316554e-001  
2.539371e-001  
3.842497e-002  
2.715254e-002  
5.785108e-002  
-1.526180e-002  
-2.745330e-002  
3.726751e-002  
6.613374e-003  
-3.097260e-002  
1.584309e-002  
-2.501667e-002  
4.619515e-002  
6.527069e-002  
2.366136e-002  
-7.539403e-002  
-1.257265e-002  
-1.805913e-002  
-2.870965e-002  
6.722564e-002  
9.656250e-003  
6.541535e-002  
2.696395e-002  
-4.817694e-003  
-1.155287e-003  
-7.224366e-003  
-3.740072e-003  
1.710892e-002  
4.945803e-002  
-2.402025e-002  
-5.176604e-003  
-3.322625e-002  
9.639677e-002  
-1.270604e-002  
-1.381195e-002  
-3.408635e-002  
-2.145122e-001  
1.829985e-001  
2.217375e-001  
-7.674451e-002  
-2.078116e-003  
7.572442e-003  
-1.913708e-003  
-1.852778e-002  
1.580670e-003  
2.134944e-002  
3.695741e-003  
1.064229e-002  
-1.886807e-003  
1.295185e-002  
3.132343e-003  
1.630314e-002  
2.831697e-003  
1.300254e-002  
2.713227e-002  
-2.572048e-002  
1.988065e-002  
1.872444e-002  
-5.877972e-003  
1.727867e-002  
2.850342e-002  
-9.755135e-003  
3.618240e-003  
2.710104e-002  
-1.517773e-003  
5.467474e-003  
6.059706e-003  
4.235506e-003  
2.416873e-002  
-1.718253e-003  
1.475012e-002  
-1.135468e-005  
2.665108e-002  
-1.743835e-002  
1.643106e-002  
2.311462e-002  
-1.749341e-002  
1.429166e-002  
1.562357e-002  
-8.421946e-003  
1.797065e-002  
-1.113412e-002  
3.497623e-002  
-1.030910e-002  
9.794414e-003  
7.092699e-003  
1.739770e-003  
3.619567e-002  
-7.983044e-003  
