Frequency (Hz)	Level (dB)
10.766602	-66.405479
21.533203	-64.703964
32.299805	-62.749702
43.066406	-72.129272
53.833008	-71.280495
64.599609	-90.432411
75.366211	-88.478676
86.132813	-80.110725
96.899414	-81.914597
107.666016	-75.558365
118.432617	-69.464317
129.199219	-67.468964
139.965820	-66.230507
150.732422	-66.063583
161.499023	-66.405777
172.265625	-73.454697
183.032227	-78.338097
193.798828	-75.649971
204.565430	-73.949440
215.332031	-70.723122
226.098633	-71.025642
236.865234	-70.615852
247.631836	-72.731789
258.398438	-66.847939
269.165039	-64.972496
279.931641	-66.702606
290.698242	-66.288193
301.464844	-64.486198
312.231445	-66.060654
322.998047	-68.411118
333.764648	-71.920967
344.531250	-81.339462
355.297852	-73.367813
366.064453	-66.653175
376.831055	-64.602882
387.597656	-67.904175
398.364258	-69.771004
409.130859	-72.593643
419.897461	-64.484451
430.664063	-62.185692
441.430664	-66.645348
452.197266	-68.426788
462.963867	-68.370491
473.730469	-58.453522
484.497070	-57.168503
495.263672	-54.797405
506.030273	-51.801739
516.796875	-54.756905
527.563477	-56.576599
538.330078	-47.081543
549.096680	-40.372395
559.863281	-34.997932
570.629883	-29.233187
581.396484	-26.699278
592.163086	-31.861509
602.929688	-38.541592
613.696289	-32.407318
624.462891	-21.638910
635.229492	-15.679303
645.996094	-18.563852
656.762695	-30.747511
667.529297	-43.076160
678.295898	-54.426041
689.062500	-51.113312
699.829102	-59.513767
710.595703	-61.178619
721.362305	-54.770596
732.128906	-58.446941
742.895508	-63.562992
753.662109	-73.236282
764.428711	-63.095097
775.195313	-59.865395
785.961914	-57.971001
796.728516	-58.939964
807.495117	-56.813980
818.261719	-57.544796
829.028320	-59.653023
839.794922	-62.728107
850.561523	-79.048141
861.328125	-70.911453
872.094727	-65.126511
882.861328	-64.515457
893.627930	-72.552368
904.394531	-66.554642
915.161133	-64.773178
925.927734	-66.502823
936.694336	-78.528679
947.460938	-81.373024
958.227539	-78.684761
968.994141	-66.674362
979.760742	-62.215618
990.527344	-63.377411
1001.293945	-64.435463
1012.060547	-64.380760
1022.827148	-74.146210
1033.593750	-69.179565
1044.360352	-68.383965
1055.126953	-69.421936
1065.893555	-65.375252
1076.660156	-63.674267
1087.426758	-68.935318
1098.193359	-69.546364
1108.959961	-61.599342
1119.726563	-61.178982
1130.493164	-60.531231
1141.259766	-61.953938
1152.026367	-75.636826
1162.792969	-63.540913
1173.559570	-70.931709
1184.326172	-76.007797
1195.092773	-61.117664
1205.859375	-53.706654
1216.625977	-53.375282
1227.392578	-56.855026
1238.159180	-56.383045
1248.925781	-53.624493
1259.692383	-54.649837
1270.458984	-51.782341
1281.225586	-51.535206
1291.992188	-55.061607
1302.758789	-50.978443
1313.525391	-41.376656
1324.291992	-34.624084
1335.058594	-34.825676
1345.825195	-43.442356
1356.591797	-61.924374
1367.358398	-58.152836
1378.125000	-62.425182
1388.891602	-63.084965
1399.658203	-58.121265
1410.424805	-58.318783
1421.191406	-56.552891
1431.958008	-56.348442
1442.724609	-61.278561
1453.491211	-59.320122
1464.257813	-58.072044
1475.024414	-56.728683
1485.791016	-54.515549
1496.557617	-59.905228
1507.324219	-56.671856
1518.090820	-56.600796
1528.857422	-44.773788
1539.624023	-44.657654
1550.390625	-53.273994
1561.157227	-55.685341
1571.923828	-62.761940
1582.690430	-55.824440
1593.457031	-56.180809
1604.223633	-61.279903
1614.990234	-62.280121
1625.756836	-64.134338
1636.523438	-70.609100
1647.290039	-63.850819
1658.056641	-62.630890
1668.823242	-68.573586
1679.589844	-66.688988
1690.356445	-60.128071
1701.123047	-63.673214
1711.889648	-74.074600
1722.656250	-62.386330
1733.422852	-59.271641
1744.189453	-59.451332
1754.956055	-63.767490
1765.722656	-66.939484
1776.489258	-63.292118
1787.255859	-58.435326
1798.022461	-55.766644
1808.789063	-62.293888
1819.555664	-51.290672
1830.322266	-40.597389
1841.088867	-37.622978
1851.855469	-40.539143
1862.622070	-48.201202
1873.388672	-58.349323
1884.155273	-65.566628
1894.921875	-60.633640
1905.688477	-59.144333
1916.455078	-61.378273
1927.221680	-60.660038
1937.988281	-62.091076
1948.754883	-65.974274
1959.521484	-61.195381
1970.288086	-62.370415
1981.054688	-71.008835
1991.821289	-67.909592
2002.587891	-65.018082
2013.354492	-62.949669
2024.121094	-60.723873
2034.887695	-58.802723
2045.654297	-60.532990
2056.420898	-68.520935
2067.187500	-69.722504
2077.954102	-78.332085
2088.720703	-73.659943
2099.487305	-70.176659
2110.253906	-67.417793
2121.020508	-67.955887
2131.787109	-71.033508
2142.553711	-70.715240
2153.320313	-65.887108
2164.086914	-68.954506
2174.853516	-74.730362
2185.620117	-77.791565
2196.386719	-91.430222
2207.153320	-76.311684
2217.919922	-73.021835
2228.686523	-76.565186
2239.453125	-75.168137
2250.219727	-71.353424
2260.986328	-68.761192
2271.752930	-64.356544
2282.519531	-66.380806
2293.286133	-67.074379
2304.052734	-67.731468
2314.819336	-70.814842
2325.585938	-75.197205
2336.352539	-67.765640
2347.119141	-67.123695
2357.885742	-66.588150
2368.652344	-70.950508
2379.418945	-71.704338
2390.185547	-67.278221
2400.952148	-79.262291
2411.718750	-84.798943
2422.485352	-64.564415
2433.251953	-59.015141
2444.018555	-59.916695
2454.785156	-64.832840
2465.551758	-56.964607
2476.318359	-47.856609
2487.084961	-43.906395
2497.851563	-46.829067
2508.618164	-55.570850
2519.384766	-61.269436
2530.151367	-68.642548
2540.917969	-67.400406
2551.684570	-66.721909
2562.451172	-71.333862
2573.217773	-79.283264
2583.984375	-74.303307
2594.750977	-68.904739
2605.517578	-63.291660
2616.284180	-67.027550
2627.050781	-66.898354
2637.817383	-72.161034
2648.583984	-60.085442
2659.350586	-55.387032
2670.117188	-51.198269
2680.883789	-53.962971
2691.650391	-59.116161
2702.416992	-56.753429
2713.183594	-56.270199
2723.950195	-62.143452
2734.716797	-76.077179
2745.483398	-74.118179
2756.250000	-68.728470
2767.016602	-70.559906
2777.783203	-73.581497
2788.549805	-69.423485
2799.316406	-69.556976
2810.083008	-68.101578
2820.849609	-66.739273
2831.616211	-61.818192
2842.382813	-55.002041
2853.149414	-54.853367
2863.916016	-65.266380
2874.682617	-68.580872
2885.449219	-70.279068
2896.215820	-86.554115
2906.982422	-67.736122
2917.749023	-60.774204
2928.515625	-60.911709
2939.282227	-64.737770
2950.048828	-61.391968
2960.815430	-65.577682
2971.582031	-70.187653
2982.348633	-78.176086
2993.115234	-71.150986
3003.881836	-66.869385
3014.648438	-65.854988
3025.415039	-68.596741
3036.181641	-71.261147
3046.948242	-69.866753
3057.714844	-70.885941
3068.481445	-78.816811
3079.248047	-60.780041
3090.014648	-57.395313
3100.781250	-63.970249
3111.547852	-65.625435
3122.314453	-64.632828
3133.081055	-71.006836
3143.847656	-71.585365
3154.614258	-67.087219
3165.380859	-63.320099
3176.147461	-62.715153
3186.914063	-68.826363
3197.680664	-74.821579
3208.447266	-65.593948
3219.213867	-61.471279
3229.980469	-64.025475
3240.747070	-68.811485
3251.513672	-73.073303
3262.280273	-89.463730
3273.046875	-72.610481
3283.813477	-66.893578
3294.580078	-66.228668
3305.346680	-67.693008
3316.113281	-65.608498
3326.879883	-67.563873
3337.646484	-74.816536
3348.413086	-65.547493
3359.179688	-70.425926
3369.946289	-78.776451
3380.712891	-72.854836
3391.479492	-72.608749
3402.246094	-70.636551
3413.012695	-78.943787
3423.779297	-77.730225
3434.545898	-72.565666
3445.312500	-66.068604
3456.079102	-71.871971
3466.845703	-76.101692
3477.612305	-67.484200
3488.378906	-61.179607
3499.145508	-62.331623
3509.912109	-59.906837
3520.678711	-61.527145
3531.445313	-59.662392
3542.211914	-50.110519
3552.978516	-41.162445
3563.745117	-37.264656
3574.511719	-40.512627
3585.278320	-46.125610
3596.044922	-44.947495
3606.811523	-48.174473
3617.578125	-68.398880
3628.344727	-64.301331
3639.111328	-66.101074
3649.877930	-72.936249
3660.644531	-66.400322
3671.411133	-63.114712
3682.177734	-61.084743
3692.944336	-63.804974
3703.710938	-65.631531
3714.477539	-67.497513
3725.244141	-81.171707
3736.010742	-61.807800
3746.777344	-61.185474
3757.543945	-65.994057
3768.310547	-67.065315
3779.077148	-64.771698
3789.843750	-62.141533
3800.610352	-65.836365
3811.376953	-76.079269
3822.143555	-68.395538
3832.910156	-76.037491
3843.676758	-70.564110
3854.443359	-73.183731
3865.209961	-70.120705
3875.976563	-67.076385
3886.743164	-72.252762
3897.509766	-70.803925
3908.276367	-69.764206
3919.042969	-68.467514
3929.809570	-65.788513
3940.576172	-67.132912
3951.342773	-65.770859
3962.109375	-57.705807
3972.875977	-58.275150
3983.642578	-63.107986
3994.409180	-72.149849
4005.175781	-79.166847
4015.942383	-84.173599
4026.708984	-70.157005
4037.475586	-70.389008
4048.242188	-74.576363
4059.008789	-78.499275
4069.775391	-85.348129
4080.541992	-78.334846
4091.308594	-73.343315
4102.075195	-74.270805
4112.841797	-73.815475
4123.608398	-72.832497
4134.375000	-74.787209
4145.141602	-68.771240
4155.908203	-60.901585
4166.674805	-60.565758
4177.441406	-66.830421
4188.208008	-64.570404
4198.974609	-61.027576
4209.741211	-59.767212
4220.507813	-58.724037
4231.274414	-59.114990
4242.041016	-64.662018
4252.807617	-69.071129
4263.574219	-70.628464
4274.340820	-70.616867
4285.107422	-79.088875
4295.874023	-73.101547
4306.640625	-75.250435
4317.407227	-78.871864
4328.173828	-81.951317
4338.940430	-69.169022
4349.707031	-61.063915
4360.473633	-59.262245
4371.240234	-78.404266
4382.006836	-59.779728
4392.773438	-60.154705
4403.540039	-62.504341
4414.306641	-68.598541
4425.073242	-61.217213
4435.839844	-54.858906
4446.606445	-59.291229
4457.373047	-70.348198
4468.139648	-76.881348
4478.906250	-67.422737
4489.672852	-63.542374
4500.439453	-65.372154
4511.206055	-68.952911
4521.972656	-59.034111
4532.739258	-49.234146
4543.505859	-44.991932
4554.272461	-38.735062
4565.039063	-34.555016
4575.805664	-37.675514
4586.572266	-49.497570
4597.338867	-61.115364
4608.105469	-53.426907
4618.872070	-57.264782
4629.638672	-63.241726
4640.405273	-69.558006
4651.171875	-72.674637
4661.938477	-76.983673
4672.705078	-67.632652
4683.471680	-68.181564
4694.238281	-68.500229
4705.004883	-68.698563
4715.771484	-75.938072
4726.538086	-69.033043
4737.304688	-64.800156
4748.071289	-65.466827
4758.837891	-69.884094
4769.604492	-75.686317
4780.371094	-69.122894
4791.137695	-67.231453
4801.904297	-69.776436
4812.670898	-69.170387
4823.437500	-73.771851
4834.204102	-69.256233
4844.970703	-64.231377
4855.737305	-57.763977
4866.503906	-54.363636
4877.270508	-55.314159
4888.037109	-62.136520
4898.803711	-66.727837
4909.570313	-65.433731
4920.336914	-63.566006
4931.103516	-61.000652
4941.870117	-66.983955
4952.636719	-74.568893
4963.403320	-66.807053
4974.169922	-63.075882
4984.936523	-62.889038
4995.703125	-64.229218
5006.469727	-65.154953
5017.236328	-66.332283
5028.002930	-70.997070
5038.769531	-75.223419
5049.536133	-71.360474
5060.302734	-73.167641
5071.069336	-77.989952
5081.835938	-69.693436
5092.602539	-65.941940
5103.369141	-67.229263
5114.135742	-67.257370
5124.902344	-65.808289
5135.668945	-67.307594
5146.435547	-69.638023
5157.202148	-70.433388
5167.968750	-71.853523
5178.735352	-80.350288
5189.501953	-68.736412
5200.268555	-61.180775
5211.035156	-61.648239
5221.801758	-69.522980
5232.568359	-69.354355
5243.334961	-67.159492
5254.101563	-65.504341
5264.868164	-65.663284
5275.634766	-68.183891
5286.401367	-74.546959
5297.167969	-82.384003
5307.934570	-70.553955
5318.701172	-66.406525
5329.467773	-69.165390
5340.234375	-68.176041
5351.000977	-64.172623
5361.767578	-68.610046
5372.534180	-73.424850
5383.300781	-79.037766
5394.067383	-72.433975
5404.833984	-79.196404
5415.600586	-70.445068
5426.367188	-63.427483
5437.133789	-60.385582
5447.900391	-61.434742
5458.666992	-63.468246
5469.433594	-65.869331
5480.200195	-64.143044
5490.966797	-60.997631
5501.733398	-65.353897
5512.500000	-60.888908
5523.266602	-54.611610
5534.033203	-59.572353
5544.799805	-61.602650
5555.566406	-59.445656
5566.333008	-59.457310
5577.099609	-62.418049
5587.866211	-49.849251
5598.632813	-43.150932
5609.399414	-42.330605
5620.166016	-47.050972
5630.932617	-56.205402
5641.699219	-69.046310
5652.465820	-61.059025
5663.232422	-62.749073
5673.999023	-65.753113
5684.765625	-67.721870
5695.532227	-58.059025
5706.298828	-54.423740
5717.065430	-60.533134
5727.832031	-69.641121
5738.598633	-72.407104
5749.365234	-69.276062
5760.131836	-72.136368
5770.898438	-82.611214
5781.665039	-71.759796
5792.431641	-67.773758
5803.198242	-66.891151
5813.964844	-68.385139
5824.731445	-69.510490
5835.498047	-68.341568
5846.264648	-71.001175
5857.031250	-75.763474
5867.797852	-74.664764
5878.564453	-70.183876
5889.331055	-68.517044
5900.097656	-67.721832
5910.864258	-69.433754
5921.630859	-72.461784
5932.397461	-69.907234
5943.164063	-66.857788
5953.930664	-71.191933
5964.697266	-73.545715
5975.463867	-70.611031
5986.230469	-73.979561
5996.997070	-80.166664
6007.763672	-74.267998
6018.530273	-70.030731
6029.296875	-70.167809
6040.063477	-72.892166
6050.830078	-74.221275
6061.596680	-73.329346
6072.363281	-80.256073
6083.129883	-88.310616
6093.896484	-78.662422
6104.663086	-77.777069
6115.429688	-71.905838
6126.196289	-75.082840
6136.962891	-82.544899
6147.729492	-74.121330
6158.496094	-77.606041
6169.262695	-77.949715
6180.029297	-68.126289
6190.795898	-64.122139
6201.562500	-62.779724
6212.329102	-62.403805
6223.095703	-62.974327
6233.862305	-65.017601
6244.628906	-71.585754
6255.395508	-76.817924
6266.162109	-66.497154
6276.928711	-70.241928
6287.695313	-68.981346
6298.461914	-66.344566
6309.228516	-68.320549
6319.995117	-69.939888
6330.761719	-64.692085
6341.528320	-57.473087
6352.294922	-56.033993
6363.061523	-62.144730
6373.828125	-70.690880
6384.594727	-65.409409
6395.361328	-59.487152
6406.127930	-59.391479
6416.894531	-62.539757
6427.661133	-70.214836
6438.427734	-71.407944
6449.194336	-68.216896
6459.960938	-67.355835
6470.727539	-70.732971
6481.494141	-76.868210
6492.260742	-70.976128
6503.027344	-68.712791
6513.793945	-71.542862
6524.560547	-81.057579
6535.327148	-86.030945
6546.093750	-77.745323
6556.860352	-76.278496
6567.626953	-75.104752
6578.393555	-74.619850
6589.160156	-74.202812
6599.926758	-72.917435
6610.693359	-75.691765
6621.459961	-78.278961
6632.226563	-79.623070
6642.993164	-76.115341
6653.759766	-76.389351
6664.526367	-79.452927
6675.292969	-76.676476
6686.059570	-82.196602
6696.826172	-76.053070
6707.592773	-75.890579
6718.359375	-80.162544
6729.125977	-89.266464
6739.892578	-91.104042
6750.659180	-78.393105
6761.425781	-77.426552
6772.192383	-79.088089
6782.958984	-78.449936
6793.725586	-75.984924
6804.492188	-76.661453
6815.258789	-82.420937
6826.025391	-78.761162
6836.791992	-74.019302
6847.558594	-74.480827
6858.325195	-74.810814
6869.091797	-72.481773
6879.858398	-69.560463
6890.625000	-68.392181
6901.391602	-68.173615
6912.158203	-85.895081
6922.924805	-67.976311
6933.691406	-69.447815
6944.458008	-71.889198
6955.224609	-73.578659
6965.991211	-78.279968
6976.757813	-73.622818
6987.524414	-75.113564
6998.291016	-76.213326
7009.057617	-70.543388
7019.824219	-72.090630
7030.590820	-78.635704
7041.357422	-89.200455
7052.124023	-81.809853
7062.890625	-77.240128
7073.657227	-71.669113
7084.423828	-66.566383
7095.190430	-65.176178
7105.957031	-66.835739
7116.723633	-70.865799
7127.490234	-77.807205
7138.256836	-81.552826
7149.023438	-87.963158
7159.790039	-78.942070
7170.556641	-76.154114
7181.323242	-90.786949
7192.089844	-79.206902
7202.856445	-77.147774
7213.623047	-81.386711
7224.389648	-88.999947
7235.156250	-73.984962
7245.922852	-69.284981
7256.689453	-71.595848
7267.456055	-69.071281
7278.222656	-69.366409
7288.989258	-74.097183
7299.755859	-78.750328
7310.522461	-82.430138
7321.289063	-89.088654
7332.055664	-84.955315
7342.822266	-77.772560
7353.588867	-78.637321
7364.355469	-75.712975
7375.122070	-76.572487
7385.888672	-78.122681
7396.655273	-76.268600
7407.421875	-85.707489
7418.188477	-92.868881
7428.955078	-78.190834
7439.721680	-76.661629
7450.488281	-82.312912
7461.254883	-84.124046
7472.021484	-82.996902
7482.788086	-74.816643
7493.554688	-70.569649
7504.321289	-70.997391
7515.087891	-76.369133
7525.854492	-84.442093
7536.621094	-75.939453
7547.387695	-78.187111
7558.154297	-70.928833
7568.920898	-73.783630
7579.687500	-75.737846
7590.454102	-74.900146
7601.220703	-80.126823
7611.987305	-85.675224
7622.753906	-80.070999
7633.520508	-74.518379
7644.287109	-74.071259
7655.053711	-73.200500
7665.820313	-73.236862
7676.586914	-78.243271
7687.353516	-81.608337
7698.120117	-81.454781
7708.886719	-78.568329
7719.653320	-80.362419
7730.419922	-79.078178
7741.186523	-72.258789
7751.953125	-78.139725
7762.719727	-89.648758
7773.486328	-81.545151
7784.252930	-78.746513
7795.019531	-83.687149
7805.786133	-83.143349
7816.552734	-79.940140
7827.319336	-78.947845
7838.085938	-76.708122
7848.852539	-79.170265
7859.619141	-83.421585
7870.385742	-84.353737
7881.152344	-77.948471
7891.918945	-78.724342
7902.685547	-79.924164
7913.452148	-76.468384
7924.218750	-74.699356
7934.985352	-80.567383
7945.751953	-75.636002
7956.518555	-74.280281
7967.285156	-76.443733
7978.051758	-76.841675
7988.818359	-83.855225
7999.584961	-85.297119
8010.351563	-80.762550
8021.118164	-77.491966
8031.884766	-83.442856
8042.651367	-76.023705
8053.417969	-79.707504
8064.184570	-73.717667
8074.951172	-71.344521
8085.717773	-80.291542
8096.484375	-78.515709
8107.250977	-77.197258
8118.017578	-73.516899
8128.784180	-73.663643
8139.550781	-69.468506
8150.317383	-69.892380
8161.083984	-72.701508
8171.850586	-74.405540
8182.617188	-74.853607
8193.383789	-74.099945
8204.150391	-75.103462
8214.916992	-74.482773
8225.683594	-76.709587
8236.450195	-78.858986
8247.216797	-79.057915
8257.983398	-77.845459
8268.750000	-74.806343
8279.516602	-72.551987
8290.283203	-72.497444
8301.049805	-74.080315
8311.816406	-72.506813
8322.583008	-71.770676
8333.349609	-73.352966
8344.116211	-73.170570
8354.882813	-73.729095
8365.649414	-77.340485
8376.416016	-76.002563
8387.182617	-75.608879
8397.949219	-75.254448
8408.715820	-75.296600
8419.482422	-75.312592
8430.249023	-78.782547
8441.015625	-80.129860
8451.782227	-74.283508
8462.548828	-81.308472
8473.315430	-77.325790
8484.082031	-74.949310
8494.848633	-82.264572
8505.615234	-82.755348
8516.381836	-88.039146
8527.148438	-80.727409
8537.915039	-77.684975
8548.681641	-72.944923
8559.448242	-72.497383
8570.214844	-77.017082
8580.981445	-80.712906
8591.748047	-92.861954
8602.514648	-88.626175
8613.281250	-88.545837
8624.047852	-72.876923
8634.814453	-65.237885
8645.581055	-66.338791
8656.347656	-71.564072
8667.114258	-71.287933
8677.880859	-71.976112
8688.647461	-76.635841
8699.414063	-75.724838
8710.180664	-78.151932
8720.947266	-84.571060
8731.713867	-74.333298
8742.480469	-72.554985
8753.247070	-73.831963
8764.013672	-75.791977
8774.780273	-75.155197
8785.546875	-72.046646
8796.313477	-70.349907
8807.080078	-66.522896
8817.846680	-70.516266
8828.613281	-74.680809
8839.379883	-83.001656
8850.146484	-80.962524
8860.913086	-79.468323
8871.679688	-76.411812
8882.446289	-81.808235
8893.212891	-75.586235
8903.979492	-74.427032
8914.746094	-84.538055
8925.512695	-84.986992
8936.279297	-92.123131
8947.045898	-87.706528
8957.812500	-80.868698
8968.579102	-75.965157
8979.345703	-77.906914
8990.112305	-80.544533
9000.878906	-86.283905
9011.645508	-91.106079
9022.412109	-79.433426
9033.178711	-75.922188
9043.945313	-77.731483
9054.711914	-79.449059
9065.478516	-75.264290
9076.245117	-70.870232
9087.011719	-72.236336
9097.778320	-75.890175
9108.544922	-80.929596
9119.311523	-79.279335
9130.078125	-75.556259
9140.844727	-77.302917
9151.611328	-83.531441
9162.377930	-91.188828
9173.144531	-91.899689
9183.911133	-79.281212
9194.677734	-79.945953
9205.444336	-80.648613
9216.210938	-76.761925
9226.977539	-87.566208
9237.744141	-91.785225
9248.510742	-85.526436
9259.277344	-84.073738
9270.043945	-80.872177
9280.810547	-75.002007
9291.577148	-78.982712
9302.343750	-79.692451
9313.110352	-74.028244
9323.876953	-78.102432
9334.643555	-83.672775
9345.410156	-74.163467
9356.176758	-74.295555
9366.943359	-112.111107
9377.709961	-76.985382
9388.476563	-78.688271
9399.243164	-78.270325
9410.009766	-92.005943
9420.776367	-80.640465
9431.542969	-86.474922
9442.309570	-79.139832
9453.076172	-83.861328
9463.842773	-83.965584
9474.609375	-78.287926
9485.375977	-72.657990
9496.142578	-65.345390
9506.909180	-65.836594
9517.675781	-72.451874
9528.442383	-81.828743
9539.208984	-85.021866
9549.975586	-76.761261
9560.742188	-75.755196
9571.508789	-85.483864
9582.275391	-87.086899
9593.041992	-71.158150
9603.808594	-69.715950
9614.575195	-80.502419
9625.341797	-62.221783
9636.108398	-58.595165
9646.875000	-63.155125
9657.641602	-87.180061
9668.408203	-71.110168
9679.174805	-71.525894
9689.941406	-69.871895
9700.708008	-68.691895
9711.474609	-68.369644
9722.241211	-70.779076
9733.007813	-78.071312
9743.774414	-88.588249
9754.541016	-100.342285
9765.307617	-93.095596
9776.074219	-92.239845
9786.840820	-88.259384
9797.607422	-87.290695
9808.374023	-85.139061
9819.140625	-82.853058
9829.907227	-80.795433
9840.673828	-81.341072
9851.440430	-83.669022
9862.207031	-81.351616
9872.973633	-84.576332
9883.740234	-74.345108
9894.506836	-73.389366
9905.273438	-78.313690
9916.040039	-78.947929
9926.806641	-72.502640
9937.573242	-67.683426
9948.339844	-65.625488
9959.106445	-64.829170
9969.873047	-61.249588
9980.639648	-59.985359
9991.406250	-59.260380
10002.172852	-61.445400
10012.939453	-63.722210
10023.706055	-67.696449
10034.472656	-71.908806
10045.239258	-75.250175
10056.005859	-81.153854
10066.772461	-76.906166
10077.539063	-76.381065
10088.305664	-77.907028
10099.072266	-79.638962
10109.838867	-88.402138
10120.605469	-87.242355
10131.372070	-74.596107
10142.138672	-73.018463
10152.905273	-78.410828
10163.671875	-81.489716
10174.438477	-84.550896
10185.205078	-81.285660
10195.971680	-91.385086
10206.738281	-85.574257
10217.504883	-89.493240
10228.271484	-90.970772
10239.038086	-88.837082
10249.804688	-94.567719
10260.571289	-81.537926
10271.337891	-73.885170
10282.104492	-73.491951
10292.871094	-78.063133
10303.637695	-82.135788
10314.404297	-81.817398
10325.170898	-74.924850
10335.937500	-80.852325
10346.704102	-82.090469
10357.470703	-76.533203
10368.237305	-76.151978
10379.003906	-76.079147
10389.770508	-64.315208
10400.537109	-63.214691
10411.303711	-70.816940
10422.070313	-80.175911
10432.836914	-95.397858
10443.603516	-85.329521
10454.370117	-81.633018
10465.136719	-77.041908
10475.903320	-74.812355
10486.669922	-76.349129
10497.436523	-76.277405
10508.203125	-77.845535
10518.969727	-80.226173
10529.736328	-83.783508
10540.502930	-92.199432
10551.269531	-86.919632
10562.036133	-86.950661
10572.802734	-94.403496
10583.569336	-88.719681
10594.335938	-74.674980
10605.102539	-73.506386
10615.869141	-78.476807
10626.635742	-75.350868
10637.402344	-69.187935
10648.168945	-68.715599
10658.935547	-74.689735
10669.702148	-66.139473
10680.468750	-65.222473
10691.235352	-71.519035
10702.001953	-77.540993
10712.768555	-78.439827
10723.535156	-77.630234
10734.301758	-84.326103
10745.068359	-81.600151
10755.834961	-75.403885
10766.601563	-75.102600
10777.368164	-60.595245
10788.134766	-61.201141
10798.901367	-61.434711
10809.667969	-61.332409
10820.434570	-63.014469
10831.201172	-66.338318
10841.967773	-70.815994
10852.734375	-76.085777
10863.500977	-78.704109
10874.267578	-82.893517
10885.034180	-93.525154
10895.800781	-85.276917
10906.567383	-79.291702
10917.333984	-85.695404
10928.100586	-86.071571
10938.867188	-88.472656
10949.633789	-87.951988
10960.400391	-80.821938
10971.166992	-81.793671
10981.933594	-83.873428
10992.700195	-82.297829
11003.466797	-84.579041
11014.233398	-85.398888
11025.000000	-88.516525
11035.766602	-88.495209
11046.533203	-92.316399
11057.299805	-78.076111
11068.066406	-74.011482
11078.833008	-77.572380
11089.599609	-72.907028
11100.366211	-73.149567
11111.132813	-76.755821
11121.899414	-77.146423
11132.666016	-72.782707
11143.432617	-74.974968
11154.199219	-78.618622
11164.965820	-75.772743
11175.732422	-73.963348
11186.499023	-75.614067
11197.265625	-74.467369
11208.032227	-77.229942
11218.798828	-83.694908
11229.565430	-81.217781
11240.332031	-75.294144
11251.098633	-74.723495
11261.865234	-80.048698
11272.631836	-85.033836
11283.398438	-84.557640
11294.165039	-83.728508
11304.931641	-81.881462
11315.698242	-79.833191
11326.464844	-85.198677
11337.231445	-81.734917
11347.998047	-85.904526
11358.764648	-92.381157
11369.531250	-82.360481
11380.297852	-80.046219
11391.064453	-84.375183
11401.831055	-80.957222
11412.597656	-75.596611
11423.364258	-78.773514
11434.130859	-68.569504
11444.897461	-68.573692
11455.664063	-76.233025
11466.430664	-81.538902
11477.197266	-82.964729
11487.963867	-81.230995
11498.730469	-82.846657
11509.497070	-81.056221
11520.263672	-78.602180
11531.030273	-78.778839
11541.796875	-81.976006
11552.563477	-78.745453
11563.330078	-78.203209
11574.096680	-87.762367
11584.863281	-78.506371
11595.629883	-80.362289
11606.396484	-84.548294
11617.163086	-81.307465
11627.929688	-76.132843
11638.696289	-72.478889
11649.462891	-74.784492
11660.229492	-82.317589
11670.996094	-91.894539
11681.762695	-90.569923
11692.529297	-88.694565
11703.295898	-79.310921
11714.062500	-80.800789
11724.829102	-79.841751
11735.595703	-86.785278
11746.362305	-83.598907
11757.128906	-86.929443
11767.895508	-109.327858
11778.662109	-83.841812
11789.428711	-85.455154
11800.195313	-85.553879
11810.961914	-81.098572
11821.728516	-86.141083
11832.495117	-92.495399
11843.261719	-86.820633
11854.028320	-83.347542
11864.794922	-89.370361
11875.561523	-83.234421
11886.328125	-84.646584
11897.094727	-87.946152
11907.861328	-88.843941
11918.627930	-99.643768
11929.394531	-80.783463
11940.161133	-79.667839
11950.927734	-90.321419
11961.694336	-85.468597
11972.460938	-81.257149
11983.227539	-85.965996
11993.994141	-83.108681
12004.760742	-91.976585
12015.527344	-91.068604
12026.293945	-95.834076
12037.060547	-88.144234
12047.827148	-82.689064
12058.593750	-81.423164
12069.360352	-83.116585
12080.126953	-83.987862
12090.893555	-86.725273
12101.660156	-89.991669
12112.426758	-90.510017
12123.193359	-87.462784
12133.959961	-78.586288
12144.726563	-77.338478
12155.493164	-91.357826
12166.259766	-90.370827
12177.026367	-78.771202
12187.792969	-78.240135
12198.559570	-77.702934
12209.326172	-76.908058
12220.092773	-87.730698
12230.859375	-84.639229
12241.625977	-82.724442
12252.392578	-88.002251
12263.159180	-92.900276
12273.925781	-84.251427
12284.692383	-80.205688
12295.458984	-83.690422
12306.225586	-82.199852
12316.992188	-92.603729
12327.758789	-76.686050
12338.525391	-73.098923
12349.291992	-79.461586
12360.058594	-100.417274
12370.825195	-84.073097
12381.591797	-86.103874
12392.358398	-90.868759
12403.125000	-77.944794
12413.891602	-75.620178
12424.658203	-69.287048
12435.424805	-63.246841
12446.191406	-64.311989
12456.958008	-70.414757
12467.724609	-78.604126
12478.491211	-76.692848
12489.257813	-76.610184
12500.024414	-78.210655
12510.791016	-80.268707
12521.557617	-80.426178
12532.324219	-80.292732
12543.090820	-82.748497
12553.857422	-101.349297
12564.624023	-87.113098
12575.390625	-89.752708
12586.157227	-83.166916
12596.923828	-80.191246
12607.690430	-87.981979
12618.457031	-80.464996
12629.223633	-75.634613
12639.990234	-79.802643
12650.756836	-82.701370
12661.523438	-83.006210
12672.290039	-88.467346
12683.056641	-86.956886
12693.823242	-88.474487
12704.589844	-84.749489
12715.356445	-85.036247
12726.123047	-84.712334
12736.889648	-78.493782
12747.656250	-78.232147
12758.422852	-81.272331
12769.189453	-87.593109
12779.956055	-105.132576
12790.722656	-92.600449
12801.489258	-93.543602
12812.255859	-89.954018
12823.022461	-85.261017
12833.789063	-86.528442
12844.555664	-90.211174
12855.322266	-101.505341
12866.088867	-97.317444
12876.855469	-109.634888
12887.622070	-94.131233
12898.388672	-87.454659
12909.155273	-85.347885
12919.921875	-86.967796
12930.688477	-86.312416
12941.455078	-97.464149
12952.221680	-93.296799
12962.988281	-94.275078
12973.754883	-107.914604
12984.521484	-89.399742
12995.288086	-91.772804
13006.054688	-84.156265
13016.821289	-81.063347
13027.587891	-87.365776
13038.354492	-92.381088
13049.121094	-92.255775
13059.887695	-94.550758
13070.654297	-89.260559
13081.420898	-89.071907
13092.187500	-97.364723
13102.954102	-87.275612
13113.720703	-85.562668
13124.487305	-97.342682
13135.253906	-86.394882
13146.020508	-84.174484
13156.787109	-95.140488
13167.553711	-90.664764
13178.320313	-93.333694
13189.086914	-89.478531
13199.853516	-83.735252
13210.620117	-83.483459
13221.386719	-85.654617
13232.153320	-83.183372
13242.919922	-99.887474
13253.686523	-84.856918
13264.453125	-84.042854
13275.219727	-91.169800
13285.986328	-85.652435
13296.752930	-93.181808
13307.519531	-89.125237
13318.286133	-97.968292
13329.052734	-91.638786
13339.819336	-93.191238
13350.585938	-87.289307
13361.352539	-82.526787
13372.119141	-83.136917
13382.885742	-80.562500
13393.652344	-77.352707
13404.418945	-81.300911
13415.185547	-84.577248
13425.952148	-80.919647
13436.718750	-81.853882
13447.485352	-86.182770
13458.251953	-81.758751
13469.018555	-72.208298
13479.785156	-70.172745
13490.551758	-73.019066
13501.318359	-82.089516
13512.084961	-89.886086
13522.851563	-94.140793
13533.618164	-84.759399
13544.384766	-80.728096
13555.151367	-86.075478
13565.917969	-86.415703
13576.684570	-79.190559
13587.451172	-86.398254
13598.217773	-83.513382
13608.984375	-83.394257
13619.750977	-85.790535
13630.517578	-96.428932
13641.284180	-86.712883
13652.050781	-84.168777
13662.817383	-86.757378
13673.583984	-85.642403
13684.350586	-88.310043
13695.117188	-83.231285
13705.883789	-75.198647
13716.650391	-75.648964
13727.416992	-79.413216
13738.183594	-84.355919
13748.950195	-92.898628
13759.716797	-86.412193
13770.483398	-81.727600
13781.250000	-85.361092
13792.016602	-91.200066
13802.783203	-87.143860
13813.549805	-85.045357
13824.316406	-91.938385
13835.083008	-85.799980
13845.849609	-87.116295
13856.616211	-87.139763
13867.382813	-80.725189
13878.149414	-75.322273
13888.916016	-78.367996
13899.682617	-85.150978
13910.449219	-96.650108
13921.215820	-83.944954
13931.982422	-81.846115
13942.749023	-84.020348
13953.515625	-86.797806
13964.282227	-87.733978
13975.048828	-87.203270
13985.815430	-88.287399
13996.582031	-88.786842
14007.348633	-93.243881
14018.115234	-98.188583
14028.881836	-93.966286
14039.648438	-96.457626
14050.415039	-98.384613
14061.181641	-94.269791
14071.948242	-91.410194
14082.714844	-101.751617
14093.481445	-89.272675
14104.248047	-86.758949
14115.014648	-100.830635
14125.781250	-95.385773
14136.547852	-89.319283
14147.314453	-83.084511
14158.081055	-84.342033
14168.847656	-95.923180
14179.614258	-93.924278
14190.380859	-87.269699
14201.147461	-87.469978
14211.914063	-92.011124
14222.680664	-84.647202
14233.447266	-84.364792
14244.213867	-88.213043
14254.980469	-87.590881
14265.747070	-85.766418
14276.513672	-84.975197
14287.280273	-86.368942
14298.046875	-89.189919
14308.813477	-84.221695
14319.580078	-82.785255
14330.346680	-85.642723
14341.113281	-88.306450
14351.879883	-80.235535
14362.646484	-77.675079
14373.413086	-80.116737
14384.179688	-87.308624
14394.946289	-88.373322
14405.712891	-86.983658
14416.479492	-92.049820
14427.246094	-92.387527
14438.012695	-96.088051
14448.779297	-82.901871
14459.545898	-80.914528
14470.312500	-84.043823
14481.079102	-85.338745
14491.845703	-87.386810
14502.612305	-92.875832
14513.378906	-86.681671
14524.145508	-87.584625
14534.912109	-89.412117
14545.678711	-89.108398
14556.445313	-72.914856
14567.211914	-66.095482
14577.978516	-66.931725
14588.745117	-75.164658
14599.511719	-88.651382
14610.278320	-89.852623
14621.044922	-79.158333
14631.811523	-79.371193
14642.578125	-86.780090
14653.344727	-92.207916
14664.111328	-76.986168
14674.877930	-72.100159
14685.644531	-78.826118
14696.411133	-74.831528
14707.177734	-69.617241
14717.944336	-75.187859
14728.710938	-89.035416
14739.477539	-80.037849
14750.244141	-84.348946
14761.010742	-93.453049
14771.777344	-92.037651
14782.543945	-87.759811
14793.310547	-91.243782
14804.077148	-94.812904
14814.843750	-98.585205
14825.610352	-99.213737
14836.376953	-98.303719
14847.143555	-99.930984
14857.910156	-88.024567
14868.676758	-89.317429
14879.443359	-90.480797
14890.209961	-88.241516
14900.976563	-91.291809
14911.743164	-83.951874
14922.509766	-85.390701
14933.276367	-90.114571
14944.042969	-93.994820
14954.809570	-84.847694
14965.576172	-85.553841
14976.342773	-87.532387
14987.109375	-98.751244
14997.875977	-91.369308
15008.642578	-86.850822
15019.409180	-89.485573
15030.175781	-85.522781
15040.942383	-78.344551
15051.708984	-77.003899
15062.475586	-83.691696
15073.242188	-81.915810
15084.008789	-79.208916
15094.775391	-88.759834
15105.541992	-85.302711
15116.308594	-93.250923
15127.075195	-87.169891
15137.841797	-89.724648
15148.608398	-88.416992
15159.375000	-85.206116
15170.141602	-91.509514
15180.908203	-94.324226
15191.674805	-91.311119
15202.441406	-90.167122
15213.208008	-88.900902
15223.974609	-89.978973
15234.741211	-86.492165
15245.507813	-105.787109
15256.274414	-86.776436
15267.041016	-84.747345
15277.807617	-85.214394
15288.574219	-82.159264
15299.340820	-81.391228
15310.107422	-93.335175
15320.874023	-80.342857
15331.640625	-78.942177
15342.407227	-79.171043
15353.173828	-79.065895
15363.940430	-86.287231
15374.707031	-85.474854
15385.473633	-81.130203
15396.240234	-82.901596
15407.006836	-90.468872
15417.773438	-80.742950
15428.540039	-82.641396
15439.306641	-86.602226
15450.073242	-91.282913
15460.839844	-88.058807
15471.606445	-82.855888
15482.373047	-84.060310
15493.139648	-97.260834
15503.906250	-84.775726
15514.672852	-84.292915
15525.439453	-92.502296
15536.206055	-88.963951
15546.972656	-90.748390
15557.739258	-90.289253
15568.505859	-86.073143
15579.272461	-89.024696
15590.039063	-86.427849
15600.805664	-88.547218
15611.572266	-90.608704
15622.338867	-87.422272
15633.105469	-100.179077
15643.872070	-87.211433
15654.638672	-88.026329
15665.405273	-104.690048
15676.171875	-94.658401
15686.938477	-92.336838
15697.705078	-84.568481
15708.471680	-74.754028
15719.238281	-72.406731
15730.004883	-76.380852
15740.771484	-77.813904
15751.538086	-72.313629
15762.304688	-79.041382
15773.071289	-84.186653
15783.837891	-77.564079
15794.604492	-78.597260
15805.371094	-87.113098
15816.137695	-83.120201
15826.904297	-78.952568
15837.670898	-73.626549
15848.437500	-66.410355
15859.204102	-70.056763
15869.970703	-76.116699
15880.737305	-80.780243
15891.503906	-79.065506
15902.270508	-81.043648
15913.037109	-86.430672
15923.803711	-93.298264
15934.570313	-92.396248
15945.336914	-89.321365
15956.103516	-87.339821
15966.870117	-87.862213
15977.636719	-90.026283
15988.403320	-90.760345
15999.169922	-88.632675
16009.936523	-89.257927
16020.703125	-88.468834
16031.469727	-84.014740
16042.236328	-84.457924
16053.002930	-90.070030
16063.769531	-88.910797
16074.536133	-82.771713
16085.302734	-85.385994
16096.069336	-97.773170
16106.835938	-84.009216
16117.602539	-84.869980
16128.369141	-76.598991
16139.135742	-77.284286
16149.902344	-83.124580
16160.668945	-84.639786
16171.435547	-87.311516
16182.202148	-93.820938
16192.968750	-91.487083
16203.735352	-86.624992
16214.501953	-86.532547
16225.268555	-83.339493
16236.035156	-81.085678
16246.801758	-81.535225
16257.568359	-79.035385
16268.334961	-76.445290
16279.101563	-79.859100
16289.868164	-88.427063
16300.634766	-86.424927
16311.401367	-94.571838
16322.167969	-87.635887
16332.934570	-84.107208
16343.701172	-89.271515
16354.467773	-93.047974
16365.234375	-114.260284
16376.000977	-90.270737
16386.767578	-91.667931
16397.534180	-87.634727
16408.300781	-83.105919
16419.067383	-83.283928
16429.833984	-82.217880
16440.600586	-82.646881
16451.367188	-83.054985
16462.133789	-85.747574
16472.900391	-92.970413
16483.666992	-86.786537
16494.433594	-87.812164
16505.200195	-84.423584
16515.966797	-91.283508
16526.733398	-87.864090
16537.500000	-82.267563
16548.266602	-86.277046
16559.033203	-86.913383
16569.799805	-84.623474
16580.566406	-92.049538
16591.333008	-88.164917
16602.099609	-90.319878
16612.866211	-93.165710
16623.632813	-82.850273
16634.399414	-80.395973
16645.166016	-98.467270
16655.932617	-79.190208
16666.699219	-83.275375
16677.465820	-84.411285
16688.232422	-77.948456
16698.999023	-77.410995
16709.765625	-76.292007
16720.532227	-75.699905
16731.298828	-79.501831
16742.065430	-96.812286
16752.832031	-85.365318
16763.598633	-96.152512
16774.365234	-90.900261
16785.131836	-93.592270
16795.898438	-98.088509
16806.665039	-86.942398
16817.431641	-82.619713
16828.198242	-85.643402
16838.964844	-86.879395
16849.731445	-87.588760
16860.498047	-87.250076
16871.264648	-83.911316
16882.031250	-85.773621
16892.797852	-92.977722
16903.564453	-85.161118
16914.331055	-90.726341
16925.097656	-92.674217
16935.864258	-100.277298
16946.630859	-93.538574
16957.397461	-93.145172
16968.164063	-97.101257
16978.930664	-97.552109
16989.697266	-92.822830
17000.463867	-82.470718
17011.230469	-83.130402
17021.997070	-85.324036
17032.763672	-91.461716
17043.530273	-82.278076
17054.296875	-83.790665
17065.063477	-83.773064
17075.830078	-83.475319
17086.596680	-114.292549
17097.363281	-87.112450
17108.129883	-86.984558
17118.896484	-94.089989
17129.663086	-88.078598
17140.429688	-86.082329
17151.196289	-86.429512
17161.962891	-86.967545
17172.729492	-90.413231
17183.496094	-96.907890
17194.262695	-101.230453
17205.029297	-90.132393
17215.795898	-86.297073
17226.562500	-87.675507
17237.329102	-85.555984
17248.095703	-81.744972
17258.862305	-77.119820
17269.628906	-73.336845
17280.395508	-75.182320
17291.162109	-94.107559
17301.928711	-80.519096
17312.695313	-78.466919
17323.461914	-90.112061
17334.228516	-87.289665
17344.995117	-84.095917
17355.761719	-89.261528
17366.528320	-98.239136
17377.294922	-100.325500
17388.061523	-96.983742
17398.828125	-81.079285
17409.594727	-77.150993
17420.361328	-85.175018
17431.127930	-87.007904
17441.894531	-85.959457
17452.661133	-96.067223
17463.427734	-96.943298
17474.194336	-101.823174
17484.960938	-86.256935
17495.727539	-81.320084
17506.494141	-76.809570
17517.260742	-76.759491
17528.027344	-84.061867
17538.793945	-101.811806
17549.560547	-94.518471
17560.327148	-92.379265
17571.093750	-96.382866
17581.860352	-84.994339
17592.626953	-80.988785
17603.393555	-80.770363
17614.160156	-87.620544
17624.926758	-106.582001
17635.693359	-102.943253
17646.459961	-88.346863
17657.226563	-84.124817
17667.993164	-83.626213
17678.759766	-83.288773
17689.526367	-85.323891
17700.292969	-80.966080
17711.059570	-78.855537
17721.826172	-89.772255
17732.592773	-84.830772
17743.359375	-83.863319
17754.125977	-83.565170
17764.892578	-84.222588
17775.659180	-84.194176
17786.425781	-85.325226
17797.192383	-84.818245
17807.958984	-84.474884
17818.725586	-86.579735
17829.492188	-89.111542
17840.258789	-101.333366
17851.025391	-92.564957
17861.791992	-93.191956
17872.558594	-89.443092
17883.325195	-87.268982
17894.091797	-91.522072
17904.858398	-110.738411
17915.625000	-92.041557
17926.391602	-94.775398
17937.158203	-111.024559
17947.924805	-105.920593
17958.691406	-100.392334
17969.458008	-89.606712
17980.224609	-90.223625
17990.991211	-91.567200
18001.757813	-102.702248
18012.524414	-97.177147
18023.291016	-94.397331
18034.057617	-87.528091
18044.824219	-93.233665
18055.590820	-91.154953
18066.357422	-93.562035
18077.124023	-84.860634
18087.890625	-84.259087
18098.657227	-89.887939
18109.423828	-81.611450
18120.190430	-87.670662
18130.957031	-96.229301
18141.723633	-93.324188
18152.490234	-91.547997
18163.256836	-89.163338
18174.023438	-90.962944
18184.790039	-92.240814
18195.556641	-99.083878
18206.323242	-83.651115
18217.089844	-81.293396
18227.856445	-83.940872
18238.623047	-87.325829
18249.389648	-89.556557
18260.156250	-89.927376
18270.922852	-88.831985
18281.689453	-98.917336
18292.456055	-95.947769
18303.222656	-91.070518
18313.989258	-103.487206
18324.755859	-105.498787
18335.522461	-94.884117
18346.289063	-102.047226
18357.055664	-95.752289
18367.822266	-92.216324
18378.588867	-104.936218
18389.355469	-97.930046
18400.122070	-96.734009
18410.888672	-94.694336
18421.655273	-97.309570
18432.421875	-99.679733
18443.188477	-93.814842
18453.955078	-90.821800
18464.721680	-106.360519
18475.488281	-96.604225
18486.254883	-100.859001
18497.021484	-99.367561
18507.788086	-102.182907
18518.554688	-93.397560
18529.321289	-96.079445
18540.087891	-100.218887
18550.854492	-96.756088
18561.621094	-101.082253
18572.387695	-99.220634
18583.154297	-102.123497
18593.920898	-103.275993
18604.687500	-96.839783
18615.454102	-89.343018
18626.220703	-95.957718
18636.987305	-102.861023
18647.753906	-102.664726
18658.520508	-110.567558
18669.287109	-99.330200
18680.053711	-100.078651
18690.820313	-93.157661
18701.586914	-95.069214
18712.353516	-96.469704
18723.120117	-108.274765
18733.886719	-96.642715
18744.653320	-105.838020
18755.419922	-102.248116
18766.186523	-100.013885
18776.953125	-94.055061
18787.719727	-94.838936
18798.486328	-96.773689
18809.252930	-98.584801
18820.019531	-100.154396
18830.786133	-103.883240
18841.552734	-105.127693
18852.319336	-111.095520
18863.085938	-111.525337
18873.852539	-100.353600
18884.619141	-112.870216
18895.385742	-108.826546
18906.152344	-98.560532
18916.918945	-93.769951
18927.685547	-92.505547
18938.452148	-90.439560
18949.218750	-89.757179
18959.985352	-93.818863
18970.751953	-100.061264
18981.518555	-105.631004
18992.285156	-98.809898
19003.051758	-96.106415
19013.818359	-92.807014
19024.584961	-96.105476
19035.351563	-104.193291
19046.118164	-95.784035
19056.884766	-96.690384
19067.651367	-100.392494
19078.417969	-96.878784
19089.184570	-95.624413
19099.951172	-95.966652
19110.717773	-101.519699
19121.484375	-105.031654
19132.250977	-112.467636
19143.017578	-124.090271
19153.784180	-117.337662
19164.550781	-99.498871
19175.317383	-96.771866
19186.083984	-107.951782
19196.850586	-103.588448
19207.617188	-96.806068
19218.383789	-89.926987
19229.150391	-94.538635
19239.916992	-104.643890
19250.683594	-95.928986
19261.450195	-101.225143
19272.216797	-117.521400
19282.983398	-102.563255
19293.750000	-102.494347
19304.516602	-106.609932
19315.283203	-104.043259
19326.049805	-96.611679
19336.816406	-97.639679
19347.583008	-95.801491
19358.349609	-93.259811
19369.116211	-93.748215
19379.882813	-93.562485
19390.649414	-97.495796
19401.416016	-107.376595
19412.182617	-99.068230
19422.949219	-114.226433
19433.715820	-98.781494
19444.482422	-92.824997
19455.249023	-97.160728
19466.015625	-97.585922
19476.782227	-99.977951
19487.548828	-102.292458
19498.315430	-98.609947
19509.082031	-95.096092
19519.848633	-99.226784
19530.615234	-106.504242
19541.381836	-111.554482
19552.148438	-101.297447
19562.915039	-92.997940
19573.681641	-94.800148
19584.448242	-100.377998
19595.214844	-100.868683
19605.981445	-106.311249
19616.748047	-96.379753
19627.514648	-90.253227
19638.281250	-82.081894
19649.047852	-83.180946
19659.814453	-110.512886
19670.581055	-104.652306
19681.347656	-94.669571
19692.114258	-89.696693
19702.880859	-90.274605
19713.647461	-93.397804
19724.414063	-100.511238
19735.180664	-95.194283
19745.947266	-99.752754
19756.713867	-98.362450
19767.480469	-89.183403
19778.247070	-84.489960
19789.013672	-89.541191
19799.780273	-103.816925
19810.546875	-98.638153
19821.313477	-89.918541
19832.080078	-94.998558
19842.846680	-95.834129
19853.613281	-92.268127
19864.379883	-103.250786
19875.146484	-94.509811
19885.913086	-97.007332
19896.679688	-106.003616
19907.446289	-96.378525
19918.212891	-93.886581
19928.979492	-94.595680
19939.746094	-90.743095
19950.512695	-88.330292
19961.279297	-95.407150
19972.045898	-94.408997
19982.812500	-93.864471
19993.579102	-97.266739
20004.345703	-107.189751
20015.112305	-92.548096
20025.878906	-97.389816
20036.645508	-98.135452
20047.412109	-98.786674
20058.178711	-100.521477
20068.945313	-93.958168
20079.711914	-89.213470
20090.478516	-93.726898
20101.245117	-87.971611
20112.011719	-85.410683
20122.778320	-90.969086
20133.544922	-86.149055
20144.311523	-90.544800
20155.078125	-89.859650
20165.844727	-92.760902
20176.611328	-97.616135
20187.377930	-101.540039
20198.144531	-109.807327
20208.911133	-98.568306
20219.677734	-92.787453
20230.444336	-100.648750
20241.210938	-102.573555
20251.977539	-97.225441
20262.744141	-98.409538
20273.510742	-92.678505
20284.277344	-90.577629
20295.043945	-98.390930
20305.810547	-96.449303
20316.577148	-99.044006
20327.343750	-99.333145
20338.110352	-90.525108
20348.876953	-89.363434
20359.643555	-92.123260
20370.410156	-93.272545
20381.176758	-101.683510
20391.943359	-96.799248
20402.709961	-96.025597
20413.476563	-88.715767
20424.243164	-93.178223
20435.009766	-93.716949
20445.776367	-94.972931
20456.542969	-98.329353
20467.309570	-96.355492
20478.076172	-98.792549
20488.842773	-91.568634
20499.609375	-89.847610
20510.375977	-92.969460
20521.142578	-100.384583
20531.909180	-86.659805
20542.675781	-90.641228
20553.442383	-91.001129
20564.208984	-87.373703
20574.975586	-96.671410
20585.742188	-103.291855
20596.508789	-95.490112
20607.275391	-96.345444
20618.041992	-98.162048
20628.808594	-109.415306
20639.575195	-115.165474
20650.341797	-98.813942
20661.108398	-94.397308
20671.875000	-97.890419
20682.641602	-111.544983
20693.408203	-99.441788
20704.174805	-93.873589
20714.941406	-93.223679
20725.708008	-94.712532
20736.474609	-104.399506
20747.241211	-94.568573
20758.007813	-94.332039
20768.774414	-94.099174
20779.541016	-90.534843
20790.307617	-91.460747
20801.074219	-94.693146
20811.840820	-90.023575
20822.607422	-97.771049
20833.374023	-92.595016
20844.140625	-90.168900
20854.907227	-90.675240
20865.673828	-90.169228
20876.440430	-89.904747
20887.207031	-91.245270
20897.973633	-94.901871
20908.740234	-83.771828
20919.506836	-80.951065
20930.273438	-92.065033
20941.040039	-87.473068
20951.806641	-89.422012
20962.573242	-95.944756
20973.339844	-88.813881
20984.106445	-95.801323
20994.873047	-108.285408
21005.639648	-105.190712
21016.406250	-95.556427
21027.172852	-95.142456
21037.939453	-95.286720
21048.706055	-96.106895
21059.472656	-119.219849
21070.239258	-104.757523
21081.005859	-100.570419
21091.772461	-98.215591
21102.539063	-94.357986
21113.305664	-92.357246
21124.072266	-95.490852
21134.838867	-97.433121
21145.605469	-105.961243
21156.372070	-110.995827
21167.138672	-102.255928
21177.905273	-95.609062
21188.671875	-99.535240
21199.438477	-102.377899
21210.205078	-100.075706
21220.971680	-96.778732
21231.738281	-95.753906
21242.504883	-97.282120
21253.271484	-104.480858
21264.038086	-100.899971
21274.804688	-97.566299
21285.571289	-97.434364
21296.337891	-101.240479
21307.104492	-99.456924
21317.871094	-111.701256
21328.637695	-90.902901
21339.404297	-89.423637
21350.170898	-93.490387
21360.937500	-104.127449
21371.704102	-98.059761
21382.470703	-101.043594
21393.237305	-97.651970
21404.003906	-92.396782
21414.770508	-93.068741
21425.537109	-89.393730
21436.303711	-88.196625
21447.070313	-92.129097
21457.836914	-96.843239
21468.603516	-103.733185
21479.370117	-102.165558
21490.136719	-95.758865
21500.903320	-102.814278
21511.669922	-94.649651
21522.436523	-94.037346
21533.203125	-99.711395
21543.969727	-103.568871
21554.736328	-98.393974
21565.502930	-97.167442
21576.269531	-95.358849
21587.036133	-99.916061
21597.802734	-93.901230
21608.569336	-92.201897
21619.335938	-93.412674
21630.102539	-94.815033
21640.869141	-98.092995
21651.635742	-104.194702
21662.402344	-100.743858
21673.168945	-97.726158
21683.935547	-92.323151
21694.702148	-90.546967
21705.468750	-97.102417
21716.235352	-106.506035
21727.001953	-107.022766
21737.768555	-104.632767
21748.535156	-112.602585
21759.301758	-103.421486
21770.068359	-103.320480
21780.834961	-101.654320
21791.601563	-105.743301
21802.368164	-99.514076
21813.134766	-97.978714
21823.901367	-102.566010
21834.667969	-102.757133
21845.434570	-107.768021
21856.201172	-101.299133
21866.967773	-106.434563
21877.734375	-95.709747
21888.500977	-92.112984
21899.267578	-101.558525
21910.034180	-98.500931
21920.800781	-99.627632
21931.567383	-98.084602
21942.333984	-98.884315
21953.100586	-98.830986
21963.867188	-99.589172
21974.633789	-96.256935
21985.400391	-92.787659
21996.166992	-93.796814
22006.933594	-89.524559
22017.700195	-88.421402
22028.466797	-92.458870
22039.233398	-99.033592
