-0.75562376
-2.06916094
-0.86388600
2.70471573
0.85240132
-0.09579521
-2.18970132
-1.73378956
-0.47995076
0.12920839
-0.69595271
-5.13992977
-2.72821283
27.72562218
18.04949951
-108.44165039
-3.23163652
5.85836220
1.17801607
-0.40158620
-3.38084602
3.46606302
-0.96134871
-1.49170029
-2.13105726
2.40919948
0.34421942
5.21034527
-6.44470406
3.83608222
-7.33498192
25.97782326
-1.52348125
-2.08188295
-1.51010108
9.72959328
9.26924896
-0.09294309
-2.89932656
-1.82130349
0.12997928
2.40488577
2.35270000
27.50260735
-3.53813481
0.51173323
0.76983005
-0.84810406
-1.48096514
0.99866146
-1.23416340
0.91119027
1.88563049
-3.20891142
-0.64704460
0.98966438
-3.27521157
-3.04011583
-6.18379688
-1.79746187
0.26435506
-4.05586195
5.92320299
-3.30227304
0.24419625
-1.62627673
2.44373679
-0.90356028
-3.25617814
0.91936618
-0.56362373
2.53540564
-4.09380341
0.16780609
1.63085878
-2.96130586
1.41703367
-0.21102868
-1.54098403
1.09833324
-3.08582044
0.84738570
-4.21182299
-11.65865326
0.08025070
1.19635153
0.54585594
-1.61559176
3.43791962
-1.68693459
0.76585299
0.17424847
-1.33000457
-1.02223861
0.45204937
0.37440506
-0.30913660
1.47814655
3.75024986
-1.03344226
-0.61279625
-2.86965370
2.34397030
-1.17957115
-1.09420991
0.82614464
41.31763840
-5.14177322
-2.25692034
-1.24447989
4.33199692
1.68499863
-1.15335047
3.09036303
-2.11372232
1.12463868
-0.09634108
0.08307645
-0.38091162
0.70970136
0.17447551
1.26254737
-1.68789828
-0.17366189
1.18575525
0.31893563
-1.28800535
0.44066510
2.20925570
0.03423181
13.80868816
8.57854652
-2.91641259
3.11193538
-0.28709581
-0.42478254
0.99416173
0.22506014
-1.14885569
0.98174286
-1.29242742
0.31645867
0.25094238
0.02786316
-2.11592817
1.00736547
-0.73817813
-5.35106373
-0.69469112
3.77338696
0.50350893
-0.11617940
0.21770106
0.01693285
-0.10162801
0.63455534
0.05126160
1.25059319
-2.18290114
-0.05241524
1.24418795
0.97833800
0.00958973
-1.50415385
-1.34016800
0.60953307
0.61471212
0.20552498
0.91835564
-1.44187510
0.07244946
-0.95075351
0.29367754
0.21300830
0.41915706
-1.25330508
2.68781352
-1.03792572
1.59492075
-1.46041501
0.99394083
-0.26424077
-0.20810094
-0.40415260
0.35046545
0.05234256
0.35465118
-1.95943475
1.85960484
-2.22380495
-0.44716772
-0.02318638
0.31919235
1.62854731
-0.35127801
-0.26649243
1.71498752
-1.31587839
0.23758686
-1.17801559
-0.01889577
-0.46376979
-0.20414379
-0.12845300
-1.49620986
0.79508299
-1.07478118
-0.94902569
0.64330071
0.38310409
-0.57926595
-1.77703214
-0.75717944
0.39630869
-0.47129482
0.30177471
-0.58815277
1.31915581
-0.83086455
0.62874150
-0.56673217
-0.15542154
-0.60113996
0.56628776
1.44532871
2.86928749
-0.48031649
0.20037846
-0.17142574
1.00846887
-1.23325920
-0.53055674
6.47063971
-1.68107843
-0.45230973
-0.62630892
-0.53623074
0.28921795
0.55915654
-0.78350234
-0.22455733
-0.10146564
0.61052370
-0.59590018
-0.51016170
0.24247116
0.30284613
-0.74761277
1.08665144
0.01540310
-1.46818388
1.57448471
-0.05114208
-0.70560157
0.39324027
-0.46210757
-0.00190389
-0.91974998
0.88428551
-0.24784182
-0.49269304
0.75235617
-0.84351605
-0.48740909
0.69095957
-1.31958854
0.93170393
-0.67214078
0.51384646
-0.12695374
0.45828891
0.19256587
-0.90260541
0.23718454
0.23469776
0.32707053
-0.49610969
-0.74897099
0.36697438
0.10191674
0.19119562
-0.02375395
-0.55185544
0.33027914
-0.36965671
0.31658280
-0.21824409
-0.39700925
0.89663184
0.55497044
0.79445809
-0.02849893
0.18684998
-0.55546403
-0.11862003
0.19626434
0.15452293
0.04314000
-0.09649365
0.00588183
-0.03831344
0.06836696
-0.09052299
0.01333840
-0.09878241
-0.20722936
-0.10085403
0.56790251
-0.48974589
0.17576249
-0.09301845
0.25562474
-0.19035225
0.74419785
-0.08316030
0.16874291
-0.04127109
-0.21518013
-0.15695350
0.12404753
-0.09605680
-0.01543924
-0.19651274
0.21822609
-0.01834345
0.05532397
-0.15892033
0.23618327
-0.14484052
0.05884923
-0.18108235
0.05677844
0.05232557
0.21328048
0.15408272
-0.11018017
-0.13534909
0.21370277
0.29658067
0.05799666
-0.38332146
-0.27244917
0.29974690
0.17486459
-0.11835313
-0.04958563
0.13224603
0.16750306
0.07331547
0.28207695
-0.39601150
0.27874303
-0.04875973
0.22313744
-0.05254566
0.06673993
0.54905176
-0.11267623
-0.30124635
0.02893158
-0.09544104
0.01755652
0.03096374
0.01845004
0.06759525
-0.73195046
0.29387587
0.33168030
-1.31110990
0.72750705
0.10272288
-0.02773334
-0.17735311
-0.06850473
-0.32675463
0.04994525
0.08609346
-0.44590992
-0.26284292
0.21592224
0.05285187
-0.38470787
0.03752651
0.03492031
0.00442376
-0.09954479
0.37364095
-0.02941087
0.02209172
0.19554435
-0.00663016
0.10429458
-0.31657198
0.25452986
0.05166998
-0.09946967
-0.09279346
0.23589239
0.00217363
0.03041780
-0.08931748
-0.08043997
-0.46945789
0.18912214
-0.17757221
-0.19512065
0.26967725
0.12421797
0.10863700
-0.00906587
0.22523393
-0.05715562
-0.41987836
0.31161150
0.06268036
-0.02059039
-0.12017635
0.00646102
-0.00460534
0.07358690
-0.19193570
-0.09078707
-0.07169279
-0.08079787
-0.12087432
0.06996110
0.15495698
-0.12706344
-0.01889019
0.06310816
-0.05337577
-0.03196351
0.05990195
-0.02097772
0.06654077
-0.00568760
0.03654566
0.00708195
0.02888582
-0.02050909
0.06755949
0.04290262
-0.00375763
-0.02591698
0.02326197
0.04541259
0.06730665
0.01047789
-0.00427721
0.04322189
0.02283654
0.00889210
0.00985186
0.02227467
-0.00734475
0.01391421
0.12835000
-0.01784519
-0.00795953
-0.09455993
-0.07776373
0.06215636
0.02027929
0.03511628
0.02662819
0.06157155
-0.00424042
-0.29290429
0.25395131
0.02695607
-0.01528497
0.03732122
-0.03099949
-0.02500741
0.06531104
-0.07538977
-0.01812016
0.06717928
0.06541952
-0.00466193
-0.00721068
0.01671657
-0.02398223
-0.03324600
-0.01269740
-0.03411014
0.18301336
-0.07666153
0.00744949
-0.01848534
0.02138070
0.01062441
0.01299621
0.01629683
0.01296913
-0.02557835
0.01887206
0.01568397
-0.00924892
0.02680632
0.00548692
0.00428949
-0.00172723
0.00005170
-0.01743400
0.02312748
0.01433421
-0.00830227
-0.01114785
-0.01035957
0.00703832
0.03633121
