-1.210670e+000  
1.801599e+000  
-1.541535e+000  
2.345801e-001  
-6.403552e-001  
2.858952e-001  
1.867260e+000  
-2.065259e+000  
1.042624e+000  
-5.610471e-001  
-2.314621e-001  
1.385770e+000  
-2.029825e+000  
1.900625e+000  
-1.961698e+000  
2.104675e+000  
-3.131846e-001  
-1.533973e+000  
3.350932e-001  
8.045187e-001  
-1.342845e+000  
2.894764e+000  
-5.955671e+000  
7.840838e+000  
-5.827709e+000  
3.745159e+000  
4.241921e+001  
-9.612544e+001  
1.201221e+000  
1.382653e+002  
-9.841734e+001  
1.397388e+000  
6.402024e+000  
-2.080698e+000  
3.623813e+000  
2.448925e+000  
-2.008646e+000  
3.763666e+000  
-1.347890e+000  
-5.499849e-001  
-1.807100e+000  
1.061876e-001  
2.314033e+000  
-1.044455e+000  
-6.369716e-001  
1.230024e+000  
-1.178491e+000  
1.183556e+000  
-1.054534e+000  
-8.885931e-001  
2.411383e+000  
-2.226030e+000  
9.611076e-001  
-1.970296e+000  
2.935993e+000  
1.843764e+000  
-4.776658e+000  
1.004760e+000  
1.711629e+000  
2.890823e+000  
-2.149680e+000  
-1.341253e+001  
2.115186e+001  
-1.067543e+001  
1.738085e-001  
2.712628e+000  
-1.851834e+000  
7.004111e-001  
-4.906741e-001  
-3.152170e+000  
8.168139e+000  
-9.364030e+000  
8.112919e+000  
-4.010463e+000  
8.173166e-001  
1.754751e-001  
-1.804880e+000  
1.769093e+000  
-1.807701e+000  
1.752963e+000  
-6.041142e-001  
1.357632e-001  
2.071479e+000  
-3.084643e+000  
6.372916e+000  
-1.948917e+001  
2.180840e+001  
-6.463067e+000  
-2.173031e+000  
1.404917e+000  
6.495929e-001  
-2.049722e+000  
1.207939e+000  
-2.592614e-001  
-7.444694e-001  
1.599683e+000  
-1.360001e+000  
3.838461e-001  
7.253988e-001  
-5.559834e-001  
-7.510092e-001  
4.070946e-001  
1.756257e-001  
-1.598907e-001  
3.380075e-001  
2.071678e+000  
-2.402269e+000  
2.367059e-001  
5.273061e-003  
-3.602670e-001  
1.190345e+000  
-5.246956e-001  
-1.935417e+000  
1.833355e+000  
-5.421490e+000  
1.188934e+001  
-6.745711e+000  
2.730119e-001  
-4.842311e-001  
-2.036422e-001  
9.387200e-002  
1.909155e+000  
-2.991817e+000  
-1.202137e-001  
3.866964e+000  
-1.445324e+000  
-2.150481e+000  
1.634210e+000  
-3.388921e-001  
9.187297e-001  
-7.289105e-001  
-1.805582e+000  
1.394330e+000  
1.521711e+000  
-1.592851e+000  
2.173112e+000  
-1.884117e+000  
-1.079791e+000  
1.145440e+000  
-1.579706e-002  
-4.785122e-001  
-2.295088e-001  
8.412842e-001  
2.221119e+000  
-3.149272e+000  
6.882876e-001  
5.518268e-001  
-1.550357e+000  
1.054417e+000  
1.321372e+000  
-2.691121e+000  
1.706620e+000  
7.037100e-001  
-1.227160e+000  
-1.527663e-001  
1.409650e+000  
-1.051564e+000  
-4.307880e-001  
1.131985e+000  
-2.989639e-002  
-1.503626e+000  
-3.268278e-001  
-8.530140e-002  
2.539257e+000  
-8.789896e+000  
2.011449e+001  
-8.481995e+000  
-1.019394e+001  
3.507030e+000  
2.641348e+000  
-2.843119e-001  
4.484597e-001  
-4.073360e-001  
1.337269e+000  
-1.288503e+000  
-1.020416e+000  
2.421319e+000  
-7.015474e-001  
-8.733537e-001  
-3.086164e-002  
5.986187e-001  
-1.526954e-001  
4.876271e-001  
-8.043332e-001  
-9.612330e-001  
2.027476e+000  
-1.287369e+000  
5.234358e-001  
7.214191e-002  
-9.469342e-002  
1.103589e-001  
3.474104e-001  
6.034241e-001  
-2.909237e+000  
1.781295e+000  
-1.067761e+000  
2.477221e+000  
-1.154200e+000  
-8.120924e-001  
1.351182e+000  
-4.025945e-001  
-1.735346e-002  
-1.764707e+000  
8.782849e-001  
1.027991e+000  
4.612503e-001  
-5.783246e-001  
-5.962199e-001  
-4.146175e-001  
6.120653e-001  
3.833321e+000  
-2.033620e+001  
3.205382e+001  
-1.598432e+001  
-2.646606e-001  
7.065136e-001  
-8.674423e-001  
7.058964e-001  
-8.857942e-001  
-1.168076e-001  
2.620723e+000  
-1.930148e+000  
1.120236e+000  
-1.501076e-001  
-8.604901e-001  
-8.069101e-002  
2.799490e+000  
-3.063610e+000  
-9.164219e-001  
1.994872e+000  
6.048969e-001  
-1.611798e+000  
-1.928139e-001  
1.720826e+000  
-6.960045e-002  
-1.287455e+000  
5.953019e-002  
3.314559e-001  
3.119791e-001  
-1.805352e-001  
4.020402e-001  
-1.388944e+000  
6.203108e-001  
1.504720e+000  
-1.830286e+000  
1.274090e+000  
4.612912e-002  
-1.460480e+000  
1.702919e+000  
-1.845793e+000  
4.394556e-001  
1.025210e+000  
-1.727577e+000  
2.049995e+000  
-2.966081e-002  
-1.608094e+000  
2.777245e+000  
-3.911174e+000  
3.192439e-001  
-6.208057e-001  
1.143837e+001  
-1.582953e+001  
9.639555e+000  
-3.160032e+000  
-1.083846e+000  
1.536530e-002  
1.791343e+000  
-1.319557e-001  
-3.053634e-001  
-1.203170e-001  
-2.236586e-001  
-1.534633e-001  
4.658622e-001  
1.271043e-001  
4.179180e-002  
8.107080e-002  
-5.481414e-001  
-2.943317e-001  
7.627701e-001  
1.155953e-001  
-7.234089e-001  
-4.444700e-002  
-3.155002e-002  
8.360784e-001  
7.013025e-002  
-8.042796e-001  
6.125142e-002  
1.049501e+000  
-1.537525e+000  
1.727965e-001  
-4.837993e-002  
1.917522e+000  
-1.222574e+000  
1.646075e+000  
-3.873411e+000  
2.757341e+000  
-4.759123e-001  
-1.824837e+000  
2.880652e+000  
-1.383419e+000  
6.725847e-001  
-8.252006e-001  
-1.026169e-001  
7.588874e-001  
5.715493e-002  
-6.206543e-001  
8.059669e-002  
3.542192e-001  
-8.705109e-004  
-6.602789e-001  
4.737768e-001  
9.074420e-002  
-9.055363e-002  
-1.979823e-001  
8.112063e-001  
2.033462e-001  
-8.568630e-001  
-8.040719e-001  
4.498881e-001  
-4.324400e-001  
-6.316647e-002  
1.977779e+000  
1.967553e-001  
-1.814648e+000  
1.140392e-001  
1.502470e+000  
-1.002065e+000  
-1.017472e-001  
-5.634276e-001  
3.258157e-001  
5.930356e-001  
-9.493229e-001  
3.102168e-001  
6.355150e-001  
-7.531401e-002  
-6.119158e-001  
6.206298e-001  
2.006921e-001  
-1.138811e+000  
8.768134e-001  
-1.990944e-001  
3.784063e-001  
-6.699079e-001  
2.344668e-001  
3.242344e-001  
-5.327621e-001  
2.738376e-001  
1.270562e-002  
6.987879e-001  
-1.206512e+000  
-7.619908e-001  
8.973872e-001  
1.229504e+000  
-3.739270e-001  
-6.481575e-001  
-3.292433e-001  
1.234132e+000  
-4.769085e-001  
-6.204660e-001  
-2.251021e-001  
7.768785e-001  
-1.849869e-001  
-2.030639e-001  
2.394454e-001  
-3.354382e-001  
5.743603e-001  
-4.065348e-001  
-3.946199e-002  
2.451403e-001  
-2.410865e-001  
-2.125753e-001  
7.277755e-001  
1.013686e-001  
-6.289440e-002  
-9.796256e-001  
-2.742494e-001  
1.078044e+000  
7.605518e-001  
-1.625292e+000  
6.172867e-001  
-5.435997e-001  
8.471366e-001  
-2.881439e-001  
-4.235760e-002  
3.372013e-001  
-9.455366e-001  
1.377795e+000  
-8.384795e-001  
6.789848e-003  
4.425457e-002  
-9.178792e-002  
-4.678828e-001  
1.007882e+000  
2.496503e-001  
-8.134753e-001  
-1.595736e-001  
9.393746e-002  
8.184986e-001  
-9.157455e-001  
1.729445e-001  
-3.322533e-001  
1.124324e+000  
-5.102218e-001  
-2.564219e-001  
-1.436227e-001  
5.148942e-001  
-9.997585e-002  
-4.396369e-002  
-1.336703e+000  
1.686383e+000  
-7.328361e-003  
8.837660e-002  
-4.086359e-001  
-3.062168e-001  
-3.298064e-001  
8.447161e-002  
4.684540e-002  
7.512009e-001  
-1.915115e-001  
1.930852e-001  
-5.369288e-001  
8.509142e-001  
-1.235798e+000  
6.984887e-001  
-5.823148e-001  
3.336090e-001  
3.510714e-004  
5.203663e-001  
-4.164492e-001  
-8.634487e-002  
4.885705e-001  
-7.019331e-001  
-3.583688e-001  
5.500700e-001  
6.609691e-001  
-4.045948e-001  
-6.091094e-001  
4.612294e-001  
1.998644e-001  
1.594099e-001  
-1.936717e-001  
-4.383707e-001  
6.570089e-002  
3.984956e-001  
-5.164640e-001  
3.444856e-001  
7.015924e-001  
-1.785981e+000  
1.532526e+000  
-1.577887e+000  
2.114384e+000  
-9.603406e-001  
-2.302697e-001  
1.435579e-001  
8.127648e-002  
-7.003519e-002  
-3.474745e-001  
5.275971e-001  
5.609443e-001  
-3.234391e-001  
-4.144399e-001  
1.063201e-001  
1.385107e+000  
-6.092421e+000  
4.437272e+000  
2.396879e+000  
-2.375911e+000  
7.102255e-001  
-1.708800e-001  
-5.685432e-001  
-2.888638e-001  
8.552954e-001  
-3.731199e-001  
-3.100428e-001  
2.409976e-001  
5.787590e-002  
3.730443e-001  
-1.355771e-001  
-1.589244e-001  
-5.006644e-001  
-8.707771e-002  
6.072427e-001  
-6.191082e-001  
8.307977e-001  
-1.178440e-001  
3.350925e-001  
-3.885045e-001  
-1.373711e-001  
-1.550959e-001  
-1.698732e-003  
1.591246e-001  
2.873646e-002  
3.162138e-001  
-3.521038e-001  
-4.085495e-001  
3.029516e-001  
9.580950e-001  
-1.345034e+000  
5.453484e-001  
-4.191580e-001  
-2.301934e+000  
4.642366e+000  
3.331864e-001  
-3.221282e+000  
1.013623e+000  
-1.113073e-001  
-1.711762e-001  
-1.719854e-001  
2.666229e-001  
3.323252e-001  
-4.599802e-001  
3.015639e-001  
-1.280332e-001  
3.060334e-001  
-9.034760e-001  
8.074296e-001  
5.066972e-001  
-8.669473e-001  
-5.256139e-002  
5.329455e-001  
-4.287900e-001  
-4.989254e-002  
4.677983e-001  
7.087576e-002  
-4.373646e-001  
2.982053e-002  
-2.988948e-001  
2.366887e-001  
2.548320e-001  
3.844669e-001  
-9.842302e-001  
2.062321e-001  
3.816829e-001  
3.699404e-001  
-4.983709e-001  
-1.794379e-001  
5.955898e-001  
-6.736852e-001  
2.031206e-002  
2.376177e-001  
2.139623e-001  
-2.137862e-001  
2.120412e-001  
-3.606706e-002  
-5.729309e-001  
3.951296e-001  
1.243224e-001  
-3.061786e-001  
5.111627e-002  
2.605354e-001  
-1.173089e-002  
2.572984e-001  
-2.855476e-001  
1.420923e-002  
-3.163920e-001  
-5.459066e-002  
1.506775e-001  
3.037986e-001  
-1.803219e-002  
-2.735652e-001  
1.500287e-001  
3.242707e-002  
-4.487330e-002  
1.450716e-001  
-3.826607e-001  
1.298391e-001  
1.229927e-001  
1.728707e-001  
-2.982991e-001  
4.139016e-002  
2.971192e-001  
-3.491239e-001  
-1.698393e-001  
5.760312e-001  
-3.559269e-001  
-2.025270e-001  
8.556684e-001  
-1.134313e+000  
5.809111e-001  
-2.203879e-001  
5.643827e-001  
-4.794708e-001  
6.926478e-002  
-3.753995e-002  
4.949135e-002  
2.952018e-001  
-3.760416e-001  
1.764113e-002  
-1.486065e-001  
3.491148e-001  
1.282129e-001  
-4.599938e-001  
2.125957e-001  
-3.060074e-002  
-1.842212e-002  
1.318261e-001  
-1.035404e-001  
1.521568e-002  
1.391474e-002  
-3.674616e-002  
-5.459108e-002  
1.122114e-001  
4.911192e-003  
-1.984892e-002  
-7.868309e-002  
9.116711e-002  
-1.246168e-002  
7.279210e-003  
-8.096790e-002  
1.528579e-001  
-1.113028e-001  
-7.326629e-002  
-1.012117e-001  
1.140535e-001  
2.379168e-001  
9.208852e-002  
-2.828889e-001  
-1.364351e-001  
1.656202e-001  
3.388920e-002  
-6.220626e-002  
-7.579757e-002  
1.361128e-001  
9.702431e-002  
-4.906389e-002  
-4.578165e-001  
6.175741e-001  
-2.902391e-001  
-8.910134e-002  
2.164916e-001  
1.075926e-001  
-2.891295e-001  
-1.224261e-002  
2.754171e-001  
-1.750076e-001  
-1.463950e-003  
-1.127350e-001  
1.249104e-001  
1.078263e-002  
6.176975e-002  
-1.136009e-001  
1.079989e-001  
3.818305e-002  
-1.878481e-001  
-1.438537e-001  
2.753912e-001  
4.402722e-002  
-6.922562e-002  
-1.624848e-002  
7.953443e-003  
8.491884e-002  
-1.379027e-001  
-6.770679e-002  
5.599128e-002  
1.312541e-001  
-3.906138e-002  
-9.423114e-002  
3.183927e-002  
1.297876e-003  
1.111405e-001  
-1.519980e-001  
4.044102e-002  
1.067334e-002  
1.387025e-002  
9.933509e-003  
-4.503167e-002  
1.945369e-001  
-2.808631e-001  
1.957386e-001  
-9.568632e-002  
-6.064451e-002  
1.336631e-001  
-9.867357e-002  
-7.221174e-002  
8.370419e-002  
5.739436e-002  
2.122399e-001  
-3.712203e-001  
6.964493e-002  
2.371404e-001  
-3.801036e-001  
4.190262e-001  
-1.863577e-001  
-2.179526e-001  
2.925674e-001  
-2.006747e-001  
1.317679e-001  
2.296441e-002  
-9.591788e-002  
7.089348e-002  
-5.017806e-003  
-1.404471e-001  
8.979608e-002  
4.161268e-003  
4.793382e-002  
1.308525e-002  
3.396527e-002  
-1.037498e-001  
3.638700e-001  
-4.701105e-001  
-1.249083e-001  
1.848793e-001  
8.549745e-002  
5.971958e-002  
-1.092034e-001  
3.846063e-002  
1.578473e-001  
-2.087135e-001  
-1.087567e-002  
8.233625e-002  
6.414302e-002  
-2.959005e-001  
4.514237e-001  
-2.649564e-001  
-3.547757e-002  
1.625687e-001  
-2.479331e-001  
1.838361e-001  
-5.808398e-004  
-6.047968e-002  
-1.180499e-001  
2.488786e-001  
-3.872516e-002  
-1.100225e-001  
5.430181e-002  
-4.001430e-002  
-8.502126e-003  
5.991209e-002  
-9.143800e-003  
2.154446e-001  
-5.862224e-001  
4.186844e-001  
2.121690e-001  
-5.336155e-001  
2.738082e-001  
4.227002e-001  
-9.916435e-001  
4.332057e-001  
3.858105e-001  
-3.049003e-001  
9.923465e-002  
-4.738379e-002  
-9.944126e-003  
4.402625e-002  
-1.310099e-001  
1.151628e-001  
-1.149050e-001  
2.419645e-001  
-2.930256e-001  
1.621583e-001  
-3.868058e-003  
-3.017458e-002  
6.899689e-002  
3.660147e-002  
-3.408998e-001  
3.890745e-001  
-2.799071e-001  
1.163999e-001  
1.045815e-001  
-1.011290e-001  
2.446955e-002  
1.229863e-001  
-2.982779e-001  
2.011414e-001  
5.848289e-003  
-8.190697e-002  
4.241389e-002  
-1.185143e-002  
-1.629409e-002  
7.034989e-002  
-9.872484e-002  
-1.319343e-002  
3.016222e-001  
-3.431122e-001  
2.221937e-002  
1.322368e-001  
-1.265132e-002  
-1.057503e-001  
1.539983e-001  
-9.169905e-002  
2.629125e-002  
-6.775554e-002  
6.356157e-002  
1.063956e-001  
-2.036394e-001  
-3.838209e-002  
1.477107e-001  
-5.156219e-003  
-3.876875e-002  
1.451422e-001  
-3.912326e-002  
-1.702074e-001  
-2.871775e-002  
9.779960e-002  
1.582152e-001  
-2.124225e-001  
2.286962e-002  
7.069296e-002  
-1.870978e-002  
4.560998e-002  
-5.056871e-002  
-2.442886e-002  
-1.238490e-001  
3.993134e-001  
-4.176751e-001  
1.455211e-001  
9.256762e-002  
-2.153637e-002  
-1.438986e-001  
1.966660e-001  
-1.526983e-001  
-3.068554e-002  
2.375245e-001  
-2.762721e-001  
1.502880e-001  
-9.097883e-002  
5.238211e-002  
5.291726e-002  
-1.621038e-002  
-1.057602e-001  
1.974670e-001  
-1.579492e-001  
-3.903711e-002  
2.342484e-001  
-3.620099e-001  
1.937647e-001  
2.154945e-001  
-3.274644e-001  
7.773879e-002  
1.048618e-001  
-4.558864e-002  
2.063277e-002  
-6.017651e-002  
-1.397808e-002  
-2.549044e-002  
1.283161e-001  
-1.902602e-002  
-1.018827e-001  
6.305332e-002  
5.166543e-002  
-1.703982e-001  
1.797761e-001  
-1.245101e-001  
1.061708e-001  
-1.100013e-001  
1.470170e-001  
-7.881734e-002  
1.762804e-002  
-4.592213e-002  
-5.419111e-002  
2.743822e-002  
5.688228e-002  
6.673062e-002  
-3.260646e-002  
-6.242128e-002  
-4.765838e-003  
-1.776803e-002  
4.175907e-002  
1.486969e-002  
1.434398e-002  
-4.201579e-002  
1.752833e-002  
-2.986306e-002  
1.692238e-002  
3.070426e-002  
-1.916102e-002  
-1.341309e-002  
-8.359246e-003  
4.145396e-002  
-2.064112e-002  
4.795633e-003  
-3.173441e-002  
2.588417e-002  
-4.906058e-004  
-3.347695e-003  
-2.463490e-003  
1.008624e-002  
9.444356e-003  
-6.275453e-003  
-5.076757e-002  
4.625610e-002  
-5.771190e-003  
1.774447e-002  
-7.581834e-003  
2.010390e-003  
-1.290170e-002  
-1.092541e-002  
-2.221763e-005  
7.613093e-003  
-1.706332e-003  
2.107540e-002  
-2.868754e-002  
4.806018e-002  
-4.111409e-002  
1.838247e-002  
-1.842549e-002  
2.937295e-003  
-1.307328e-002  
2.307105e-002  
-5.792409e-003  
6.151110e-003  
1.038941e-003  
1.276517e-002  
-4.181781e-002  
6.247163e-003  
2.374143e-002  
4.720144e-003  
-1.394513e-002  
-7.950306e-003  
7.939339e-003  
3.135145e-003  
-3.662947e-002  
8.644284e-002  
-4.770374e-002  
-3.713667e-004  
-1.067765e-002  
-1.456254e-002  
6.718857e-002  
-8.639856e-002  
7.332855e-002  
-7.427700e-002  
3.865252e-002  
3.023843e-002  
-3.705133e-002  
1.651052e-002  
-1.658487e-002  
2.771275e-002  
-3.980196e-002  
8.533195e-003  
1.605685e-002  
2.448624e-002  
-1.638845e-002  
-1.909259e-002  
1.239118e-001  
-1.744670e-001  
-7.390633e-002  
1.751716e-001  
-3.450769e-002  
-8.339167e-003  
2.856946e-002  
-1.931357e-002  
-2.409065e-002  
2.574649e-002  
1.771094e-003  
-2.482159e-002  
1.889265e-002  
-2.973410e-002  
1.852831e-002  
2.564265e-002  
1.557654e-002  
-4.915845e-002  
1.078212e-002  
-3.158987e-003  
-2.858615e-002  
4.248369e-002  
-2.349585e-002  
2.911129e-002  
1.213394e-003  
-1.118305e-002  
-6.678104e-004  
-5.334705e-003  
-6.063461e-003  
3.309250e-004  
3.064179e-002  
-2.479863e-002  
5.978107e-003  
-3.911766e-002  
6.840849e-002  
-2.318943e-002  
1.738459e-003  
2.216175e-002  
-1.648294e-001  
1.089711e-001  
1.130391e-001  
-9.618008e-002  
7.167891e-003  
3.666073e-003  
-2.124310e-004  
-1.245618e-002  
-5.028248e-004  
1.115925e-002  
-5.239993e-003  
4.599005e-003  
-7.381100e-003  
5.988926e-003  
-5.540267e-003  
6.914943e-003  
-6.034970e-003  
3.512800e-004  
1.728296e-002  
-2.712762e-002  
1.167315e-002  
6.917834e-003  
-1.297724e-002  
4.106522e-003  
1.410294e-002  
-1.457331e-002  
-3.239632e-003  
1.455736e-002  
-9.109318e-003  
5.590320e-004  
-5.090237e-005  
-5.115688e-003  
1.250169e-002  
-1.058498e-002  
7.358991e-003  
-9.771630e-003  
1.803449e-002  
-2.096657e-002  
7.455245e-003  
1.301780e-002  
-1.975484e-002  
7.695332e-003  
7.125437e-003  
-1.323047e-002  
1.318222e-002  
-1.867357e-002  
2.411550e-002  
-1.676032e-002  
4.745625e-003  
1.599863e-004  
-9.272948e-003  
2.161983e-002  
-1.584490e-002  
