Frequency (Hz)	Level (dB)
10.766602	-67.150566
21.533203	-66.553268
32.299805	-61.044262
43.066406	-65.902809
53.833008	-67.831375
64.599609	-74.174446
75.366211	-75.255692
86.132813	-70.828583
96.899414	-68.790703
107.666016	-66.518272
118.432617	-63.364227
129.199219	-62.466877
139.965820	-63.052052
150.732422	-65.644905
161.499023	-67.048805
172.265625	-73.121147
183.032227	-74.406967
193.798828	-75.898056
204.565430	-75.294708
215.332031	-69.044983
226.098633	-67.744553
236.865234	-66.709763
247.631836	-67.674644
258.398438	-65.021126
269.165039	-63.971733
279.931641	-65.429779
290.698242	-65.357491
301.464844	-63.642105
312.231445	-63.676113
322.998047	-64.200745
333.764648	-66.921616
344.531250	-72.959381
355.297852	-68.470451
366.064453	-63.337387
376.831055	-62.914822
387.597656	-78.796242
398.364258	-67.435745
409.130859	-66.778160
419.897461	-64.124596
430.664063	-64.727066
441.430664	-63.405472
452.197266	-61.925396
462.963867	-63.411182
473.730469	-58.881618
484.497070	-55.593067
495.263672	-52.147408
506.030273	-49.282276
516.796875	-57.657173
527.563477	-59.853577
538.330078	-46.640987
549.096680	-39.988762
559.863281	-39.134731
570.629883	-30.736906
581.396484	-25.542027
592.163086	-31.626757
602.929688	-35.750999
613.696289	-31.685843
624.462891	-26.389538
635.229492	-15.284373
645.996094	-19.102888
656.762695	-31.336111
667.529297	-45.940655
678.295898	-46.395714
689.062500	-45.696316
699.829102	-53.862087
710.595703	-53.156910
721.362305	-47.301834
732.128906	-49.904453
742.895508	-52.783516
753.662109	-57.889740
764.428711	-57.444454
775.195313	-64.800369
785.961914	-53.067715
796.728516	-53.334122
807.495117	-55.754677
818.261719	-62.949986
829.028320	-57.110638
839.794922	-59.496403
850.561523	-67.071259
861.328125	-65.281860
872.094727	-61.029358
882.861328	-60.779415
893.627930	-69.357597
904.394531	-62.444550
915.161133	-60.943199
925.927734	-64.324905
936.694336	-76.625114
947.460938	-73.845947
958.227539	-75.030815
968.994141	-69.531769
979.760742	-61.625965
990.527344	-60.651016
1001.293945	-63.275173
1012.060547	-68.413673
1022.827148	-67.481422
1033.593750	-64.372200
1044.360352	-64.477814
1055.126953	-66.006851
1065.893555	-62.217388
1076.660156	-63.864624
1087.426758	-68.250847
1098.193359	-68.980675
1108.959961	-59.193172
1119.726563	-61.908993
1130.493164	-64.673759
1141.259766	-57.891960
1152.026367	-60.168953
1162.792969	-57.180588
1173.559570	-62.384212
1184.326172	-62.387482
1195.092773	-59.738754
1205.859375	-52.317474
1216.625977	-53.136253
1227.392578	-59.011803
1238.159180	-59.690464
1248.925781	-53.277885
1259.692383	-61.854641
1270.458984	-51.869820
1281.225586	-49.221516
1291.992188	-53.624123
1302.758789	-61.250244
1313.525391	-43.594162
1324.291992	-34.899303
1335.058594	-35.312557
1345.825195	-48.592583
1356.591797	-58.298145
1367.358398	-61.065151
1378.125000	-62.175022
1388.891602	-61.448521
1399.658203	-58.435150
1410.424805	-58.765827
1421.191406	-56.667625
1431.958008	-57.108334
1442.724609	-60.148201
1453.491211	-56.766407
1464.257813	-56.855175
1475.024414	-63.065178
1485.791016	-53.992207
1496.557617	-56.552254
1507.324219	-53.013550
1518.090820	-54.382465
1528.857422	-44.952248
1539.624023	-45.487404
1550.390625	-52.772068
1561.157227	-53.203339
1571.923828	-64.947327
1582.690430	-57.551006
1593.457031	-55.840698
1604.223633	-70.286194
1614.990234	-61.463486
1625.756836	-60.235420
1636.523438	-69.228363
1647.290039	-60.168201
1658.056641	-61.017780
1668.823242	-72.399078
1679.589844	-70.457458
1690.356445	-58.517593
1701.123047	-61.312138
1711.889648	-66.083153
1722.656250	-65.075531
1733.422852	-60.703133
1744.189453	-59.179222
1754.956055	-68.112213
1765.722656	-67.031372
1776.489258	-59.809364
1787.255859	-55.471359
1798.022461	-54.182919
1808.789063	-66.040421
1819.555664	-58.775917
1830.322266	-42.030308
1841.088867	-37.283379
1851.855469	-40.875000
1862.622070	-52.702118
1873.388672	-59.017948
1884.155273	-60.163242
1894.921875	-59.953976
1905.688477	-61.591179
1916.455078	-62.308617
1927.221680	-63.524715
1937.988281	-60.070728
1948.754883	-70.720474
1959.521484	-58.997917
1970.288086	-63.152012
1981.054688	-74.209648
1991.821289	-72.240112
2002.587891	-65.626747
2013.354492	-64.304955
2024.121094	-63.983372
2034.887695	-58.990921
2045.654297	-61.915394
2056.420898	-68.339699
2067.187500	-66.361633
2077.954102	-76.973442
2088.720703	-70.944862
2099.487305	-75.524506
2110.253906	-67.520943
2121.020508	-68.841736
2131.787109	-69.345161
2142.553711	-85.425323
2153.320313	-63.287441
2164.086914	-65.525154
2174.853516	-76.386894
2185.620117	-68.053391
2196.386719	-69.984062
2207.153320	-67.187614
2217.919922	-68.547188
2228.686523	-70.681709
2239.453125	-67.256920
2250.219727	-61.844669
2260.986328	-59.970661
2271.752930	-57.966354
2282.519531	-61.224785
2293.286133	-71.998413
2304.052734	-64.446503
2314.819336	-66.986656
2325.585938	-67.769264
2336.352539	-74.839165
2347.119141	-65.957260
2357.885742	-65.084618
2368.652344	-77.770844
2379.418945	-84.471039
2390.185547	-62.980793
2400.952148	-63.780148
2411.718750	-62.579288
2422.485352	-59.602547
2433.251953	-56.003551
2444.018555	-73.573326
2454.785156	-59.157955
2465.551758	-60.937996
2476.318359	-46.777603
2487.084961	-41.992512
2497.851563	-45.753761
2508.618164	-54.746330
2519.384766	-70.571503
2530.151367	-63.669613
2540.917969	-62.684856
2551.684570	-77.556938
2562.451172	-65.881691
2573.217773	-68.462486
2583.984375	-69.533119
2594.750977	-67.570984
2605.517578	-63.139786
2616.284180	-63.200550
2627.050781	-61.267727
2637.817383	-63.715637
2648.583984	-58.058445
2659.350586	-58.846706
2670.117188	-50.822399
2680.883789	-55.266376
2691.650391	-66.866554
2702.416992	-57.238266
2713.183594	-55.998699
2723.950195	-62.853432
2734.716797	-77.074966
2745.483398	-75.808983
2756.250000	-69.611816
2767.016602	-70.333687
2777.783203	-82.435600
2788.549805	-67.120277
2799.316406	-65.593445
2810.083008	-65.483940
2820.849609	-73.919235
2831.616211	-60.071327
2842.382813	-52.974987
2853.149414	-52.896019
2863.916016	-63.768917
2874.682617	-63.127068
2885.449219	-95.190170
2896.215820	-71.865791
2906.982422	-68.866814
2917.749023	-58.116909
2928.515625	-58.514275
2939.282227	-68.396248
2950.048828	-58.244087
2960.815430	-64.706924
2971.582031	-82.043396
2982.348633	-71.136490
2993.115234	-66.671860
3003.881836	-72.489899
3014.648438	-64.808235
3025.415039	-65.183472
3036.181641	-81.489639
3046.948242	-65.533859
3057.714844	-63.028629
3068.481445	-65.557144
3079.248047	-58.279812
3090.014648	-55.172321
3100.781250	-66.617165
3111.547852	-62.487221
3122.314453	-66.561913
3133.081055	-74.649185
3143.847656	-71.361176
3154.614258	-71.783180
3165.380859	-62.656796
3176.147461	-60.976131
3186.914063	-71.507454
3197.680664	-73.790359
3208.447266	-64.457191
3219.213867	-60.892479
3229.980469	-62.690323
3240.747070	-64.226677
3251.513672	-65.963760
3262.280273	-68.793503
3273.046875	-65.742035
3283.813477	-63.650517
3294.580078	-68.161659
3305.346680	-68.295921
3316.113281	-66.572411
3326.879883	-65.706917
3337.646484	-67.484016
3348.413086	-62.021156
3359.179688	-73.179901
3369.946289	-70.431595
3380.712891	-67.501701
3391.479492	-73.296158
3402.246094	-72.559486
3413.012695	-70.171158
3423.779297	-67.899078
3434.545898	-72.558060
3445.312500	-60.982437
3456.079102	-61.504639
3466.845703	-62.298027
3477.612305	-65.283852
3488.378906	-56.329231
3499.145508	-62.814266
3509.912109	-56.678753
3520.678711	-55.813389
3531.445313	-58.238430
3542.211914	-53.575764
3552.978516	-41.932060
3563.745117	-36.286167
3574.511719	-42.367996
3585.278320	-50.925247
3596.044922	-42.429287
3606.811523	-46.220501
3617.578125	-54.527088
3628.344727	-55.639645
3639.111328	-60.874546
3649.877930	-66.042274
3660.644531	-62.846684
3671.411133	-65.893211
3682.177734	-59.711163
3692.944336	-67.302292
3703.710938	-65.405632
3714.477539	-65.413116
3725.244141	-71.211189
3736.010742	-60.231331
3746.777344	-63.277718
3757.543945	-68.508675
3768.310547	-70.000450
3779.077148	-64.537186
3789.843750	-59.523685
3800.610352	-62.718582
3811.376953	-71.095108
3822.143555	-63.963779
3832.910156	-77.914688
3843.676758	-67.463310
3854.443359	-84.004181
3865.209961	-70.972054
3875.976563	-67.633018
3886.743164	-77.347412
3897.509766	-70.298004
3908.276367	-67.584076
3919.042969	-70.349785
3929.809570	-67.685234
3940.576172	-63.748585
3951.342773	-67.679428
3962.109375	-56.040470
3972.875977	-56.936211
3983.642578	-63.178894
3994.409180	-74.257751
4005.175781	-75.606766
4015.942383	-78.842934
4026.708984	-67.874313
4037.475586	-70.672859
4048.242188	-74.058060
4059.008789	-73.982376
4069.775391	-77.627449
4080.541992	-75.462029
4091.308594	-79.722382
4102.075195	-69.728119
4112.841797	-67.315681
4123.608398	-67.660637
4134.375000	-75.350929
4145.141602	-65.643715
4155.908203	-57.944286
4166.674805	-58.233921
4177.441406	-73.734947
4188.208008	-62.529785
4198.974609	-65.308655
4209.741211	-59.972263
4220.507813	-57.179092
4231.274414	-59.524506
4242.041016	-70.856339
4252.807617	-67.693520
4263.574219	-71.249992
4274.340820	-70.518867
4285.107422	-70.287361
4295.874023	-67.401260
4306.640625	-67.626831
4317.407227	-67.816666
4328.173828	-69.780495
4338.940430	-70.814934
4349.707031	-62.540077
4360.473633	-56.590351
4371.240234	-62.586174
4382.006836	-56.664284
4392.773438	-59.323326
4403.540039	-64.772667
4414.306641	-65.832138
4425.073242	-62.905701
4435.839844	-53.641693
4446.606445	-60.956863
4457.373047	-70.680580
4468.139648	-65.582001
4478.906250	-62.555897
4489.672852	-63.601414
4500.439453	-68.046631
4511.206055	-65.006042
4521.972656	-60.961124
4532.739258	-49.653442
4543.505859	-42.737633
4554.272461	-37.788483
4565.039063	-33.781693
4575.805664	-39.214405
4586.572266	-60.555305
4597.338867	-60.009319
4608.105469	-51.148903
4618.872070	-70.864838
4629.638672	-58.824711
4640.405273	-66.653450
4651.171875	-61.266392
4661.938477	-62.393764
4672.705078	-60.962662
4683.471680	-70.684692
4694.238281	-64.683731
4705.004883	-60.704994
4715.771484	-63.792912
4726.538086	-61.053581
4737.304688	-58.720993
4748.071289	-61.640266
4758.837891	-71.594116
4769.604492	-79.903290
4780.371094	-66.191666
4791.137695	-61.932663
4801.904297	-63.355011
4812.670898	-65.453285
4823.437500	-74.899170
4834.204102	-71.113747
4844.970703	-66.238129
4855.737305	-60.702217
4866.503906	-53.413422
4877.270508	-53.145134
4888.037109	-60.265141
4898.803711	-71.528328
4909.570313	-63.610588
4920.336914	-59.627941
4931.103516	-58.398537
4941.870117	-66.058121
4952.636719	-68.434860
4963.403320	-65.125137
4974.169922	-61.903076
4984.936523	-63.411797
4995.703125	-68.906548
5006.469727	-63.478413
5017.236328	-62.844902
5028.002930	-67.346588
5038.769531	-69.745743
5049.536133	-65.693695
5060.302734	-66.660431
5071.069336	-71.164200
5081.835938	-66.463188
5092.602539	-64.734573
5103.369141	-70.516701
5114.135742	-68.876328
5124.902344	-66.234032
5135.668945	-70.417900
5146.435547	-71.574890
5157.202148	-72.537025
5167.968750	-72.916733
5178.735352	-78.169777
5189.501953	-71.439804
5200.268555	-60.645332
5211.035156	-59.910439
5221.801758	-72.138519
5232.568359	-65.202316
5243.334961	-62.828148
5254.101563	-63.901970
5264.868164	-68.031799
5275.634766	-66.560196
5286.401367	-68.017258
5297.167969	-71.599823
5307.934570	-65.502640
5318.701172	-63.064400
5329.467773	-69.317101
5340.234375	-71.613571
5351.000977	-62.245552
5361.767578	-63.360538
5372.534180	-66.042587
5383.300781	-69.582230
5394.067383	-66.395828
5404.833984	-74.402809
5415.600586	-67.648453
5426.367188	-65.690552
5437.133789	-60.483566
5447.900391	-58.906887
5458.666992	-60.857635
5469.433594	-72.605438
5480.200195	-64.670280
5490.966797	-59.770676
5501.733398	-66.452133
5512.500000	-64.174561
5523.266602	-54.165306
5534.033203	-58.498650
5544.799805	-58.467758
5555.566406	-58.073181
5566.333008	-66.501953
5577.099609	-55.011303
5587.866211	-48.299026
5598.632813	-41.609779
5609.399414	-40.966473
5620.166016	-46.434299
5630.932617	-54.374531
5641.699219	-61.299095
5652.465820	-57.623070
5663.232422	-57.682446
5673.999023	-59.531689
5684.765625	-65.833054
5695.532227	-58.737751
5706.298828	-52.060455
5717.065430	-58.943886
5727.832031	-67.002548
5738.598633	-67.018150
5749.365234	-66.041878
5760.131836	-74.264984
5770.898438	-91.754288
5781.665039	-71.580154
5792.431641	-66.478691
5803.198242	-66.145081
5813.964844	-68.791473
5824.731445	-75.735809
5835.498047	-66.936394
5846.264648	-67.033325
5857.031250	-71.640358
5867.797852	-84.988243
5878.564453	-67.365585
5889.331055	-68.433662
5900.097656	-71.949890
5910.864258	-66.971878
5921.630859	-70.394852
5932.397461	-78.502388
5943.164063	-64.272202
5953.930664	-66.265999
5964.697266	-67.841965
5975.463867	-69.173622
5986.230469	-73.687721
5996.997070	-83.578369
6007.763672	-75.833870
6018.530273	-67.304306
6029.296875	-66.746651
6040.063477	-73.513824
6050.830078	-77.961906
6061.596680	-68.726204
6072.363281	-71.017044
6083.129883	-71.804192
6093.896484	-69.581741
6104.663086	-69.199547
6115.429688	-67.233978
6126.196289	-70.659782
6136.962891	-74.179337
6147.729492	-72.975739
6158.496094	-85.195770
6169.262695	-78.828941
6180.029297	-69.346245
6190.795898	-64.280312
6201.562500	-61.863705
6212.329102	-62.921970
6223.095703	-66.601105
6233.862305	-63.025299
6244.628906	-76.164398
6255.395508	-66.055344
6266.162109	-61.285095
6276.928711	-62.513023
6287.695313	-62.037476
6298.461914	-68.697479
6309.228516	-67.280861
6319.995117	-62.388973
6330.761719	-58.537373
6341.528320	-55.076736
6352.294922	-56.477417
6363.061523	-65.598175
6373.828125	-69.204155
6384.594727	-74.500412
6395.361328	-59.171120
6406.127930	-57.286266
6416.894531	-60.400192
6427.661133	-69.454422
6438.427734	-73.390663
6449.194336	-68.476128
6459.960938	-65.877907
6470.727539	-70.270615
6481.494141	-80.334206
6492.260742	-68.769737
6503.027344	-65.611328
6513.793945	-67.828346
6524.560547	-75.217400
6535.327148	-74.090836
6546.093750	-72.157066
6556.860352	-71.609604
6567.626953	-72.348267
6578.393555	-78.137505
6589.160156	-76.135155
6599.926758	-72.137344
6610.693359	-74.010696
6621.459961	-77.858612
6632.226563	-88.196861
6642.993164	-75.623146
6653.759766	-72.886887
6664.526367	-73.690910
6675.292969	-72.810959
6686.059570	-86.156326
6696.826172	-73.215858
6707.592773	-79.365036
6718.359375	-79.833061
6729.125977	-80.072304
6739.892578	-82.676170
6750.659180	-81.196327
6761.425781	-70.728485
6772.192383	-68.825386
6782.958984	-66.564484
6793.725586	-65.036407
6804.492188	-64.633232
6815.258789	-65.547188
6826.025391	-65.249260
6836.791992	-63.068424
6847.558594	-63.449085
6858.325195	-66.098488
6869.091797	-75.053055
6879.858398	-64.639015
6890.625000	-60.522362
6901.391602	-59.535213
6912.158203	-62.518063
6922.924805	-59.454727
6933.691406	-60.615692
6944.458008	-63.025219
6955.224609	-66.836708
6965.991211	-72.521057
6976.757813	-75.003868
6987.524414	-71.007759
6998.291016	-68.771049
7009.057617	-63.841125
7019.824219	-63.964909
7030.590820	-67.506844
7041.357422	-69.048485
7052.124023	-71.271477
7062.890625	-70.015869
7073.657227	-64.811295
7084.423828	-62.189281
7095.190430	-63.873669
7105.957031	-67.685455
7116.723633	-67.666824
7127.490234	-68.513992
7138.256836	-69.247292
7149.023438	-71.362228
7159.790039	-69.535469
7170.556641	-68.926514
7181.323242	-73.836525
7192.089844	-72.401840
7202.856445	-76.409012
7213.623047	-84.021797
7224.389648	-88.872917
7235.156250	-73.830055
7245.922852	-66.009491
7256.689453	-66.213905
7267.456055	-65.406799
7278.222656	-67.338562
7288.989258	-71.262177
7299.755859	-74.306343
7310.522461	-78.608109
7321.289063	-90.290985
7332.055664	-83.505180
7342.822266	-73.099243
7353.588867	-71.864586
7364.355469	-71.734184
7375.122070	-79.543739
7385.888672	-77.235161
7396.655273	-77.649582
7407.421875	-80.354546
7418.188477	-79.963669
7428.955078	-73.784096
7439.721680	-73.175240
7450.488281	-81.100105
7461.254883	-90.378662
7472.021484	-82.204041
7482.788086	-77.594604
7493.554688	-69.679497
7504.321289	-66.139122
7515.087891	-66.490540
7525.854492	-67.186653
7536.621094	-64.853386
7547.387695	-64.262962
7558.154297	-62.026985
7568.920898	-62.995399
7579.687500	-63.924839
7590.454102	-65.276360
7601.220703	-68.366928
7611.987305	-71.566902
7622.753906	-70.807274
7633.520508	-70.965302
7644.287109	-72.844276
7655.053711	-70.461731
7665.820313	-67.631378
7676.586914	-68.419273
7687.353516	-69.069443
7698.120117	-69.218338
7708.886719	-68.832397
7719.653320	-70.561035
7730.419922	-71.913208
7741.186523	-68.421371
7751.953125	-76.044144
7762.719727	-83.823380
7773.486328	-82.580345
7784.252930	-76.757431
7795.019531	-80.306374
7805.786133	-80.342964
7816.552734	-77.131645
7827.319336	-85.467972
7838.085938	-75.814407
7848.852539	-74.227127
7859.619141	-75.948715
7870.385742	-78.298080
7881.152344	-77.408302
7891.918945	-79.012917
7902.685547	-82.192863
7913.452148	-79.054428
7924.218750	-72.604782
7934.985352	-75.397400
7945.751953	-74.068901
7956.518555	-74.279823
7967.285156	-72.582123
7978.051758	-70.187325
7988.818359	-71.025955
7999.584961	-70.820847
8010.351563	-69.529335
8021.118164	-68.720451
8031.884766	-73.485809
8042.651367	-68.366501
8053.417969	-67.585625
8064.184570	-66.016968
8074.951172	-65.244644
8085.717773	-68.678764
8096.484375	-68.849503
8107.250977	-68.667229
8118.017578	-67.113510
8128.784180	-66.977661
8139.550781	-65.205040
8150.317383	-67.513733
8161.083984	-78.636971
8171.850586	-73.326042
8182.617188	-69.214325
8193.383789	-68.296371
8204.150391	-70.657761
8214.916992	-75.995331
8225.683594	-78.387863
8236.450195	-77.431961
8247.216797	-88.534477
8257.983398	-75.788483
8268.750000	-71.671288
8279.516602	-70.368362
8290.283203	-70.566628
8301.049805	-70.526672
8311.816406	-68.556435
8322.583008	-67.842293
8333.349609	-70.510551
8344.116211	-77.792778
8354.882813	-72.821312
8365.649414	-72.110931
8376.416016	-71.914673
8387.182617	-75.847687
8397.949219	-76.772148
8408.715820	-71.810692
8419.482422	-69.352509
8430.249023	-69.526848
8441.015625	-69.660706
8451.782227	-67.660385
8462.548828	-70.525963
8473.315430	-69.316605
8484.082031	-69.081757
8494.848633	-73.487221
8505.615234	-73.826981
8516.381836	-79.737640
8527.148438	-74.466156
8537.915039	-73.123940
8548.681641	-70.533401
8559.448242	-69.777718
8570.214844	-72.218941
8580.981445	-74.677925
8591.748047	-80.723228
8602.514648	-80.181046
8613.281250	-75.804901
8624.047852	-72.661545
8634.814453	-63.660660
8645.581055	-66.438904
8656.347656	-78.861145
8667.114258	-71.326225
8677.880859	-71.974350
8688.647461	-85.147934
8699.414063	-75.368927
8710.180664	-76.812378
8720.947266	-84.447533
8731.713867	-72.595009
8742.480469	-69.699272
8753.247070	-70.357491
8764.013672	-74.779419
8774.780273	-82.346321
8785.546875	-68.906860
8796.313477	-65.378471
8807.080078	-62.017235
8817.846680	-64.558350
8828.613281	-67.916115
8839.379883	-72.633316
8850.146484	-69.069565
8860.913086	-68.524193
8871.679688	-68.592178
8882.446289	-73.855217
8893.212891	-69.272423
8903.979492	-66.364616
8914.746094	-68.812302
8925.512695	-69.197556
8936.279297	-70.219749
8947.045898	-70.031769
8957.812500	-69.466026
8968.579102	-66.666542
8979.345703	-67.614502
8990.112305	-70.139801
9000.878906	-74.702843
9011.645508	-73.023842
9022.412109	-70.295784
9033.178711	-69.894363
9043.945313	-77.063934
9054.711914	-84.982529
9065.478516	-71.990562
9076.245117	-66.089073
9087.011719	-66.798622
9097.778320	-70.932625
9108.544922	-81.024307
9119.311523	-84.925133
9130.078125	-71.627289
9140.844727	-71.186691
9151.611328	-74.848000
9162.377930	-79.788063
9173.144531	-78.716339
9183.911133	-73.819405
9194.677734	-73.289139
9205.444336	-74.129707
9216.210938	-72.900543
9226.977539	-79.003853
9237.744141	-85.132118
9248.510742	-88.728447
9259.277344	-82.042717
9270.043945	-76.673607
9280.810547	-70.016350
9291.577148	-69.723747
9302.343750	-69.722290
9313.110352	-67.309021
9323.876953	-70.562874
9334.643555	-73.243851
9345.410156	-68.401321
9356.176758	-69.776886
9366.943359	-76.154671
9377.709961	-73.288513
9388.476563	-75.611526
9399.243164	-74.177261
9410.009766	-76.920242
9420.776367	-73.350937
9431.542969	-78.178764
9442.309570	-72.325905
9453.076172	-74.892921
9463.842773	-73.253571
9474.609375	-69.769363
9485.375977	-67.003563
9496.142578	-63.942455
9506.909180	-69.485939
9517.675781	-71.868073
9528.442383	-76.614357
9539.208984	-85.025215
9549.975586	-80.098373
9560.742188	-72.615295
9571.508789	-77.154793
9582.275391	-77.798676
9593.041992	-70.140572
9603.808594	-67.874947
9614.575195	-70.706177
9625.341797	-61.790344
9636.108398	-58.067646
9646.875000	-66.665825
9657.641602	-84.324158
9668.408203	-68.907722
9679.174805	-65.430504
9689.941406	-63.523731
9700.708008	-63.310181
9711.474609	-64.843964
9722.241211	-69.623177
9733.007813	-77.896080
9743.774414	-84.224998
9754.541016	-87.055908
9765.307617	-92.684425
9776.074219	-84.247612
9786.840820	-80.365219
9797.607422	-81.671692
9808.374023	-86.877335
9819.140625	-82.332336
9829.907227	-75.424812
9840.673828	-71.410515
9851.440430	-70.475082
9862.207031	-68.313927
9872.973633	-67.818672
9883.740234	-64.964897
9894.506836	-64.796219
9905.273438	-69.408005
9916.040039	-69.210411
9926.806641	-65.746826
9937.573242	-73.037224
9948.339844	-64.649727
9959.106445	-58.687908
9969.873047	-54.451351
9980.639648	-52.578033
9991.406250	-52.025043
10002.172852	-53.656288
10012.939453	-56.283539
10023.706055	-60.943497
10034.472656	-67.199547
10045.239258	-78.832329
10056.005859	-70.645714
10066.772461	-66.837288
10077.539063	-66.051056
10088.305664	-67.474884
10099.072266	-70.459084
10109.838867	-75.255096
10120.605469	-74.882423
10131.372070	-72.003204
10142.138672	-73.227577
10152.905273	-74.664635
10163.671875	-73.713448
10174.438477	-74.176971
10185.205078	-73.847626
10195.971680	-78.370583
10206.738281	-78.558784
10217.504883	-83.757042
10228.271484	-85.800346
10239.038086	-81.055771
10249.804688	-80.283813
10260.571289	-76.847359
10271.337891	-69.295761
10282.104492	-68.069206
10292.871094	-74.532837
10303.637695	-73.804192
10314.404297	-70.423660
10325.170898	-66.867577
10335.937500	-69.830391
10346.704102	-68.905609
10357.470703	-67.643692
10368.237305	-72.198769
10379.003906	-78.369499
10389.770508	-63.691139
10400.537109	-61.900139
10411.303711	-78.407013
10422.070313	-70.048874
10432.836914	-71.345673
10443.603516	-69.994553
10454.370117	-69.457626
10465.136719	-68.006241
10475.903320	-68.826363
10486.669922	-75.334846
10497.436523	-80.376984
10508.203125	-72.614082
10518.969727	-74.348228
10529.736328	-81.784302
10540.502930	-82.911385
10551.269531	-83.819633
10562.036133	-86.091698
10572.802734	-104.883812
10583.569336	-93.010391
10594.335938	-74.019058
10605.102539	-69.911491
10615.869141	-73.347404
10626.635742	-80.240402
10637.402344	-70.153427
10648.168945	-66.749359
10658.935547	-77.350029
10669.702148	-65.275505
10680.468750	-63.832943
10691.235352	-66.986244
10702.001953	-68.092316
10712.768555	-69.008919
10723.535156	-72.998116
10734.301758	-75.268845
10745.068359	-72.159027
10755.834961	-67.131310
10766.601563	-66.768997
10777.368164	-57.056992
10788.134766	-54.460358
10798.901367	-53.726227
10809.667969	-54.180771
10820.434570	-56.419102
10831.201172	-60.990833
10841.967773	-69.984283
10852.734375	-76.355949
10863.500977	-69.224770
10874.267578	-72.749634
10885.034180	-73.986061
10895.800781	-72.764046
10906.567383	-69.520798
10917.333984	-71.779358
10928.100586	-72.746208
10938.867188	-75.180573
10949.633789	-76.466919
10960.400391	-78.683479
10971.166992	-84.394722
10981.933594	-79.828384
10992.700195	-76.151672
11003.466797	-77.761742
11014.233398	-82.369835
11025.000000	-98.781044
11035.766602	-83.443878
11046.533203	-83.980751
11057.299805	-79.633003
11068.066406	-73.081726
11078.833008	-71.404854
11089.599609	-67.534798
11100.366211	-66.840431
11111.132813	-68.323853
11121.899414	-69.457726
11132.666016	-69.942535
11143.432617	-79.227379
11154.199219	-79.731941
11164.965820	-74.798424
11175.732422	-72.952927
11186.499023	-73.671661
11197.265625	-72.788658
11208.032227	-77.004448
11218.798828	-85.294853
11229.565430	-87.086205
11240.332031	-74.277512
11251.098633	-70.866379
11261.865234	-72.070549
11272.631836	-73.010704
11283.398438	-73.287071
11294.165039	-73.899178
11304.931641	-81.799690
11315.698242	-73.249069
11326.464844	-73.086609
11337.231445	-72.333725
11347.998047	-75.207520
11358.764648	-78.867180
11369.531250	-74.757904
11380.297852	-73.516861
11391.064453	-75.451920
11401.831055	-74.622833
11412.597656	-71.301613
11423.364258	-70.891136
11434.130859	-65.827751
11444.897461	-67.161118
11455.664063	-76.274025
11466.430664	-72.351936
11477.197266	-71.841713
11487.963867	-71.743057
11498.730469	-72.968941
11509.497070	-73.877029
11520.263672	-76.338303
11531.030273	-79.465317
11541.796875	-77.697014
11552.563477	-73.721115
11563.330078	-71.991608
11574.096680	-74.251328
11584.863281	-72.317101
11595.629883	-74.977745
11606.396484	-78.693413
11617.163086	-99.135674
11627.929688	-76.057648
11638.696289	-71.662407
11649.462891	-79.207870
11660.229492	-80.602554
11670.996094	-85.494957
11681.762695	-80.296143
11692.529297	-78.086517
11703.295898	-72.972153
11714.062500	-72.499146
11724.829102	-72.425774
11735.595703	-76.367867
11746.362305	-77.846581
11757.128906	-89.434402
11767.895508	-92.701012
11778.662109	-87.065628
11789.428711	-77.712639
11800.195313	-76.069420
11810.961914	-73.085976
11821.728516	-75.139580
11832.495117	-77.374901
11843.261719	-81.257835
11854.028320	-74.414429
11864.794922	-73.965836
11875.561523	-72.447777
11886.328125	-73.511436
11897.094727	-76.597481
11907.861328	-76.039497
11918.627930	-76.312576
11929.394531	-72.955376
11940.161133	-72.466705
11950.927734	-77.532616
11961.694336	-74.675056
11972.460938	-72.715294
11983.227539	-74.816017
11993.994141	-75.642494
12004.760742	-82.072594
12015.527344	-81.484459
12026.293945	-84.971367
12037.060547	-84.013802
12047.827148	-81.465599
12058.593750	-79.027611
12069.360352	-78.875450
12080.126953	-80.049957
12090.893555	-88.938141
12101.660156	-90.703369
12112.426758	-87.673271
12123.193359	-93.560310
12133.959961	-77.902672
12144.726563	-74.555679
12155.493164	-81.734215
12166.259766	-80.780365
12177.026367	-75.486046
12187.792969	-79.843231
12198.559570	-79.961823
12209.326172	-74.547157
12220.092773	-82.051872
12230.859375	-80.712250
12241.625977	-84.258774
12252.392578	-89.842873
12263.159180	-93.968056
12273.925781	-85.139015
12284.692383	-77.172066
12295.458984	-77.076042
12306.225586	-76.001228
12316.992188	-78.507950
12327.758789	-74.312531
12338.525391	-71.918846
12349.291992	-78.810493
12360.058594	-85.428932
12370.825195	-79.856575
12381.591797	-80.321060
12392.358398	-81.890511
12403.125000	-75.040092
12413.891602	-71.880775
12424.658203	-68.078094
12435.424805	-62.574421
12446.191406	-65.750450
12456.958008	-74.497757
12467.724609	-74.236679
12478.491211	-71.313034
12489.257813	-71.655815
12500.024414	-74.432938
12510.791016	-78.941200
12521.557617	-83.426956
12532.324219	-80.680870
12543.090820	-82.606216
12553.857422	-91.412231
12564.624023	-83.952400
12575.390625	-89.015671
12586.157227	-84.257668
12596.923828	-76.335602
12607.690430	-78.103783
12618.457031	-76.168800
12629.223633	-73.635231
12639.990234	-97.035118
12650.756836	-79.153999
12661.523438	-76.809639
12672.290039	-78.612778
12683.056641	-78.422546
12693.823242	-78.913322
12704.589844	-77.848854
12715.356445	-77.653305
12726.123047	-77.937332
12736.889648	-75.788872
12747.656250	-79.169518
12758.422852	-84.293205
12769.189453	-85.963097
12779.956055	-90.103432
12790.722656	-93.649567
12801.489258	-88.172798
12812.255859	-88.335991
12823.022461	-82.477821
12833.789063	-85.113106
12844.555664	-92.182320
12855.322266	-97.839958
12866.088867	-99.101028
12876.855469	-104.541794
12887.622070	-95.809166
12898.388672	-88.706779
12909.155273	-83.491417
12919.921875	-82.485130
12930.688477	-81.912369
12941.455078	-92.095207
12952.221680	-88.595726
12962.988281	-90.307938
12973.754883	-95.470314
12984.521484	-86.152229
12995.288086	-107.862213
13006.054688	-85.738518
13016.821289	-81.237335
13027.587891	-87.300713
13038.354492	-91.527283
13049.121094	-91.787819
13059.887695	-100.148033
13070.654297	-88.021004
13081.420898	-85.700584
13092.187500	-93.112244
13102.954102	-87.641022
13113.720703	-86.694397
13124.487305	-89.927719
13135.253906	-84.357224
13146.020508	-79.227493
13156.787109	-86.052345
13167.553711	-81.364174
13178.320313	-84.793556
13189.086914	-78.510574
13199.853516	-76.604759
13210.620117	-76.536888
13221.386719	-77.805588
13232.153320	-75.392441
13242.919922	-77.903046
13253.686523	-76.138824
13264.453125	-76.374596
13275.219727	-78.731895
13285.986328	-79.342232
13296.752930	-84.074165
13307.519531	-85.861725
13318.286133	-111.095024
13329.052734	-92.302055
13339.819336	-94.588440
13350.585938	-91.637924
13361.352539	-81.755638
13372.119141	-85.936729
13382.885742	-83.640602
13393.652344	-76.368546
13404.418945	-82.743980
13415.185547	-84.826775
13425.952148	-79.001007
13436.718750	-81.833878
13447.485352	-86.483063
13458.251953	-80.470390
13469.018555	-71.054100
13479.785156	-69.631844
13490.551758	-74.339622
13501.318359	-86.377609
13512.084961	-90.937828
13522.851563	-89.845139
13533.618164	-85.784615
13544.384766	-77.553719
13555.151367	-79.993599
13565.917969	-81.075203
13576.684570	-75.956490
13587.451172	-85.776062
13598.217773	-79.620522
13608.984375	-80.381905
13619.750977	-81.941406
13630.517578	-85.277718
13641.284180	-82.477150
13652.050781	-79.846344
13662.817383	-82.750130
13673.583984	-98.721535
13684.350586	-82.312958
13695.117188	-82.600121
13705.883789	-74.241249
13716.650391	-78.076332
13727.416992	-81.302284
13738.183594	-83.156006
13748.950195	-96.331367
13759.716797	-85.556984
13770.483398	-81.158607
13781.250000	-90.158485
13792.016602	-93.589790
13802.783203	-90.694557
13813.549805	-82.503242
13824.316406	-83.065414
13835.083008	-79.696938
13845.849609	-79.886978
13856.616211	-81.773438
13867.382813	-98.712906
13878.149414	-73.571655
13888.916016	-75.042473
13899.682617	-79.563667
13910.449219	-85.480118
13921.215820	-80.471146
13931.982422	-88.219040
13942.749023	-82.346474
13953.515625	-92.055008
13964.282227	-86.548187
13975.048828	-90.939972
13985.815430	-88.955788
13996.582031	-82.755249
14007.348633	-83.030716
14018.115234	-83.918251
14028.881836	-83.110306
14039.648438	-84.193069
14050.415039	-84.836884
14061.181641	-84.435677
14071.948242	-84.337303
14082.714844	-88.540619
14093.481445	-85.154839
14104.248047	-84.443382
14115.014648	-95.072403
14125.781250	-87.970818
14136.547852	-87.894142
14147.314453	-84.377663
14158.081055	-84.441483
14168.847656	-95.806023
14179.614258	-88.453987
14190.380859	-84.863480
14201.147461	-85.947418
14211.914063	-92.031044
14222.680664	-83.063126
14233.447266	-83.197258
14244.213867	-97.379997
14254.980469	-86.659195
14265.747070	-90.969322
14276.513672	-84.856995
14287.280273	-87.979378
14298.046875	-93.545403
14308.813477	-82.918655
14319.580078	-83.705299
14330.346680	-88.093277
14341.113281	-83.476143
14351.879883	-77.651428
14362.646484	-76.791924
14373.413086	-82.754189
14384.179688	-87.810455
14394.946289	-94.095596
14405.712891	-82.721718
14416.479492	-83.485237
14427.246094	-84.554024
14438.012695	-87.543640
14448.779297	-84.406212
14459.545898	-81.866417
14470.312500	-83.100540
14481.079102	-88.710945
14491.845703	-81.705528
14502.612305	-85.857994
14513.378906	-79.958710
14524.145508	-80.975937
14534.912109	-84.776344
14545.678711	-81.655357
14556.445313	-73.898399
14567.211914	-66.042389
14577.978516	-68.171303
14588.745117	-80.088936
14599.511719	-95.609161
14610.278320	-108.720482
14621.044922	-79.141525
14631.811523	-77.419647
14642.578125	-82.136887
14653.344727	-84.070053
14664.111328	-77.698486
14674.877930	-70.948242
14685.644531	-73.655014
14696.411133	-72.018425
14707.177734	-68.446777
14717.944336	-77.241959
14728.710938	-85.165878
14739.477539	-79.968674
14750.244141	-82.508736
14761.010742	-87.907814
14771.777344	-87.833344
14782.543945	-84.386612
14793.310547	-86.800194
14804.077148	-89.270302
14814.843750	-91.947861
14825.610352	-93.524010
14836.376953	-97.571747
14847.143555	-104.458923
14857.910156	-88.481644
14868.676758	-84.231262
14879.443359	-83.317909
14890.209961	-82.251930
14900.976563	-87.556015
14911.743164	-80.057831
14922.509766	-90.931236
14933.276367	-85.060341
14944.042969	-89.579262
14954.809570	-80.365997
14965.576172	-106.905312
14976.342773	-81.636101
14987.109375	-83.556389
14997.875977	-82.231918
15008.642578	-85.754929
15019.409180	-89.825348
15030.175781	-81.870880
15040.942383	-73.755760
15051.708984	-71.439178
15062.475586	-75.748596
15073.242188	-74.241333
15084.008789	-73.885818
15094.775391	-81.970764
15105.541992	-77.864868
15116.308594	-84.048668
15127.075195	-80.002686
15137.841797	-88.483742
15148.608398	-83.189850
15159.375000	-90.121948
15170.141602	-87.734619
15180.908203	-89.070320
15191.674805	-82.682137
15202.441406	-81.761848
15213.208008	-81.569199
15223.974609	-82.853088
15234.741211	-83.254837
15245.507813	-91.123138
15256.274414	-84.990120
15267.041016	-84.478348
15277.807617	-92.208046
15288.574219	-82.295197
15299.340820	-80.342979
15310.107422	-93.052002
15320.874023	-79.603775
15331.640625	-76.434189
15342.407227	-75.552185
15353.173828	-76.189262
15363.940430	-84.747116
15374.707031	-82.364738
15385.473633	-82.305420
15396.240234	-82.788422
15407.006836	-94.338112
15417.773438	-78.844994
15428.540039	-80.064346
15439.306641	-83.782265
15450.073242	-96.758720
15460.839844	-90.692116
15471.606445	-83.825844
15482.373047	-84.563812
15493.139648	-90.484154
15503.906250	-81.953766
15514.672852	-79.415642
15525.439453	-82.053986
15536.206055	-81.352135
15546.972656	-83.613548
15557.739258	-84.858482
15568.505859	-85.960648
15579.272461	-95.359802
15590.039063	-86.764641
15600.805664	-88.253853
15611.572266	-89.952385
15622.338867	-85.805176
15633.105469	-89.954185
15643.872070	-84.185013
15654.638672	-86.330772
15665.405273	-92.928535
15676.171875	-98.337357
15686.938477	-87.620918
15697.705078	-87.812721
15708.471680	-76.485611
15719.238281	-70.946594
15730.004883	-72.377907
15740.771484	-73.348221
15751.538086	-70.000168
15762.304688	-76.123009
15773.071289	-77.162392
15783.837891	-74.408157
15794.604492	-76.583267
15805.371094	-84.597839
15816.137695	-81.796333
15826.904297	-77.371956
15837.670898	-81.848541
15848.437500	-65.318779
15859.204102	-67.073013
15869.970703	-69.305542
15880.737305	-72.198578
15891.503906	-73.276886
15902.270508	-78.582253
15913.037109	-91.261665
15923.803711	-90.514458
15934.570313	-84.909798
15945.336914	-84.476471
15956.103516	-91.971863
15966.870117	-87.620102
15977.636719	-85.757957
15988.403320	-90.628059
15999.169922	-91.638138
16009.936523	-84.727020
16020.703125	-84.091179
16031.469727	-83.157852
16042.236328	-86.458183
16053.002930	-89.410339
16063.769531	-90.945091
16074.536133	-81.701248
16085.302734	-82.551613
16096.069336	-85.836693
16106.835938	-80.389801
16117.602539	-80.907845
16128.369141	-75.614899
16139.135742	-78.562569
16149.902344	-89.910088
16160.668945	-84.390877
16171.435547	-92.441422
16182.202148	-92.072578
16192.968750	-96.940453
16203.735352	-84.300926
16214.501953	-86.347458
16225.268555	-83.965019
16236.035156	-77.410309
16246.801758	-76.631310
16257.568359	-76.664528
16268.334961	-77.527962
16279.101563	-79.426353
16289.868164	-82.424171
16300.634766	-82.569275
16311.401367	-91.009117
16322.167969	-84.257942
16332.934570	-80.585358
16343.701172	-87.366776
16354.467773	-98.446808
16365.234375	-98.536499
16376.000977	-87.849434
16386.767578	-84.043335
16397.534180	-81.789108
16408.300781	-79.025085
16419.067383	-80.359772
16429.833984	-82.302551
16440.600586	-85.003387
16451.367188	-85.214836
16462.133789	-85.793922
16472.900391	-99.283234
16483.666992	-83.960167
16494.433594	-86.242264
16505.200195	-86.255257
16515.966797	-88.500633
16526.733398	-87.536148
16537.500000	-83.488472
16548.266602	-86.263008
16559.033203	-84.888786
16569.799805	-83.776619
16580.566406	-91.501297
16591.333008	-85.805748
16602.099609	-85.084541
16612.866211	-83.095634
16623.632813	-79.310059
16634.399414	-76.789970
16645.166016	-81.939491
16655.932617	-76.078636
16666.699219	-79.522461
16677.465820	-80.326393
16688.232422	-77.689774
16698.999023	-79.897621
16709.765625	-78.328049
16720.532227	-76.841644
16731.298828	-79.489784
16742.065430	-90.854568
16752.832031	-82.371124
16763.598633	-88.192413
16774.365234	-89.487709
16785.131836	-103.719246
16795.898438	-93.014214
16806.665039	-88.036270
16817.431641	-82.252907
16828.198242	-90.559807
16838.964844	-87.188591
16849.731445	-85.067451
16860.498047	-83.157883
16871.264648	-79.982918
16882.031250	-81.056854
16892.797852	-87.683693
16903.564453	-79.848145
16914.331055	-82.043816
16925.097656	-82.502251
16935.864258	-86.772591
16946.630859	-85.738777
16957.397461	-95.757088
16968.164063	-92.030228
16978.930664	-86.515015
16989.697266	-84.931458
17000.463867	-78.570160
17011.230469	-82.973419
17021.997070	-81.754471
17032.763672	-81.630722
17043.530273	-77.870514
17054.296875	-83.600975
17065.063477	-82.221069
17075.830078	-80.165260
17086.596680	-86.699173
17097.363281	-82.527748
17108.129883	-82.663116
17118.896484	-85.420868
17129.663086	-83.031662
17140.429688	-81.882393
17151.196289	-82.892319
17161.962891	-85.905075
17172.729492	-95.567741
17183.496094	-95.249649
17194.262695	-95.968407
17205.029297	-91.513023
17215.795898	-84.495682
17226.562500	-95.198677
17237.329102	-83.055527
17248.095703	-80.901459
17258.862305	-81.800941
17269.628906	-73.918602
17280.395508	-73.708260
17291.162109	-80.644989
17301.928711	-77.706177
17312.695313	-76.441429
17323.461914	-84.497139
17334.228516	-81.864197
17344.995117	-80.069580
17355.761719	-84.643578
17366.528320	-88.944740
17377.294922	-92.392181
17388.061523	-86.906105
17398.828125	-81.019302
17409.594727	-77.481316
17420.361328	-84.229111
17431.127930	-82.732246
17441.894531	-83.696648
17452.661133	-97.844383
17463.427734	-89.955551
17474.194336	-89.065468
17484.960938	-84.639496
17495.727539	-80.252625
17506.494141	-76.161354
17517.260742	-76.849152
17528.027344	-90.731186
17538.793945	-98.139244
17549.560547	-93.944778
17560.327148	-86.539185
17571.093750	-89.717125
17581.860352	-85.878929
17592.626953	-82.830215
17603.393555	-79.384048
17614.160156	-86.800781
17624.926758	-92.719887
17635.693359	-96.868423
17646.459961	-89.125542
17657.226563	-82.795128
17667.993164	-81.285721
17678.759766	-81.576958
17689.526367	-91.449188
17700.292969	-82.365273
17711.059570	-78.588806
17721.826172	-86.947006
17732.592773	-81.889015
17743.359375	-79.696602
17754.125977	-78.383522
17764.892578	-78.132523
17775.659180	-78.139038
17786.425781	-78.871819
17797.192383	-78.977913
17807.958984	-79.974815
17818.725586	-82.278481
17829.492188	-85.172516
17840.258789	-93.140602
17851.025391	-87.509750
17861.791992	-85.988068
17872.558594	-85.065247
17883.325195	-88.329338
17894.091797	-91.111801
17904.858398	-93.874596
17915.625000	-86.624596
17926.391602	-88.343498
17937.158203	-90.949471
17947.924805	-91.586853
17958.691406	-88.658134
17969.458008	-84.243141
17980.224609	-85.326736
17990.991211	-87.740898
18001.757813	-95.415382
18012.524414	-90.107521
18023.291016	-90.145691
18034.057617	-85.304344
18044.824219	-90.007141
18055.590820	-88.940247
18066.357422	-91.633766
18077.124023	-85.399216
18087.890625	-81.651886
18098.657227	-85.360382
18109.423828	-80.584908
18120.190430	-90.887817
18130.957031	-94.893494
18141.723633	-89.380722
18152.490234	-87.827637
18163.256836	-88.032211
18174.023438	-93.282166
18184.790039	-90.058624
18195.556641	-89.140549
18206.323242	-81.741989
18217.089844	-81.479431
18227.856445	-88.877800
18238.623047	-84.629723
18249.389648	-86.285660
18260.156250	-90.345238
18270.922852	-83.515282
18281.689453	-88.053162
18292.456055	-86.190338
18303.222656	-83.410255
18313.989258	-87.071770
18324.755859	-86.957520
18335.522461	-85.269798
18346.289063	-87.025993
18357.055664	-85.511200
18367.822266	-85.100075
18378.588867	-91.674355
18389.355469	-87.870613
18400.122070	-87.601257
18410.888672	-89.382996
18421.655273	-102.945450
18432.421875	-91.253662
18443.188477	-91.656631
18453.955078	-87.270531
18464.721680	-93.651619
18475.488281	-93.691864
18486.254883	-99.196991
18497.021484	-94.358315
18507.788086	-97.906784
18518.554688	-92.118401
18529.321289	-102.291977
18540.087891	-98.457367
18550.854492	-97.374168
18561.621094	-97.328583
18572.387695	-95.135193
18583.154297	-97.746635
18593.920898	-96.286621
18604.687500	-106.736008
18615.454102	-87.732529
18626.220703	-97.219650
18636.987305	-98.484665
18647.753906	-102.348717
18658.520508	-102.896606
18669.287109	-96.148460
18680.053711	-113.864632
18690.820313	-91.258789
18701.586914	-93.816933
18712.353516	-96.414207
18723.120117	-106.282486
18733.886719	-94.136345
18744.653320	-108.198082
18755.419922	-95.432167
18766.186523	-96.129326
18776.953125	-93.552185
18787.719727	-99.060379
18798.486328	-96.439026
18809.252930	-101.153069
18820.019531	-100.177681
18830.786133	-102.028236
18841.552734	-111.264641
18852.319336	-107.497795
18863.085938	-106.324165
18873.852539	-96.845543
18884.619141	-104.506546
18895.385742	-99.796265
18906.152344	-96.621933
18916.918945	-98.405350
18927.685547	-91.697983
18938.452148	-88.297539
18949.218750	-88.372856
18959.985352	-99.311943
18970.751953	-96.094063
18981.518555	-98.013695
18992.285156	-95.519112
19003.051758	-96.647362
19013.818359	-92.393044
19024.584961	-96.149323
19035.351563	-102.159714
19046.118164	-92.740425
19056.884766	-96.205269
19067.651367	-99.101013
19078.417969	-93.346191
19089.184570	-99.893478
19099.951172	-92.689011
19110.717773	-98.425362
19121.484375	-97.154457
19132.250977	-100.540894
19143.017578	-101.888161
19153.784180	-101.736084
19164.550781	-96.552536
19175.317383	-95.274170
19186.083984	-108.154907
19196.850586	-98.437325
19207.617188	-96.443474
19218.383789	-88.050789
19229.150391	-97.492249
19239.916992	-100.226952
19250.683594	-96.578110
19261.450195	-98.016846
19272.216797	-99.282028
19282.983398	-96.886391
19293.750000	-108.116241
19304.516602	-101.390244
19315.283203	-110.383842
19326.049805	-93.054039
19336.816406	-96.883446
19347.583008	-99.891319
19358.349609	-93.371666
19369.116211	-97.535851
19379.882813	-93.467453
19390.649414	-100.211739
19401.416016	-107.458290
19412.182617	-95.960297
19422.949219	-101.474327
19433.715820	-96.375610
19444.482422	-90.370033
19455.249023	-101.579147
19466.015625	-94.878975
19476.782227	-94.965843
19487.548828	-96.589981
19498.315430	-101.986488
19509.082031	-93.750275
19519.848633	-101.131432
19530.615234	-102.760925
19541.381836	-115.699539
19552.148438	-110.557022
19562.915039	-92.242950
19573.681641	-98.074448
19584.448242	-101.609215
19595.214844	-98.178619
19605.981445	-110.301338
19616.748047	-95.812897
19627.514648	-95.150406
19638.281250	-82.219063
19649.047852	-82.295692
19659.814453	-92.216850
19670.581055	-100.122566
19681.347656	-98.917313
19692.114258	-89.051773
19702.880859	-91.926102
19713.647461	-96.205795
19724.414063	-96.345657
19735.180664	-92.611023
19745.947266	-98.142807
19756.713867	-94.364784
19767.480469	-89.135750
19778.247070	-84.048401
19789.013672	-92.425133
19799.780273	-98.685562
19810.546875	-96.578156
19821.313477	-86.795280
19832.080078	-90.033569
19842.846680	-90.799469
19853.613281	-91.555984
19864.379883	-105.281326
19875.146484	-94.562813
19885.913086	-97.887657
19896.679688	-103.213821
19907.446289	-98.129356
19918.212891	-93.914413
19928.979492	-100.232262
19939.746094	-92.160675
19950.512695	-89.532127
19961.279297	-94.393089
19972.045898	-92.337875
19982.812500	-95.943497
19993.579102	-96.283577
20004.345703	-97.682800
20015.112305	-88.639748
20025.878906	-93.552261
20036.645508	-91.136803
20047.412109	-97.362778
20058.178711	-99.636650
20068.945313	-90.784142
20079.711914	-96.193970
20090.478516	-87.502007
20101.245117	-84.476463
20112.011719	-79.556473
20122.778320	-80.593575
20133.544922	-78.912415
20144.311523	-81.127106
20155.078125	-83.350151
20165.844727	-86.861382
20176.611328	-95.759697
20187.377930	-96.140259
20198.144531	-98.463646
20208.911133	-94.154419
20219.677734	-88.607155
20230.444336	-98.220024
20241.210938	-101.736954
20251.977539	-93.682549
20262.744141	-109.615440
20273.510742	-94.097801
20284.277344	-90.491348
20295.043945	-97.493553
20305.810547	-96.241989
20316.577148	-100.600159
20327.343750	-96.342194
20338.110352	-90.071640
20348.876953	-91.040993
20359.643555	-94.944588
20370.410156	-91.313103
20381.176758	-104.543388
20391.943359	-93.863174
20402.709961	-123.486763
20413.476563	-86.573524
20424.243164	-97.930145
20435.009766	-95.498741
20445.776367	-89.919945
20456.542969	-91.280876
20467.309570	-92.116272
20478.076172	-100.879105
20488.842773	-91.785576
20499.609375	-87.609985
20510.375977	-95.888779
20521.142578	-100.049568
20531.909180	-84.865067
20542.675781	-90.619385
20553.442383	-92.125244
20564.208984	-86.293900
20574.975586	-95.788216
20585.742188	-97.042686
20596.508789	-90.719917
20607.275391	-91.775085
20618.041992	-98.627388
20628.808594	-106.672981
20639.575195	-105.250298
20650.341797	-97.316414
20661.108398	-93.710747
20671.875000	-100.635063
20682.641602	-112.857658
20693.408203	-101.498718
20704.174805	-94.368729
20714.941406	-96.488449
20725.708008	-94.089050
20736.474609	-106.656120
20747.241211	-92.689903
20758.007813	-93.747894
20768.774414	-98.078545
20779.541016	-90.890434
20790.307617	-91.214478
20801.074219	-101.653076
20811.840820	-88.902855
20822.607422	-93.942947
20833.374023	-90.552452
20844.140625	-90.562180
20854.907227	-95.683739
20865.673828	-89.304771
20876.440430	-97.189560
20887.207031	-88.202248
20897.973633	-96.446480
20908.740234	-83.108925
20919.506836	-77.808662
20930.273438	-85.817589
20941.040039	-81.156487
20951.806641	-82.848061
20962.573242	-86.098068
20973.339844	-87.045074
20984.106445	-117.243790
20994.873047	-99.444893
21005.639648	-100.682388
21016.406250	-95.069550
21027.172852	-96.405678
21037.939453	-96.521973
21048.706055	-93.667229
21059.472656	-104.420189
21070.239258	-109.340683
21081.005859	-98.278961
21091.772461	-101.535088
21102.539063	-95.427689
21113.305664	-93.367416
21124.072266	-97.039429
21134.838867	-98.149933
21145.605469	-107.899345
21156.372070	-106.329079
21167.138672	-103.903831
21177.905273	-95.643959
21188.671875	-99.157249
21199.438477	-99.452507
21210.205078	-102.266647
21220.971680	-97.441780
21231.738281	-96.578857
21242.504883	-100.812592
21253.271484	-101.306000
21264.038086	-98.779900
21274.804688	-99.139359
21285.571289	-99.468224
21296.337891	-101.171806
21307.104492	-97.380577
21317.871094	-106.250313
21328.637695	-90.872055
21339.404297	-90.827652
21350.170898	-94.615913
21360.937500	-104.166428
21371.704102	-98.655838
21382.470703	-99.261284
21393.237305	-99.042671
21404.003906	-92.806503
21414.770508	-96.686211
21425.537109	-90.756264
21436.303711	-89.330193
21447.070313	-94.801750
21457.836914	-97.826469
21468.603516	-108.143532
21479.370117	-111.384064
21490.136719	-94.438194
21500.903320	-101.941391
21511.669922	-94.808075
21522.436523	-95.303658
21533.203125	-103.064407
21543.969727	-111.036575
21554.736328	-98.946289
21565.502930	-98.559151
21576.269531	-94.577141
21587.036133	-102.520859
21597.802734	-94.354301
21608.569336	-94.283417
21619.335938	-95.026810
21630.102539	-97.480331
21640.869141	-98.099152
21651.635742	-106.787102
21662.402344	-101.782707
21673.168945	-101.141708
21683.935547	-94.586594
21694.702148	-90.767235
21705.468750	-100.101280
21716.235352	-104.576454
21727.001953	-112.328575
21737.768555	-104.485397
21748.535156	-111.222412
21759.301758	-101.082054
21770.068359	-102.165092
21780.834961	-101.118858
21791.601563	-114.154045
21802.368164	-100.392578
21813.134766	-98.355888
21823.901367	-102.784340
21834.667969	-101.469704
21845.434570	-104.894508
21856.201172	-99.102661
21866.967773	-104.835258
21877.734375	-97.646172
21888.500977	-91.740326
21899.267578	-102.731918
21910.034180	-96.262039
21920.800781	-100.034485
21931.567383	-98.420189
21942.333984	-100.154854
21953.100586	-100.598534
21963.867188	-103.489388
21974.633789	-98.407341
21985.400391	-93.704681
21996.166992	-94.818611
22006.933594	-89.846764
22017.700195	-89.834427
22028.466797	-95.038826
22039.233398	-100.593163
