-3.691360e-001  
2.977465e-001  
1.520351e-001  
-8.297144e-001  
9.139135e-001  
-3.493124e-001  
-3.270900e-001  
1.020182e+000  
-1.550317e+000  
9.680105e-001  
7.927901e-001  
-2.658678e+000  
3.463699e+000  
-2.497047e+000  
1.113708e+000  
-7.124071e-001  
7.778645e-001  
-7.621205e-001  
2.352493e-001  
6.078380e-002  
1.129854e+000  
-1.505213e+000  
-1.222256e-001  
2.267126e+000  
-3.829403e+000  
4.273290e+000  
-3.690232e+000  
1.294247e+000  
-3.381823e-001  
2.770213e+000  
-5.422626e+000  
5.202915e+000  
5.565554e-001  
-6.834815e+000  
5.900467e+000  
-4.420405e+000  
1.058291e+001  
-1.081192e+001  
2.672675e+000  
-4.961054e+000  
1.255338e+001  
-1.524823e+001  
1.655068e+001  
-1.064704e+001  
-4.461842e-001  
7.708075e+000  
-4.922086e+000  
-4.022038e+000  
2.479584e+000  
4.992028e+000  
-1.011717e+001  
1.518102e+001  
-1.599898e+001  
1.325520e+001  
-2.298083e+001  
3.375959e+001  
-2.187579e+001  
1.080807e+001  
-1.071258e+001  
6.866150e+000  
-3.317245e-001  
-6.127114e+000  
1.254361e+001  
-1.039621e+001  
7.757527e-001  
-3.736190e+000  
2.039030e+001  
-2.985468e+001  
1.308447e+001  
6.545258e+000  
1.271629e+000  
-1.148873e+001  
2.121567e+000  
1.106938e+001  
-1.172516e+001  
7.580868e+000  
-9.291514e+000  
8.988831e+000  
1.342660e+000  
-1.589098e+001  
2.412944e+001  
-2.295932e+001  
1.151615e+001  
-4.737865e-001  
4.894713e+000  
-9.834717e+000  
1.053327e+001  
-1.576552e+001  
1.262624e+001  
-7.564329e+000  
8.373178e+000  
-4.455822e+000  
7.585456e+000  
-1.463247e+001  
5.650098e+000  
-7.958984e+000  
2.334997e+001  
-1.499963e+001  
1.594731e+000  
1.744300e+000  
-1.566178e+001  
3.088596e+001  
-3.627977e+001  
3.742612e+001  
-1.752862e+001  
-1.744460e+001  
2.424292e+001  
-2.096578e+000  
-9.869917e+000  
1.001674e+001  
-1.423279e+001  
8.264051e+000  
-2.330327e+000  
7.300580e+000  
4.731060e+000  
-2.963916e+001  
3.609421e+001  
-1.726960e+001  
-2.638711e+000  
6.605778e+000  
-4.166267e+000  
-7.178248e+000  
2.561919e+001  
-2.219567e+001  
-9.130819e-001  
1.164619e+001  
-1.085036e+001  
5.870645e+000  
8.749146e+000  
-1.882014e+001  
9.922792e+000  
6.200535e+000  
-1.076262e+001  
-2.792768e-001  
8.714312e+000  
-4.135962e+000  
-1.091686e+000  
-4.959846e+000  
1.972293e+001  
-1.375787e+001  
-1.024095e+001  
1.789772e+001  
-1.613018e+001  
1.983492e+001  
-1.654891e+001  
-6.487086e-001  
9.438119e+000  
6.237849e+000  
-1.808010e+001  
7.829900e+000  
1.451659e+000  
5.313393e+000  
-2.520553e+001  
3.720457e+001  
-1.787276e+001  
-1.301353e+001  
2.264123e+001  
-1.842691e+001  
1.418192e+001  
-6.228696e+000  
4.193404e-001  
-7.442040e-001  
3.176428e+000  
-8.366690e+000  
8.147881e+000  
5.392183e+000  
-1.294510e+001  
6.348004e+000  
2.450654e+000  
-9.428421e+000  
-5.034694e+000  
2.216405e+001  
-2.143677e+000  
-2.759160e+001  
2.834735e+001  
-3.569724e+000  
-1.010993e+001  
1.231405e+000  
9.445047e-001  
-3.197484e+000  
9.603483e+000  
2.236347e+000  
-1.699316e+001  
2.355380e+001  
-1.955249e+001  
2.924360e-001  
1.460469e+001  
-1.941321e+001  
1.832362e+001  
-6.932380e+000  
-5.459518e+000  
8.125039e+000  
-9.512245e+000  
1.348220e+001  
-7.298655e+000  
-1.553152e-001  
-5.686776e+000  
6.941173e+000  
-4.993999e+000  
4.983532e+000  
-7.944683e+000  
2.520700e+001  
-3.082616e+001  
1.823495e+001  
-8.836725e+000  
-7.638550e-001  
1.201122e+001  
-1.349018e+001  
8.864952e+000  
-7.737599e+000  
1.295905e+001  
-2.102658e+001  
1.685799e+001  
-3.640120e+000  
-1.052221e+000  
-2.156629e+000  
5.281547e+000  
-8.841814e+000  
6.669864e+000  
4.328628e+000  
-9.406247e-001  
-1.602947e+001  
1.674977e+001  
-5.441478e+000  
6.309421e-001  
-2.462111e+000  
-4.426420e+000  
2.075904e+001  
-2.227563e+001  
1.549021e+001  
-1.373436e+001  
-6.463520e+000  
2.853931e+001  
-1.890395e+001  
-2.698138e-001  
1.450289e+001  
-1.968830e+001  
1.358573e+001  
-1.745127e+001  
2.775363e+001  
-2.407199e+001  
1.660867e+001  
-1.050195e+001  
-7.245501e+000  
1.458354e+001  
2.555130e+000  
-1.323424e+001  
1.235046e+001  
-7.286799e+000  
9.236091e-001  
-4.464702e+000  
1.126746e+001  
-1.523259e+001  
1.257107e+001  
-7.938570e+000  
7.321344e+000  
-2.266973e+000  
-8.668252e-001  
-9.770891e+000  
1.141108e+001  
8.563026e+000  
-2.166988e+001  
1.306952e+001  
4.034435e+000  
-8.861279e+000  
1.361312e+000  
3.690483e+000  
4.443972e+000  
-2.033897e+001  
2.540210e+001  
-1.241017e+001  
-5.499471e-001  
-6.450423e+000  
1.574522e+001  
-1.652989e+001  
1.997169e+001  
-1.645534e+001  
-2.412623e+000  
1.560809e+001  
-1.237818e+001  
1.035685e+001  
-9.179903e+000  
2.551845e+000  
2.003172e+000  
-5.063164e+000  
3.977432e+000  
7.732310e+000  
-1.822103e+001  
1.517304e+001  
-6.275369e+000  
-3.113655e+000  
4.997183e+000  
4.034478e+000  
-1.549879e+000  
-1.165581e+001  
1.320572e+001  
-8.728505e+000  
-8.184183e-002  
1.440632e+001  
-1.946603e+001  
1.620024e+001  
-2.924246e+000  
-1.609072e+001  
2.977919e+001  
-3.043761e+001  
1.106623e+001  
6.011079e+000  
-6.974881e+000  
5.418674e+000  
-3.240957e+000  
4.230091e+000  
-1.378750e+001  
7.961241e+000  
1.166159e+001  
-1.731052e+001  
1.552479e+001  
-1.625846e+001  
9.549259e+000  
2.833656e-001  
-6.654757e-001  
3.679044e+000  
-7.686213e+000  
5.952457e+000  
-1.217872e+001  
1.495923e+001  
-5.503898e+000  
-6.160125e+000  
7.610231e+000  
7.231514e+000  
-1.962589e+001  
1.574088e+001  
-5.219545e+000  
6.601245e+000  
-3.342334e+000  
-1.952390e+001  
2.418689e+001  
-7.249287e+000  
-1.197300e+000  
2.796232e+000  
1.956731e+000  
-7.321282e+000  
2.044105e+000  
-4.567362e+000  
1.228228e+001  
-5.676473e+000  
-1.087154e+001  
2.719925e+001  
-2.135092e+001  
-2.861601e+000  
1.136985e+001  
-1.060532e+001  
1.858040e+001  
-1.563573e+001  
-8.017321e-001  
1.845356e+000  
6.315023e+000  
-6.288910e+000  
5.319528e+000  
-5.295194e+000  
1.179021e+001  
-1.845301e+001  
6.611019e+000  
3.354260e+000  
4.136714e+000  
-1.087796e+001  
1.145741e+001  
-4.338133e+000  
-1.304972e+001  
2.832782e+001  
-2.150562e+001  
1.082924e+000  
-1.351605e+000  
1.493760e+001  
-7.486129e+000  
-1.521354e+001  
1.113026e+001  
2.269199e+001  
-2.671927e+001  
-1.977910e+000  
7.276389e+000  
9.473644e+000  
-1.804660e+001  
1.125105e+001  
-6.637398e+000  
1.234792e+001  
-1.333632e+000  
-1.565447e+001  
8.537758e+000  
2.367275e+000  
-2.186537e+000  
-6.564157e+000  
2.479902e+001  
-3.343703e+001  
2.734383e+001  
-1.905182e+001  
4.964148e+000  
1.116109e+001  
-2.100162e+001  
2.387153e+001  
-1.869200e+001  
7.181919e+000  
-3.733951e-001  
1.608959e+000  
1.202567e+000  
-6.712595e+000  
6.157122e+000  
-5.842304e-002  
-2.516982e+000  
2.010704e+000  
-9.888708e+000  
2.132453e+001  
-2.889220e+001  
3.691180e+001  
-4.363834e+001  
3.827956e+001  
-1.743742e+001  
-4.056324e+000  
7.083145e+000  
-5.138693e+000  
1.142624e+001  
-9.910009e+000  
5.722358e+000  
-4.492276e+000  
8.055449e-003  
-1.921010e+000  
3.178302e+000  
5.282925e+000  
-9.666240e+000  
6.554121e+000  
-1.180925e+000  
-2.519387e+000  
1.244200e+000  
-2.021905e+000  
6.929230e+000  
-8.077368e+000  
5.015950e+000  
-1.320472e+000  
5.827757e-001  
-2.125597e+000  
2.502190e+000  
-1.519678e+000  
-3.528286e-001  
1.422516e+000  
-1.284518e+000  
1.688744e-001  
1.768876e+000  
-3.260462e+000  
3.651510e+000  
-3.568658e+000  
2.745421e+000  
-1.267452e+000  
2.002521e-001  
6.368783e-001  
-1.224972e+000  
1.045404e+000  
-5.240700e-001  
1.889660e-001  
1.567792e-001  
-2.138251e-001  
-1.855428e-001  
1.610831e-001  
5.143330e-001  
-6.405855e-001  
-4.516642e-002  
4.022066e-001  
-2.224952e-001  
1.777616e-001  
-5.020845e-001  
8.312621e-001  
-9.041911e-001  
9.201353e-001  
-1.008464e+000  
7.675641e-001  
-3.619529e-001  
5.472720e-001  
-8.979832e-001  
5.748516e-001  
8.160913e-002  
-1.836442e-001  
1.138550e-002  
3.565151e-001  
-1.209014e+000  
1.215721e+000  
-4.427516e-002  
-7.469146e-001  
3.853716e-001  
3.253455e-001  
-2.535787e-001  
-9.903552e-002  
-7.853788e-002  
9.260564e-002  
-2.561353e-002  
4.263275e-001  
-5.226520e-001  
2.072739e-001  
-4.538558e-001  
8.643675e-001  
-5.078816e-001  
-1.086390e-001  
5.565968e-001  
-6.742221e-001  
5.314635e-001  
-6.533526e-001  
6.317445e-001  
-6.761943e-001  
1.086965e+000  
-8.835192e-001  
3.812418e-001  
-2.784899e-001  
6.664830e-002  
4.843868e-001  
-8.623760e-001  
5.834749e-001  
-1.084423e-001  
-2.848334e-002  
7.971815e-002  
3.772506e-002  
-3.230904e-001  
3.063800e-001  
-4.867281e-002  
-1.225286e-001  
6.449097e-002  
-7.195887e-002  
1.328077e-001  
3.402576e-001  
-8.687958e-001  
8.075142e-001  
-2.207470e-001  
-2.844632e-001  
8.902398e-002  
3.211008e-002  
2.532669e-001  
-3.666587e-001  
3.667639e-001  
-1.210259e-001  
-6.059585e-001  
1.113361e+000  
-9.769204e-001  
5.921925e-001  
-2.050337e-001  
1.028847e-001  
-5.486161e-001  
1.063352e+000  
-8.652167e-001  
2.169380e-001  
-1.065508e-002  
8.860670e-002  
2.213840e-002  
3.830577e-002  
-2.959063e-001  
5.939277e-001  
-8.189417e-001  
6.542625e-001  
-3.375561e-001  
7.156946e-002  
-3.520267e-002  
3.908600e-001  
-8.564887e-001  
1.148367e+000  
-8.998519e-001  
4.460477e-001  
-4.276547e-001  
3.203655e-001  
2.666264e-001  
-3.835806e-001  
-1.284219e-001  
-2.131547e-002  
6.279311e-001  
-5.312968e-001  
-3.756125e-001  
9.987136e-001  
-6.356677e-001  
2.497053e-001  
1.377672e-002  
-4.800708e-001  
6.878928e-001  
-5.367808e-001  
2.242483e-001  
-1.308664e-001  
3.272560e-001  
-3.480145e-001  
2.841964e-001  
-4.401088e-001  
4.435348e-001  
7.401772e-002  
-5.918690e-001  
2.734981e-001  
3.398123e-001  
-2.753409e-001  
3.869775e-002  
-1.338568e-001  
5.340451e-002  
9.919304e-002  
1.116669e-002  
-1.059078e-001  
4.668617e-002  
5.152583e-002  
5.243158e-002  
-2.554295e-001  
4.791095e-001  
-9.523702e-001  
1.354492e+000  
-1.020179e+000  
1.680548e-001  
3.593401e-001  
-4.142308e-001  
2.353740e-002  
4.649882e-001  
-2.942916e-001  
-1.472325e-001  
1.505027e-001  
1.331649e-001  
-2.703896e-001  
1.095912e-001  
-8.988237e-002  
2.566870e-001  
2.676010e-003  
-4.643154e-001  
7.786435e-001  
-1.076951e+000  
8.777895e-001  
-4.396095e-001  
5.584860e-001  
-7.643695e-001  
7.902992e-001  
-8.085809e-001  
7.700462e-001  
-6.858387e-001  
3.793821e-001  
-1.231362e-001  
2.831821e-001  
-4.977031e-001  
4.009316e-001  
-2.819128e-001  
2.668219e-001  
-2.102438e-001  
3.086220e-001  
-5.822029e-001  
6.661092e-001  
-5.244061e-001  
5.307666e-001  
-5.251758e-001  
4.751289e-001  
-7.273921e-001  
6.330016e-001  
2.112315e-001  
-5.140297e-001  
-1.595433e-001  
7.303574e-001  
-8.799756e-001  
8.787781e-001  
-7.431881e-001  
4.996796e-001  
-3.929146e-001  
5.345252e-001  
-6.951427e-001  
6.500292e-001  
-4.717484e-001  
1.509134e-001  
2.095590e-001  
-2.724276e-001  
1.125222e-001  
1.075522e-001  
-2.517619e-001  
2.699208e-002  
3.173460e-001  
-1.571261e-001  
-2.456036e-001  
5.759983e-001  
-9.535313e-001  
9.365419e-001  
-4.113133e-001  
1.225162e-002  
8.242297e-002  
-1.129709e-001  
1.397074e-001  
-5.686045e-002  
5.937839e-002  
-2.788115e-001  
2.179041e-001  
-9.504126e-002  
6.997824e-003  
3.589069e-001  
-4.083669e-001  
2.677628e-001  
-4.525784e-001  
5.415705e-001  
-3.499888e-001  
5.558908e-002  
1.894917e-001  
-2.911897e-001  
3.288668e-001  
-3.699987e-001  
4.671892e-001  
-3.879533e-001  
2.562048e-001  
-3.081927e-001  
1.640158e-001  
1.377311e-001  
-2.013182e-001  
4.198170e-002  
2.723832e-001  
-6.033447e-001  
4.491775e-001  
1.066248e-001  
-3.183939e-001  
1.572102e-001  
-1.707132e-001  
3.009288e-001  
-2.555096e-001  
-3.333807e-003  
2.941794e-001  
-4.040267e-001  
3.894770e-001  
-1.747499e-001  
-1.492391e-001  
1.715351e-001  
1.486174e-001  
-4.973444e-001  
3.101264e-001  
-3.385186e-002  
1.411338e-001  
-8.139169e-002  
1.362382e-001  
-2.335052e-001  
7.713509e-002  
6.115913e-003  
-7.235992e-002  
1.515338e-001  
-1.724881e-001  
6.131291e-002  
3.059652e-001  
-6.197354e-001  
5.803171e-001  
-4.938127e-001  
5.657947e-001  
-6.325780e-001  
6.261146e-001  
-6.241024e-001  
6.858783e-001  
-5.501409e-001  
1.702310e-001  
1.376826e-001  
-1.660594e-001  
-2.109683e-002  
4.994833e-002  
-2.896464e-002  
5.534437e-002  
8.788490e-002  
-1.805636e-001  
8.364701e-002  
-2.044940e-002  
1.908991e-001  
-4.972071e-001  
6.421621e-001  
-4.487798e-001  
6.873417e-002  
3.538437e-001  
-6.553057e-001  
3.610380e-001  
8.532804e-002  
7.258666e-002  
-3.082370e-001  
1.426277e-001  
1.095116e-001  
-2.413703e-001  
2.531712e-001  
-1.128388e-001  
-3.130333e-001  
6.493540e-001  
-3.179692e-001  
-1.908286e-001  
2.228186e-001  
-5.503416e-003  
-1.063176e-001  
7.619959e-002  
-7.007837e-003  
6.464493e-002  
-1.638705e-001  
5.152678e-002  
2.371786e-001  
-2.580633e-001  
6.631637e-002  
-1.242566e-001  
1.317070e-001  
2.154450e-001  
-4.601247e-001  
2.168542e-001  
1.668582e-001  
-4.126166e-001  
7.067403e-001  
-6.869159e-001  
1.526942e-001  
1.382574e-001  
-1.663835e-001  
3.284391e-001  
-4.789090e-001  
4.678655e-001  
-3.887831e-001  
4.067542e-001  
-3.050870e-001  
6.280063e-002  
1.461146e-001  
-3.199196e-001  
1.767042e-001  
3.354640e-001  
-4.763831e-001  
1.349248e-001  
1.233855e-001  
-9.275138e-003  
-2.386217e-001  
1.740214e-001  
6.628084e-002  
-2.740408e-001  
9.877253e-002  
1.904102e-001  
-8.265185e-002  
-1.366233e-001  
2.390761e-001  
-1.624453e-001  
3.014053e-001  
-5.601604e-001  
5.450664e-001  
-6.406438e-001  
6.335586e-001  
-4.178079e-001  
4.892321e-001  
-6.597473e-001  
3.734699e-001  
1.856668e-001  
-1.640763e-001  
-1.838276e-001  
2.537162e-001  
-2.103716e-001  
-5.210125e-002  
3.915387e-001  
-4.495311e-001  
2.405941e-001  
-8.174562e-002  
2.011393e-001  
-3.543854e-001  
3.786259e-001  
-1.940725e-001  
2.779809e-002  
-9.655976e-002  
1.386278e-001  
-2.816629e-001  
3.482339e-001  
-9.323192e-002  
-9.471498e-002  
2.858615e-001  
-2.931945e-001  
-2.890894e-002  
7.261133e-002  
1.923078e-001  
-4.523649e-001  
5.865266e-001  
-6.524532e-001  
8.358212e-001  
-7.796721e-001  
4.646456e-001  
-1.255387e-001  
-8.720391e-002  
-7.519877e-002  
1.565076e-001  
-7.024586e-002  
2.139077e-001  
-4.886379e-001  
4.680324e-001  
-1.577623e-001  
-9.673500e-002  
1.611996e-002  
3.671284e-001  
-3.921888e-001  
1.762935e-001  
-2.406840e-001  
1.064458e-001  
4.792392e-002  
4.419907e-001  
-8.863670e-001  
6.587882e-001  
-3.815174e-002  
-2.437263e-001  
-3.178971e-001  
6.772535e-001  
-3.200243e-001  
3.069496e-002  
1.810703e-001  
-1.919724e-001  
-5.581623e-002  
1.202567e-001  
-5.555335e-002  
-1.706572e-001  
5.026950e-001  
-4.896793e-001  
2.714252e-001  
-2.454370e-001  
1.966933e-001  
-3.771901e-003  
-2.918148e-002  
-1.505859e-001  
3.094945e-001  
-1.323459e-001  
-2.413661e-001  
3.637953e-001  
-3.742133e-001  
4.886398e-001  
-6.019875e-001  
4.809084e-001  
-3.044515e-001  
3.947808e-001  
-2.881190e-001  
-4.829025e-002  
1.535952e-001  
-1.160433e-001  
3.519034e-002  
-4.131007e-002  
1.972952e-001  
-2.836044e-001  
5.639005e-002  
2.013187e-001  
3.525019e-002  
-6.096370e-001  
9.566844e-001  
-9.178021e-001  
6.964058e-001  
-3.734908e-001  
-5.772877e-002  
4.316990e-001  
-2.453557e-001  
-1.143242e-001  
1.976132e-003  
2.166688e-001  
-3.867677e-001  
6.250806e-001  
-6.492236e-001  
4.375670e-001  
-4.377172e-001  
5.411541e-001  
-2.722112e-001  
-1.864231e-001  
1.840919e-001  
2.118211e-001  
-5.369864e-001  
7.378449e-001  
-6.565602e-001  
2.322664e-001  
6.179559e-002  
-1.077390e-002  
3.644300e-002  
-1.479120e-001  
2.669752e-003  
2.791417e-001  
-2.368224e-001  
-1.564071e-001  
3.909584e-001  
-3.239679e-001  
7.429099e-002  
1.800923e-001  
-2.164048e-001  
1.269272e-001  
-2.133578e-001  
4.692214e-001  
-4.645494e-001  
2.151078e-001  
-8.152843e-002  
4.959893e-002  
-6.259751e-002  
6.480551e-002  
8.770943e-002  
-9.138393e-002  
-9.534335e-002  
1.267046e-001  
9.504676e-002  
-5.041370e-001  
5.306884e-001  
1.316357e-002  
-5.242702e-001  
4.998903e-001  
-1.182299e-001  
-1.776674e-002  
1.732838e-002  
1.193055e-001  
-6.185111e-001  
7.108976e-001  
-3.429390e-001  
1.750597e-001  
-1.607044e-001  
5.495846e-002  
1.586717e-001  
-2.277411e-001  
1.268342e-001  
3.457087e-002  
-2.571070e-002  
-1.899118e-001  
1.832097e-001  
3.860492e-002  
-1.562458e-001  
2.076143e-002  
1.329071e-001  
-1.863918e-002  
-1.601743e-001  
3.664851e-001  
-4.537104e-001  
7.441789e-003  
6.728107e-001  
-8.596141e-001  
4.872534e-001  
-2.280369e-001  
1.568487e-001  
9.261487e-002  
-3.382941e-001  
2.838663e-001  
-9.773365e-002  
-4.829820e-002  
2.499638e-001  
-3.166071e-001  
-8.968353e-003  
4.481260e-001  
-4.467608e-001  
1.746276e-001  
-1.055245e-001  
1.591309e-001  
-1.344937e-001  
