Frequency (Hz)	Level (dB)
10.766602	-79.947029
21.533203	-73.950241
32.299805	-70.761543
43.066406	-75.814171
53.833008	-71.907555
64.599609	-63.250462
75.366211	-62.337570
86.132813	-63.145199
96.899414	-70.623329
107.666016	-71.294418
118.432617	-68.834221
129.199219	-63.666058
139.965820	-60.585636
150.732422	-78.421913
161.499023	-66.983849
172.265625	-74.162437
183.032227	-64.610878
193.798828	-66.932457
204.565430	-67.552399
215.332031	-63.629040
226.098633	-60.443489
236.865234	-58.568695
247.631836	-60.021400
258.398438	-55.621437
269.165039	-54.856014
279.931641	-58.606037
290.698242	-64.665169
301.464844	-70.451500
312.231445	-63.516972
322.998047	-62.656082
333.764648	-57.237148
344.531250	-57.697968
355.297852	-60.996452
366.064453	-62.728733
376.831055	-66.019890
387.597656	-83.363396
398.364258	-58.059788
409.130859	-53.095413
419.897461	-52.137833
430.664063	-52.005558
441.430664	-50.973183
452.197266	-60.048660
462.963867	-58.234821
473.730469	-57.161957
484.497070	-56.113838
495.263672	-52.110851
506.030273	-47.599670
516.796875	-50.337311
527.563477	-47.937599
538.330078	-47.991272
549.096680	-48.231842
559.863281	-44.357548
570.629883	-44.096195
581.396484	-44.573338
592.163086	-43.387611
602.929688	-44.064739
613.696289	-50.110790
624.462891	-44.323334
635.229492	-52.990265
645.996094	-55.234501
656.762695	-54.597038
667.529297	-44.136372
678.295898	-45.332817
689.062500	-44.186775
699.829102	-44.990002
710.595703	-54.840706
721.362305	-45.206589
732.128906	-43.285297
742.895508	-42.158592
753.662109	-42.640694
764.428711	-50.442951
775.195313	-59.535450
785.961914	-44.686596
796.728516	-40.132431
807.495117	-40.080795
818.261719	-65.918465
829.028320	-38.995373
839.794922	-38.427139
850.561523	-52.097351
861.328125	-40.622395
872.094727	-39.211636
882.861328	-41.519527
893.627930	-42.521889
904.394531	-39.568096
915.161133	-36.368961
925.927734	-35.491753
936.694336	-34.558022
947.460938	-38.756966
958.227539	-47.642654
968.994141	-45.647427
979.760742	-37.797726
990.527344	-31.451200
1001.293945	-33.426060
1012.060547	-46.481121
1022.827148	-36.967419
1033.593750	-36.559410
1044.360352	-38.018276
1055.126953	-46.293365
1065.893555	-42.361107
1076.660156	-37.654934
1087.426758	-49.762630
1098.193359	-33.402805
1108.959961	-33.102612
1119.726563	-40.290676
1130.493164	-43.243378
1141.259766	-47.996765
1152.026367	-38.254498
1162.792969	-39.730106
1173.559570	-36.224007
1184.326172	-30.098175
1195.092773	-29.542431
1205.859375	-32.459339
1216.625977	-40.210117
1227.392578	-39.088303
1238.159180	-31.420572
1248.925781	-32.991394
1259.692383	-43.222256
1270.458984	-47.065460
1281.225586	-42.826622
1291.992188	-46.464615
1302.758789	-41.189034
1313.525391	-39.550179
1324.291992	-33.059341
1335.058594	-33.326012
1345.825195	-41.978802
1356.591797	-36.701340
1367.358398	-34.132404
1378.125000	-31.563074
1388.891602	-31.258333
1399.658203	-32.844910
1410.424805	-34.840500
1421.191406	-42.001995
1431.958008	-35.154079
1442.724609	-36.457722
1453.491211	-52.765079
1464.257813	-33.516441
1475.024414	-29.545414
1485.791016	-28.543098
1496.557617	-35.872849
1507.324219	-56.442249
1518.090820	-50.596794
1528.857422	-56.720577
1539.624023	-38.018906
1550.390625	-35.681767
1561.157227	-38.456753
1571.923828	-40.189274
1582.690430	-36.999565
1593.457031	-35.223846
1604.223633	-44.312160
1614.990234	-39.602295
1625.756836	-47.706928
1636.523438	-40.154171
1647.290039	-49.642036
1658.056641	-44.739166
1668.823242	-52.931660
1679.589844	-44.318344
1690.356445	-39.781322
1701.123047	-46.967815
1711.889648	-41.611580
1722.656250	-36.545391
1733.422852	-49.223148
1744.189453	-36.958607
1754.956055	-38.850788
1765.722656	-36.083096
1776.489258	-36.751926
1787.255859	-36.761417
1798.022461	-38.046993
1808.789063	-37.085522
1819.555664	-31.988585
1830.322266	-51.141872
1841.088867	-40.431286
1851.855469	-43.543377
1862.622070	-52.171585
1873.388672	-47.285774
1884.155273	-56.012470
1894.921875	-38.042847
1905.688477	-37.830620
1916.455078	-46.695885
1927.221680	-45.604015
1937.988281	-37.025928
1948.754883	-39.963108
1959.521484	-36.954517
1970.288086	-34.857811
1981.054688	-33.528610
1991.821289	-35.235146
2002.587891	-38.138527
2013.354492	-38.213810
2024.121094	-40.760845
2034.887695	-48.700600
2045.654297	-38.679554
2056.420898	-31.942989
2067.187500	-38.621143
2077.954102	-38.005379
2088.720703	-37.613190
2099.487305	-34.915874
2110.253906	-31.322109
2121.020508	-32.771156
2131.787109	-37.695198
2142.553711	-47.798603
2153.320313	-43.182728
2164.086914	-44.993942
2174.853516	-38.492786
2185.620117	-33.068066
2196.386719	-30.144798
2207.153320	-33.506092
2217.919922	-32.359768
2228.686523	-39.317600
2239.453125	-37.184799
2250.219727	-39.302521
2260.986328	-38.557991
2271.752930	-39.126606
2282.519531	-32.020744
2293.286133	-36.757782
2304.052734	-39.319904
2314.819336	-42.024033
2325.585938	-33.948814
2336.352539	-36.682552
2347.119141	-45.712734
2357.885742	-42.831593
2368.652344	-55.064613
2379.418945	-38.547146
2390.185547	-37.359158
2400.952148	-35.860367
2411.718750	-45.354691
2422.485352	-36.083076
2433.251953	-36.535370
2444.018555	-34.941311
2454.785156	-35.371269
2465.551758	-37.469208
2476.318359	-38.277092
2487.084961	-37.435303
2497.851563	-32.931297
2508.618164	-35.518105
2519.384766	-35.438885
2530.151367	-40.194077
2540.917969	-40.162563
2551.684570	-33.716713
2562.451172	-39.269150
2573.217773	-38.149723
2583.984375	-39.511646
2594.750977	-44.019974
2605.517578	-40.415520
2616.284180	-41.391624
2627.050781	-42.956139
2637.817383	-38.895260
2648.583984	-38.579128
2659.350586	-33.263268
2670.117188	-38.059490
2680.883789	-44.651245
2691.650391	-48.597267
2702.416992	-37.535049
2713.183594	-35.100246
2723.950195	-35.491554
2734.716797	-40.330807
2745.483398	-39.437210
2756.250000	-35.936253
2767.016602	-32.626659
2777.783203	-37.391258
2788.549805	-40.123970
2799.316406	-36.667694
2810.083008	-40.520618
2820.849609	-42.893581
2831.616211	-38.705616
2842.382813	-36.454063
2853.149414	-39.267384
2863.916016	-32.582829
2874.682617	-30.063477
2885.449219	-29.163376
2896.215820	-32.370667
2906.982422	-39.524948
2917.749023	-39.543430
2928.515625	-38.054634
2939.282227	-35.121464
2950.048828	-33.783630
2960.815430	-36.354710
2971.582031	-39.989178
2982.348633	-33.922127
2993.115234	-34.815792
3003.881836	-32.964508
3014.648438	-36.990101
3025.415039	-49.697670
3036.181641	-39.561649
3046.948242	-45.752472
3057.714844	-36.874428
3068.481445	-37.376293
3079.248047	-36.192410
3090.014648	-39.778454
3100.781250	-34.411549
3111.547852	-36.453053
3122.314453	-41.774387
3133.081055	-48.138664
3143.847656	-48.968960
3154.614258	-41.166164
3165.380859	-41.111984
3176.147461	-37.230839
3186.914063	-33.126152
3197.680664	-42.330833
3208.447266	-46.190258
3219.213867	-36.575954
3229.980469	-40.982708
3240.747070	-35.330166
3251.513672	-33.192020
3262.280273	-39.540642
3273.046875	-41.833736
3283.813477	-35.485920
3294.580078	-33.141235
3305.346680	-36.409752
3316.113281	-33.234909
3326.879883	-34.286694
3337.646484	-33.609035
3348.413086	-40.091255
3359.179688	-38.859745
3369.946289	-43.631863
3380.712891	-50.849884
3391.479492	-39.445316
3402.246094	-39.132656
3413.012695	-46.781010
3423.779297	-50.914429
3434.545898	-39.717266
3445.312500	-36.459682
3456.079102	-32.689754
3466.845703	-43.696938
3477.612305	-45.551407
3488.378906	-35.211285
3499.145508	-37.431976
3509.912109	-38.589828
3520.678711	-47.369598
3531.445313	-40.339142
3542.211914	-36.088081
3552.978516	-32.159695
3563.745117	-40.944862
3574.511719	-32.533466
3585.278320	-37.698650
3596.044922	-49.631088
3606.811523	-42.333275
3617.578125	-33.110893
3628.344727	-36.416950
3639.111328	-47.684216
3649.877930	-46.956135
3660.644531	-42.276485
3671.411133	-36.590664
3682.177734	-56.752411
3692.944336	-33.308506
3703.710938	-32.077541
3714.477539	-41.060528
3725.244141	-32.908722
3736.010742	-30.085339
3746.777344	-30.974504
3757.543945	-41.150700
3768.310547	-34.521011
3779.077148	-35.868591
3789.843750	-34.280254
3800.610352	-33.202435
3811.376953	-34.329094
3822.143555	-39.558193
3832.910156	-39.457275
3843.676758	-35.782658
3854.443359	-30.870478
3865.209961	-35.495155
3875.976563	-39.201244
3886.743164	-37.881718
3897.509766	-40.541626
3908.276367	-34.255962
3919.042969	-32.110950
3929.809570	-38.638119
3940.576172	-40.393631
3951.342773	-45.580822
3962.109375	-39.054775
3972.875977	-36.231468
3983.642578	-36.730202
3994.409180	-34.220997
4005.175781	-45.499947
4015.942383	-36.349251
4026.708984	-34.806389
4037.475586	-30.161718
4048.242188	-31.792877
4059.008789	-33.839542
4069.775391	-37.638809
4080.541992	-46.693810
4091.308594	-42.829136
4102.075195	-38.510540
4112.841797	-34.139568
4123.608398	-38.064053
4134.375000	-46.203335
4145.141602	-38.536720
4155.908203	-38.804008
4166.674805	-33.497066
4177.441406	-34.210274
4188.208008	-33.039349
4198.974609	-30.637114
4209.741211	-31.988968
4220.507813	-34.144855
4231.274414	-37.688263
4242.041016	-40.720398
4252.807617	-38.113148
4263.574219	-38.972969
4274.340820	-39.779995
4285.107422	-33.525108
4295.874023	-34.802773
4306.640625	-47.924698
4317.407227	-47.070957
4328.173828	-33.347569
4338.940430	-28.017244
4349.707031	-35.544502
4360.473633	-41.532326
4371.240234	-41.303070
4382.006836	-40.467571
4392.773438	-49.720573
4403.540039	-42.051159
4414.306641	-42.192101
4425.073242	-33.282101
4435.839844	-31.621571
4446.606445	-34.578232
4457.373047	-49.199867
4468.139648	-32.438660
4478.906250	-30.930815
4489.672852	-33.755177
4500.439453	-34.417786
4511.206055	-35.997238
4521.972656	-36.710052
4532.739258	-34.760368
4543.505859	-30.315760
4554.272461	-33.260712
4565.039063	-43.283989
4575.805664	-35.319515
4586.572266	-35.613094
4597.338867	-44.932194
4608.105469	-38.091709
4618.872070	-46.083729
4629.638672	-41.900311
4640.405273	-42.499249
4651.171875	-44.001911
4661.938477	-37.815880
4672.705078	-33.615692
4683.471680	-38.919117
4694.238281	-49.487335
4705.004883	-47.805950
4715.771484	-39.504055
4726.538086	-35.861042
4737.304688	-33.750496
4748.071289	-32.015877
4758.837891	-28.064787
4769.604492	-27.832554
4780.371094	-36.706558
4791.137695	-40.348679
4801.904297	-41.755768
4812.670898	-40.459061
4823.437500	-38.373112
4834.204102	-42.358063
4844.970703	-37.187046
4855.737305	-36.157967
4866.503906	-44.993610
4877.270508	-58.554749
4888.037109	-41.190666
4898.803711	-41.159241
4909.570313	-36.595856
4920.336914	-38.690681
4931.103516	-59.420586
4941.870117	-53.495388
4952.636719	-44.632053
4963.403320	-33.424515
4974.169922	-32.552246
4984.936523	-32.975368
4995.703125	-32.912148
5006.469727	-42.123077
5017.236328	-40.324890
5028.002930	-47.892757
5038.769531	-43.038456
5049.536133	-38.573181
5060.302734	-40.859249
5071.069336	-36.738514
5081.835938	-37.810349
5092.602539	-43.426441
5103.369141	-36.324841
5114.135742	-30.799868
5124.902344	-29.530794
5135.668945	-29.065405
5146.435547	-32.967583
5157.202148	-37.782276
5167.968750	-46.911774
5178.735352	-35.463741
5189.501953	-37.347565
5200.268555	-35.995090
5211.035156	-31.548056
5221.801758	-30.599918
5232.568359	-39.601780
5243.334961	-30.580366
5254.101563	-27.433704
5264.868164	-30.400467
5275.634766	-37.981926
5286.401367	-35.274933
5297.167969	-41.205276
5307.934570	-38.044567
5318.701172	-36.537567
5329.467773	-37.236748
5340.234375	-35.908627
5351.000977	-33.998623
5361.767578	-33.771286
5372.534180	-32.367615
5383.300781	-34.003468
5394.067383	-34.864975
5404.833984	-42.368660
5415.600586	-37.510651
5426.367188	-30.601585
5437.133789	-34.139961
5447.900391	-32.565243
5458.666992	-36.639523
5469.433594	-43.879387
5480.200195	-40.344620
5490.966797	-34.611614
5501.733398	-36.791561
5512.500000	-36.234852
5523.266602	-37.881271
5534.033203	-37.415874
5544.799805	-35.208149
5555.566406	-35.644798
5566.333008	-54.858269
5577.099609	-33.029079
5587.866211	-33.358318
5598.632813	-36.529198
5609.399414	-36.566723
5620.166016	-35.345428
5630.932617	-41.600212
5641.699219	-33.380661
5652.465820	-31.991812
5663.232422	-33.475075
5673.999023	-52.297642
5684.765625	-36.821312
5695.532227	-34.777477
5706.298828	-38.644299
5717.065430	-40.849438
5727.832031	-37.716526
5738.598633	-40.518715
5749.365234	-41.483978
5760.131836	-37.189186
5770.898438	-38.930828
5781.665039	-34.531536
5792.431641	-42.425804
5803.198242	-61.362011
5813.964844	-40.715389
5824.731445	-38.932236
5835.498047	-36.903767
5846.264648	-36.759224
5857.031250	-36.450809
5867.797852	-37.898876
5878.564453	-37.875713
5889.331055	-50.655262
5900.097656	-36.137043
5910.864258	-34.706982
5921.630859	-31.722357
5932.397461	-33.242867
5943.164063	-46.931076
5953.930664	-42.723747
5964.697266	-40.745041
5975.463867	-40.552563
5986.230469	-35.613163
5996.997070	-35.657368
6007.763672	-41.475834
6018.530273	-36.256859
6029.296875	-32.401859
6040.063477	-37.291786
6050.830078	-39.953545
6061.596680	-36.610313
6072.363281	-38.750477
6083.129883	-39.352028
6093.896484	-40.064671
6104.663086	-34.593735
6115.429688	-37.307327
6126.196289	-53.026310
6136.962891	-43.194145
6147.729492	-42.485558
6158.496094	-39.511047
6169.262695	-40.006622
6180.029297	-36.713562
6190.795898	-38.299168
6201.562500	-40.006012
6212.329102	-40.316925
6223.095703	-45.201073
6233.862305	-36.875282
6244.628906	-32.600323
6255.395508	-32.720394
6266.162109	-44.128124
6276.928711	-72.644112
6287.695313	-40.332680
6298.461914	-35.051716
6309.228516	-35.782749
6319.995117	-35.647739
6330.761719	-35.766857
6341.528320	-40.214260
6352.294922	-33.614487
6363.061523	-31.096882
6373.828125	-32.130039
6384.594727	-31.888569
6395.361328	-32.416176
6406.127930	-35.187656
6416.894531	-35.062637
6427.661133	-34.195457
6438.427734	-41.019241
6449.194336	-43.325966
6459.960938	-37.246613
6470.727539	-36.076710
6481.494141	-30.742668
6492.260742	-29.828396
6503.027344	-30.806025
6513.793945	-35.249664
6524.560547	-33.028393
6535.327148	-33.605968
6546.093750	-39.146072
6556.860352	-35.663456
6567.626953	-40.880539
6578.393555	-42.127533
6589.160156	-37.047386
6599.926758	-44.052834
6610.693359	-46.154831
6621.459961	-43.507645
6632.226563	-37.937229
6642.993164	-32.908802
6653.759766	-33.282581
6664.526367	-35.827412
6675.292969	-37.916985
6686.059570	-54.280293
6696.826172	-34.467979
6707.592773	-34.109165
6718.359375	-43.065300
6729.125977	-53.876373
6739.892578	-40.381447
6750.659180	-34.184963
6761.425781	-36.964405
6772.192383	-43.519142
6782.958984	-48.820831
6793.725586	-45.324631
6804.492188	-43.730110
6815.258789	-38.098656
6826.025391	-35.108074
6836.791992	-35.440647
6847.558594	-34.695961
6858.325195	-37.448948
6869.091797	-41.243057
6879.858398	-31.639853
6890.625000	-31.494553
6901.391602	-39.177891
6912.158203	-47.248367
6922.924805	-42.357731
6933.691406	-42.689426
6944.458008	-47.883953
6955.224609	-38.131237
6965.991211	-34.337547
6976.757813	-42.663841
6987.524414	-38.509113
6998.291016	-35.820518
7009.057617	-42.064491
7019.824219	-37.766800
7030.590820	-45.896526
7041.357422	-35.997547
7052.124023	-35.725273
7062.890625	-31.625328
7073.657227	-35.246826
7084.423828	-46.243851
7095.190430	-37.328751
7105.957031	-34.615543
7116.723633	-33.056854
7127.490234	-31.883396
7138.256836	-34.584324
7149.023438	-37.571373
7159.790039	-42.535538
7170.556641	-36.322948
7181.323242	-32.234402
7192.089844	-29.556255
7202.856445	-42.440655
7213.623047	-32.745907
7224.389648	-39.243526
7235.156250	-39.973259
7245.922852	-36.534286
7256.689453	-41.050598
7267.456055	-40.354900
7278.222656	-37.756886
7288.989258	-33.622528
7299.755859	-33.637112
7310.522461	-41.900219
7321.289063	-46.192844
7332.055664	-49.232834
7342.822266	-44.432629
7353.588867	-37.769600
7364.355469	-33.517361
7375.122070	-31.670944
7385.888672	-33.199425
7396.655273	-33.914101
7407.421875	-41.229374
7418.188477	-43.635590
7428.955078	-38.368000
7439.721680	-35.228565
7450.488281	-36.516445
7461.254883	-33.234596
7472.021484	-30.931458
7482.788086	-32.215050
7493.554688	-33.254692
7504.321289	-35.555977
7515.087891	-35.322605
7525.854492	-36.428432
7536.621094	-34.357143
7547.387695	-39.317295
7558.154297	-42.433952
7568.920898	-37.582626
7579.687500	-42.725689
7590.454102	-40.304897
7601.220703	-43.872643
7611.987305	-46.114655
7622.753906	-33.596249
7633.520508	-30.371367
7644.287109	-32.675323
7655.053711	-39.843857
7665.820313	-54.829781
7676.586914	-46.907089
7687.353516	-41.877007
7698.120117	-40.193481
7708.886719	-50.620449
7719.653320	-38.650024
7730.419922	-34.111969
7741.186523	-38.931004
7751.953125	-49.049290
7762.719727	-39.497814
7773.486328	-37.486805
7784.252930	-37.386024
7795.019531	-37.245014
7805.786133	-36.280540
7816.552734	-34.084885
7827.319336	-41.198521
7838.085938	-40.002151
7848.852539	-42.681252
7859.619141	-38.728119
7870.385742	-37.440136
7881.152344	-34.352848
7891.918945	-37.698059
7902.685547	-42.228149
7913.452148	-36.022995
7924.218750	-36.121162
7934.985352	-35.255402
7945.751953	-36.684361
7956.518555	-41.618134
7967.285156	-38.415310
7978.051758	-35.790520
7988.818359	-35.932125
7999.584961	-37.553894
8010.351563	-37.369198
8021.118164	-41.396801
8031.884766	-49.365807
8042.651367	-41.787128
8053.417969	-36.999969
8064.184570	-45.144360
8074.951172	-38.528873
8085.717773	-38.214279
8096.484375	-35.627884
8107.250977	-38.624184
8118.017578	-32.153503
8128.784180	-32.740818
8139.550781	-35.386574
8150.317383	-36.429111
8161.083984	-40.123981
8171.850586	-36.817528
8182.617188	-36.368767
8193.383789	-33.962234
8204.150391	-39.004402
8214.916992	-39.880524
8225.683594	-40.800274
8236.450195	-44.582577
8247.216797	-39.424751
8257.983398	-37.432232
8268.750000	-36.546459
8279.516602	-38.655399
8290.283203	-41.950634
8301.049805	-39.205021
8311.816406	-38.878174
8322.583008	-33.047253
8333.349609	-33.629112
8344.116211	-32.218632
8354.882813	-32.594757
8365.649414	-37.027164
8376.416016	-34.256458
8387.182617	-37.028912
8397.949219	-38.148220
8408.715820	-48.164707
8419.482422	-33.464844
8430.249023	-29.350039
8441.015625	-37.506264
8451.782227	-33.930561
8462.548828	-33.011887
8473.315430	-32.519936
8484.082031	-31.239504
8494.848633	-33.131836
8505.615234	-36.186230
8516.381836	-39.078510
8527.148438	-41.548428
8537.915039	-46.332024
8548.681641	-40.760849
8559.448242	-36.644402
8570.214844	-34.046631
8580.981445	-45.893627
8591.748047	-33.413361
8602.514648	-29.813080
8613.281250	-35.216274
8624.047852	-39.867279
8634.814453	-36.251087
8645.581055	-34.103813
8656.347656	-36.925404
8667.114258	-49.917267
8677.880859	-41.126171
8688.647461	-37.144829
8699.414063	-35.447060
8710.180664	-37.326469
8720.947266	-41.399448
8731.713867	-48.681595
8742.480469	-45.057663
8753.247070	-42.501289
8764.013672	-46.491997
8774.780273	-35.437378
8785.546875	-32.552376
8796.313477	-35.481911
8807.080078	-39.088478
8817.846680	-44.216743
8828.613281	-41.261253
8839.379883	-33.642578
8850.146484	-32.453663
8860.913086	-40.100090
8871.679688	-47.907494
8882.446289	-31.793447
8893.212891	-29.634939
8903.979492	-33.680355
8914.746094	-36.432407
8925.512695	-37.092163
8936.279297	-37.500114
8947.045898	-45.051006
8957.812500	-42.904713
8968.579102	-50.999310
8979.345703	-40.062912
8990.112305	-32.151402
9000.878906	-31.511850
9011.645508	-50.867355
9022.412109	-39.147865
9033.178711	-38.492130
9043.945313	-34.592579
9054.711914	-36.348820
9065.478516	-46.397930
9076.245117	-36.545074
9087.011719	-35.253548
9097.778320	-34.631516
9108.544922	-34.605595
9119.311523	-39.907616
9130.078125	-39.743774
9140.844727	-38.013584
9151.611328	-39.318413
9162.377930	-42.716774
9173.144531	-46.858589
9183.911133	-41.724651
9194.677734	-43.330837
9205.444336	-50.259880
9216.210938	-46.692104
9226.977539	-46.892376
9237.744141	-43.670219
9248.510742	-46.984367
9259.277344	-48.017479
9270.043945	-41.239769
9280.810547	-44.708683
9291.577148	-42.776066
9302.343750	-60.237045
9313.110352	-54.067997
9323.876953	-43.025013
9334.643555	-41.842159
9345.410156	-49.929646
9356.176758	-44.600372
9366.943359	-52.394001
9377.709961	-51.353222
9388.476563	-52.787384
9399.243164	-57.125980
9410.009766	-66.851418
9420.776367	-53.198425
9431.542969	-49.142815
9442.309570	-56.812870
9453.076172	-62.088074
9463.842773	-52.134754
9474.609375	-51.205452
9485.375977	-54.276184
9496.142578	-51.820717
9506.909180	-59.330204
9517.675781	-51.298576
9528.442383	-51.157532
9539.208984	-52.712120
9549.975586	-48.319546
9560.742188	-46.518539
9571.508789	-47.183182
9582.275391	-52.624416
9593.041992	-55.445721
9603.808594	-56.697559
9614.575195	-53.368019
9625.341797	-64.183540
9636.108398	-54.731281
9646.875000	-60.504520
9657.641602	-54.002007
9668.408203	-51.556137
9679.174805	-64.037216
9689.941406	-60.041599
9700.708008	-59.996185
9711.474609	-62.861008
9722.241211	-64.695847
9733.007813	-59.911343
9743.774414	-54.958878
9754.541016	-57.890583
9765.307617	-68.124283
9776.074219	-57.671326
9786.840820	-55.042854
9797.607422	-60.585163
9808.374023	-80.778679
9819.140625	-72.510826
9829.907227	-64.082130
9840.673828	-62.987259
9851.440430	-62.887146
9862.207031	-75.913231
9872.973633	-74.852097
9883.740234	-80.544960
9894.506836	-71.918251
9905.273438	-71.631104
9916.040039	-68.498207
9926.806641	-61.473061
9937.573242	-64.470551
9948.339844	-64.921707
9959.106445	-71.143982
9969.873047	-71.445778
9980.639648	-65.756310
9991.406250	-69.339890
10002.172852	-75.861641
10012.939453	-71.858528
10023.706055	-68.372711
10034.472656	-75.832855
10045.239258	-72.448135
10056.005859	-74.744164
10066.772461	-80.074364
10077.539063	-75.733437
10088.305664	-69.114883
10099.072266	-64.674492
10109.838867	-72.045059
10120.605469	-70.980888
10131.372070	-69.243111
10142.138672	-69.216736
10152.905273	-62.452713
10163.671875	-59.499378
10174.438477	-63.174751
10185.205078	-63.629322
10195.971680	-62.724174
10206.738281	-65.248802
10217.504883	-73.376160
10228.271484	-65.088577
10239.038086	-63.055893
10249.804688	-65.737091
10260.571289	-65.954193
10271.337891	-68.103966
10282.104492	-66.746292
10292.871094	-63.841759
10303.637695	-64.291634
10314.404297	-67.315178
10325.170898	-68.622078
10335.937500	-64.120270
10346.704102	-63.897995
10357.470703	-63.739422
10368.237305	-61.846180
10379.003906	-61.051144
10389.770508	-61.744125
10400.537109	-62.530144
10411.303711	-59.055233
10422.070313	-67.208588
10432.836914	-68.987595
10443.603516	-68.670654
10454.370117	-73.116348
10465.136719	-64.176521
10475.903320	-62.896221
10486.669922	-66.068375
10497.436523	-63.409725
10508.203125	-64.270790
10518.969727	-65.004425
10529.736328	-66.238060
10540.502930	-62.823772
10551.269531	-66.708183
10562.036133	-70.312035
10572.802734	-71.788551
10583.569336	-80.904617
10594.335938	-70.292793
10605.102539	-72.156204
10615.869141	-67.124016
10626.635742	-72.672485
10637.402344	-75.455948
10648.168945	-68.394608
10658.935547	-65.751343
10669.702148	-67.237282
10680.468750	-71.975723
10691.235352	-67.556007
10702.001953	-97.002304
10712.768555	-72.548622
10723.535156	-74.662941
10734.301758	-77.665497
10745.068359	-67.109581
10755.834961	-67.591637
10766.601563	-70.676208
10777.368164	-71.422943
10788.134766	-68.034569
10798.901367	-84.707947
10809.667969	-67.728348
10820.434570	-65.776840
10831.201172	-70.285507
10841.967773	-68.542770
10852.734375	-61.223194
10863.500977	-65.318123
10874.267578	-63.434525
10885.034180	-61.719807
10895.800781	-66.042969
10906.567383	-68.824860
10917.333984	-67.160820
10928.100586	-68.227707
10938.867188	-76.332603
10949.633789	-75.922821
10960.400391	-75.845901
10971.166992	-79.658127
10981.933594	-70.596497
10992.700195	-81.379211
11003.466797	-65.126785
11014.233398	-66.923676
11025.000000	-66.002831
11035.766602	-62.576004
11046.533203	-65.308640
11057.299805	-69.185715
11068.066406	-69.115158
11078.833008	-69.855614
11089.599609	-67.730789
11100.366211	-65.210838
11111.132813	-65.340622
11121.899414	-63.062172
11132.666016	-70.714668
11143.432617	-73.212532
11154.199219	-73.022049
11164.965820	-69.667397
11175.732422	-66.923790
11186.499023	-71.375923
11197.265625	-87.210457
11208.032227	-70.226646
11218.798828	-70.288124
11229.565430	-69.132889
11240.332031	-65.620903
11251.098633	-64.143402
11261.865234	-62.879887
11272.631836	-65.091209
11283.398438	-69.933739
11294.165039	-66.259583
11304.931641	-69.555161
11315.698242	-72.185608
11326.464844	-70.444244
11337.231445	-62.269764
11347.998047	-61.763577
11358.764648	-63.709148
11369.531250	-66.286224
11380.297852	-76.919441
11391.064453	-71.596909
11401.831055	-62.758270
11412.597656	-60.072433
11423.364258	-60.444427
11434.130859	-62.026840
11444.897461	-66.009888
11455.664063	-66.087296
11466.430664	-63.653103
11477.197266	-63.771957
11487.963867	-67.074379
11498.730469	-67.320335
11509.497070	-65.791862
11520.263672	-63.021069
11531.030273	-75.149078
11541.796875	-63.065395
11552.563477	-70.935219
11563.330078	-68.554848
11574.096680	-64.545464
11584.863281	-65.597000
11595.629883	-64.527779
11606.396484	-63.153095
11617.163086	-61.315613
11627.929688	-62.823292
11638.696289	-64.699326
11649.462891	-64.225578
11660.229492	-64.742821
11670.996094	-68.016106
11681.762695	-72.581001
11692.529297	-64.649727
11703.295898	-65.943550
11714.062500	-69.540085
11724.829102	-74.193947
11735.595703	-77.494995
11746.362305	-73.479675
11757.128906	-72.720535
11767.895508	-70.694099
11778.662109	-65.178429
11789.428711	-64.051682
11800.195313	-65.029396
11810.961914	-65.807816
11821.728516	-69.821564
11832.495117	-71.990196
11843.261719	-70.386986
11854.028320	-69.602737
11864.794922	-62.164280
11875.561523	-65.843033
11886.328125	-69.172005
11897.094727	-77.136871
11907.861328	-67.141716
11918.627930	-61.042896
11929.394531	-62.451233
11940.161133	-69.254799
11950.927734	-74.068741
11961.694336	-71.830582
11972.460938	-67.580170
11983.227539	-74.961983
11993.994141	-66.145752
12004.760742	-70.251740
12015.527344	-67.907196
12026.293945	-64.308411
12037.060547	-68.116348
12047.827148	-67.082588
12058.593750	-71.429916
12069.360352	-79.371300
12080.126953	-65.302963
12090.893555	-65.883804
12101.660156	-67.029167
12112.426758	-78.768967
12123.193359	-60.301281
12133.959961	-56.694607
12144.726563	-57.946526
12155.493164	-62.521500
12166.259766	-72.170250
12177.026367	-63.924297
12187.792969	-62.812717
12198.559570	-67.181572
12209.326172	-70.130386
12220.092773	-76.254646
12230.859375	-64.872475
12241.625977	-62.304428
12252.392578	-63.564152
12263.159180	-63.062454
12273.925781	-68.582657
12284.692383	-63.702282
12295.458984	-62.806221
12306.225586	-74.928726
12316.992188	-67.499619
12327.758789	-61.270893
12338.525391	-62.184090
12349.291992	-61.391529
12360.058594	-67.404518
12370.825195	-70.426048
12381.591797	-64.287460
12392.358398	-74.164528
12403.125000	-81.240425
12413.891602	-65.908478
12424.658203	-71.248611
12435.424805	-70.094269
12446.191406	-66.563339
12456.958008	-74.098671
12467.724609	-72.198280
12478.491211	-71.384613
12489.257813	-77.599098
12500.024414	-59.610695
12510.791016	-59.576508
12521.557617	-68.047943
12532.324219	-71.373611
12543.090820	-64.108917
12553.857422	-59.612038
12564.624023	-61.932392
12575.390625	-72.245453
12586.157227	-66.140984
12596.923828	-74.746231
12607.690430	-66.350449
12618.457031	-71.385735
12629.223633	-73.203232
12639.990234	-66.462128
12650.756836	-72.032761
12661.523438	-74.132782
12672.290039	-77.040268
12683.056641	-69.233681
12693.823242	-80.052994
12704.589844	-72.384590
12715.356445	-67.536461
12726.123047	-64.431137
12736.889648	-71.588699
12747.656250	-78.363533
12758.422852	-70.448837
12769.189453	-62.597198
12779.956055	-65.779678
12790.722656	-64.520744
12801.489258	-63.460232
12812.255859	-66.944931
12823.022461	-72.529213
12833.789063	-73.272980
12844.555664	-69.827682
12855.322266	-70.170891
12866.088867	-69.451111
12876.855469	-68.940178
12887.622070	-76.110260
12898.388672	-73.822105
12909.155273	-66.325584
12919.921875	-67.833351
12930.688477	-69.789467
12941.455078	-60.814083
12952.221680	-68.626053
12962.988281	-61.557560
12973.754883	-60.976730
12984.521484	-63.615879
12995.288086	-71.638786
13006.054688	-70.295609
13016.821289	-65.085434
13027.587891	-59.202435
13038.354492	-60.546844
13049.121094	-71.687126
13059.887695	-64.195198
13070.654297	-61.843651
13081.420898	-70.061012
13092.187500	-78.640968
13102.954102	-73.163414
13113.720703	-74.754745
13124.487305	-72.042419
13135.253906	-77.060013
13146.020508	-65.304962
13156.787109	-65.837532
13167.553711	-71.457794
13178.320313	-72.367744
13189.086914	-71.394203
13199.853516	-71.732079
13210.620117	-72.919296
13221.386719	-66.270218
13232.153320	-65.292763
13242.919922	-65.614166
13253.686523	-72.526520
13264.453125	-64.949409
13275.219727	-63.938156
13285.986328	-76.417717
13296.752930	-70.621330
13307.519531	-65.659973
13318.286133	-66.837166
13329.052734	-74.040131
13339.819336	-64.160637
13350.585938	-61.374409
13361.352539	-65.528465
13372.119141	-64.355743
13382.885742	-63.575882
13393.652344	-72.475243
13404.418945	-70.628441
13415.185547	-71.579834
13425.952148	-68.941406
13436.718750	-71.329475
13447.485352	-63.065033
13458.251953	-66.082993
13469.018555	-69.334152
13479.785156	-68.580856
13490.551758	-68.438667
13501.318359	-65.125168
13512.084961	-63.494648
13522.851563	-69.125450
13533.618164	-70.434265
13544.384766	-71.136803
13555.151367	-72.525383
13565.917969	-72.198380
13576.684570	-73.122818
13587.451172	-72.629128
13598.217773	-67.204681
13608.984375	-73.659683
13619.750977	-77.995621
13630.517578	-69.932701
13641.284180	-64.808220
13652.050781	-74.073952
13662.817383	-70.959282
13673.583984	-72.145996
13684.350586	-76.019585
13695.117188	-68.397652
13705.883789	-75.016205
13716.650391	-63.320282
13727.416992	-61.061111
13738.183594	-61.619572
13748.950195	-63.453537
13759.716797	-69.384415
13770.483398	-70.273308
13781.250000	-69.352867
13792.016602	-62.418442
13802.783203	-67.063805
13813.549805	-77.429848
13824.316406	-64.274033
13835.083008	-63.772358
13845.849609	-61.224190
13856.616211	-63.494740
13867.382813	-76.595222
13878.149414	-66.595917
13888.916016	-65.519188
13899.682617	-67.515350
13910.449219	-68.898399
13921.215820	-85.739571
13931.982422	-71.332893
13942.749023	-72.193336
13953.515625	-68.654350
13964.282227	-78.202415
13975.048828	-70.860329
13985.815430	-65.231743
13996.582031	-62.349621
14007.348633	-70.626549
14018.115234	-71.016663
14028.881836	-74.025307
14039.648438	-70.000664
14050.415039	-66.945259
14061.181641	-78.960793
14071.948242	-65.276894
14082.714844	-68.045647
14093.481445	-71.317841
14104.248047	-65.047623
14115.014648	-62.581879
14125.781250	-67.625793
14136.547852	-65.411568
14147.314453	-62.609367
14158.081055	-64.069672
14168.847656	-78.178055
14179.614258	-67.729889
14190.380859	-65.445351
14201.147461	-61.550816
14211.914063	-63.969170
14222.680664	-72.521423
14233.447266	-82.730232
14244.213867	-72.683289
14254.980469	-73.240379
14265.747070	-74.718010
14276.513672	-65.825180
14287.280273	-76.703873
14298.046875	-66.043877
14308.813477	-75.037422
14319.580078	-72.014687
14330.346680	-67.049034
14341.113281	-70.712952
14351.879883	-66.574860
14362.646484	-64.245285
14373.413086	-65.701126
14384.179688	-63.379097
14394.946289	-63.828590
14405.712891	-65.705460
14416.479492	-58.638676
14427.246094	-59.492245
14438.012695	-70.406593
14448.779297	-66.049713
14459.545898	-64.503197
14470.312500	-68.269905
14481.079102	-67.362686
14491.845703	-67.311470
14502.612305	-71.718788
14513.378906	-72.594658
14524.145508	-79.715080
14534.912109	-76.196869
14545.678711	-64.842041
14556.445313	-63.811573
14567.211914	-96.374657
14577.978516	-70.569305
14588.745117	-74.963486
14599.511719	-67.533852
14610.278320	-69.830902
14621.044922	-79.749809
14631.811523	-68.417374
14642.578125	-75.105492
14653.344727	-66.089371
14664.111328	-69.801537
14674.877930	-64.968849
14685.644531	-63.579193
14696.411133	-74.978302
14707.177734	-65.535324
14717.944336	-73.000099
14728.710938	-77.490150
14739.477539	-72.999146
14750.244141	-69.504128
14761.010742	-69.846268
14771.777344	-67.270248
14782.543945	-74.012817
14793.310547	-67.038643
14804.077148	-71.113907
14814.843750	-68.927605
14825.610352	-69.192612
14836.376953	-67.735138
14847.143555	-64.119080
14857.910156	-61.910397
14868.676758	-59.290222
14879.443359	-59.220108
14890.209961	-64.269432
14900.976563	-64.485382
14911.743164	-65.992516
14922.509766	-64.911537
14933.276367	-66.640060
14944.042969	-63.765945
14954.809570	-63.495869
14965.576172	-66.291595
14976.342773	-68.165932
14987.109375	-76.718414
14997.875977	-73.571503
15008.642578	-76.142914
15019.409180	-66.607834
15030.175781	-65.740822
15040.942383	-63.787815
15051.708984	-66.115784
15062.475586	-72.770393
15073.242188	-69.813004
15084.008789	-69.506172
15094.775391	-76.217606
15105.541992	-63.355560
15116.308594	-59.307095
15127.075195	-66.163612
15137.841797	-73.373474
15148.608398	-66.681297
15159.375000	-64.149307
15170.141602	-65.942154
15180.908203	-67.343552
15191.674805	-66.509476
15202.441406	-67.230797
15213.208008	-60.222206
15223.974609	-57.112198
15234.741211	-61.050053
15245.507813	-67.606888
15256.274414	-81.223785
15267.041016	-72.062675
15277.807617	-79.836296
15288.574219	-66.878181
15299.340820	-65.713837
15310.107422	-76.895950
15320.874023	-72.059547
15331.640625	-71.277611
15342.407227	-63.118916
15353.173828	-66.344833
15363.940430	-75.752769
15374.707031	-72.460785
15385.473633	-67.117104
15396.240234	-65.013390
15407.006836	-62.429493
15417.773438	-63.443283
15428.540039	-65.544243
15439.306641	-68.002029
15450.073242	-60.828678
15460.839844	-59.891441
15471.606445	-66.686852
15482.373047	-59.552574
15493.139648	-62.139015
15503.906250	-67.679276
15514.672852	-67.160797
15525.439453	-66.871620
15536.206055	-73.224670
15546.972656	-76.621330
15557.739258	-68.570114
15568.505859	-65.870667
15579.272461	-63.971085
15590.039063	-63.155476
15600.805664	-66.850075
15611.572266	-72.117653
15622.338867	-78.462494
15633.105469	-69.560669
15643.872070	-70.421181
15654.638672	-74.364677
15665.405273	-67.651634
15676.171875	-60.933838
15686.938477	-59.319611
15697.705078	-61.238190
15708.471680	-67.212685
15719.238281	-64.920143
15730.004883	-65.962730
15740.771484	-76.998093
15751.538086	-65.043060
15762.304688	-65.365623
15773.071289	-63.876690
15783.837891	-60.307648
15794.604492	-65.773689
15805.371094	-65.561653
15816.137695	-61.370651
15826.904297	-64.669571
15837.670898	-94.023483
15848.437500	-71.500771
15859.204102	-65.897873
15869.970703	-74.481476
15880.737305	-67.344833
15891.503906	-72.068100
15902.270508	-64.978745
15913.037109	-61.686062
15923.803711	-64.529457
15934.570313	-63.337109
15945.336914	-60.820904
15956.103516	-67.397522
15966.870117	-73.802490
15977.636719	-69.569893
15988.403320	-70.311981
15999.169922	-72.898117
16009.936523	-65.743958
16020.703125	-59.986874
16031.469727	-60.838242
16042.236328	-73.089043
16053.002930	-78.189583
16063.769531	-72.988251
16074.536133	-67.230652
16085.302734	-66.885597
16096.069336	-67.771530
16106.835938	-69.219566
16117.602539	-75.020607
16128.369141	-64.393990
16139.135742	-63.192146
16149.902344	-63.546314
16160.668945	-66.071800
16171.435547	-69.440704
16182.202148	-70.598450
16192.968750	-81.491928
16203.735352	-67.587578
16214.501953	-70.642403
16225.268555	-69.513405
16236.035156	-66.166664
16246.801758	-58.906345
16257.568359	-65.373344
16268.334961	-65.239265
16279.101563	-73.357452
16289.868164	-67.980003
16300.634766	-68.075325
16311.401367	-65.919945
16322.167969	-63.271751
16332.934570	-65.549095
16343.701172	-73.007042
16354.467773	-62.425167
16365.234375	-62.697392
16376.000977	-66.684563
16386.767578	-68.769150
16397.534180	-74.492615
16408.300781	-76.946587
16419.067383	-79.563957
16429.833984	-68.939049
16440.600586	-69.641731
16451.367188	-68.758804
16462.133789	-73.457870
16472.900391	-76.004295
16483.666992	-71.367851
16494.433594	-83.485405
16505.200195	-71.156410
16515.966797	-71.811104
16526.733398	-72.459312
16537.500000	-70.867020
16548.266602	-80.864456
16559.033203	-64.513191
16569.799805	-61.642513
16580.566406	-64.858513
16591.333008	-71.490013
16602.099609	-84.714752
16612.866211	-66.656006
16623.632813	-68.110916
16634.399414	-63.544720
16645.166016	-62.329510
16655.932617	-69.037224
16666.699219	-70.766129
16677.465820	-69.409248
16688.232422	-64.208824
16698.999023	-65.910484
16709.765625	-70.671471
16720.532227	-67.716278
16731.298828	-64.197189
16742.065430	-65.435555
16752.832031	-68.751846
16763.598633	-59.595524
16774.365234	-64.177872
16785.131836	-78.707237
16795.898438	-67.405571
16806.665039	-70.534393
16817.431641	-74.624474
16828.198242	-70.289742
16838.964844	-65.868660
16849.731445	-63.168270
16860.498047	-69.952858
16871.264648	-74.378448
16882.031250	-67.416428
16892.797852	-62.150753
16903.564453	-64.759796
16914.331055	-67.911568
16925.097656	-71.737938
16935.864258	-69.805161
16946.630859	-75.501396
16957.397461	-73.323677
16968.164063	-73.315903
16978.930664	-64.718391
16989.697266	-65.950287
17000.463867	-65.451378
17011.230469	-69.040215
17021.997070	-68.523148
17032.763672	-67.946030
17043.530273	-65.742645
17054.296875	-65.834984
17065.063477	-63.321793
17075.830078	-66.988876
17086.596680	-69.928177
17097.363281	-69.412392
17108.129883	-68.255600
17118.896484	-66.451416
17129.663086	-62.321907
17140.429688	-64.135857
17151.196289	-79.483826
17161.962891	-68.750351
17172.729492	-73.956322
17183.496094	-66.149643
17194.262695	-68.150650
17205.029297	-63.695019
17215.795898	-68.798965
17226.562500	-63.969547
17237.329102	-63.747154
17248.095703	-64.902771
17258.862305	-79.865005
17269.628906	-75.431107
17280.395508	-67.119530
17291.162109	-64.735077
17301.928711	-68.008247
17312.695313	-64.780861
17323.461914	-68.364250
17334.228516	-66.550110
17344.995117	-63.864727
17355.761719	-64.934280
17366.528320	-72.303711
17377.294922	-71.590233
17388.061523	-95.240448
17398.828125	-78.010376
17409.594727	-70.083282
17420.361328	-68.299187
17431.127930	-68.005928
17441.894531	-66.929840
17452.661133	-73.089737
17463.427734	-92.785027
17474.194336	-64.159958
17484.960938	-63.557034
17495.727539	-68.122963
17506.494141	-72.097824
17517.260742	-77.905884
17528.027344	-82.770615
17538.793945	-69.191528
17549.560547	-67.164711
17560.327148	-67.455322
17571.093750	-65.227501
17581.860352	-64.215561
17592.626953	-64.140068
17603.393555	-64.843353
17614.160156	-64.049332
17624.926758	-65.260155
17635.693359	-67.963257
17646.459961	-69.661980
17657.226563	-68.561348
17667.993164	-86.955856
17678.759766	-67.755821
17689.526367	-66.317825
17700.292969	-66.359459
17711.059570	-67.149765
17721.826172	-70.383331
17732.592773	-62.915833
17743.359375	-67.709694
17754.125977	-73.411705
17764.892578	-71.114090
17775.659180	-67.615456
17786.425781	-71.460709
17797.192383	-71.435989
17807.958984	-71.665031
17818.725586	-65.824013
17829.492188	-62.737457
17840.258789	-68.843880
17851.025391	-83.647903
17861.791992	-70.636780
17872.558594	-66.292198
17883.325195	-65.652306
17894.091797	-75.078682
17904.858398	-69.908180
17915.625000	-67.621147
17926.391602	-72.191521
17937.158203	-78.358727
17947.924805	-77.892998
17958.691406	-73.234032
17969.458008	-66.570152
17980.224609	-69.580177
17990.991211	-65.331665
18001.757813	-67.851646
18012.524414	-68.098053
18023.291016	-69.668488
18034.057617	-69.162186
18044.824219	-62.521221
18055.590820	-64.097878
18066.357422	-82.711739
18077.124023	-71.557564
18087.890625	-78.049057
18098.657227	-65.388344
18109.423828	-65.124100
18120.190430	-68.403877
18130.957031	-72.660568
18141.723633	-71.027740
18152.490234	-72.209023
18163.256836	-71.089630
18174.023438	-66.146553
18184.790039	-62.906933
18195.556641	-61.151157
18206.323242	-63.002968
18217.089844	-65.714012
18227.856445	-65.524963
18238.623047	-72.403900
18249.389648	-66.053276
18260.156250	-69.459900
18270.922852	-81.082336
18281.689453	-70.875565
18292.456055	-68.363274
18303.222656	-72.972427
18313.989258	-65.775963
18324.755859	-64.179863
18335.522461	-69.978851
18346.289063	-63.785439
18357.055664	-64.353210
18367.822266	-65.707146
18378.588867	-76.030724
18389.355469	-66.062447
18400.122070	-64.758797
18410.888672	-74.260391
18421.655273	-68.634331
18432.421875	-70.735397
18443.188477	-71.811424
18453.955078	-73.112045
18464.721680	-67.571068
18475.488281	-65.912529
18486.254883	-57.982368
18497.021484	-58.493187
18507.788086	-59.881649
18518.554688	-61.677818
18529.321289	-67.807884
18540.087891	-71.799042
18550.854492	-64.457962
18561.621094	-63.401428
18572.387695	-71.276703
18583.154297	-59.890812
18593.920898	-59.842422
18604.687500	-69.311295
18615.454102	-85.014732
18626.220703	-74.180313
18636.987305	-71.000954
18647.753906	-73.711655
18658.520508	-74.167862
18669.287109	-65.859818
18680.053711	-61.433933
18690.820313	-61.255741
18701.586914	-64.146011
18712.353516	-69.975998
18723.120117	-75.667442
18733.886719	-67.008430
18744.653320	-60.333256
18755.419922	-70.375862
18766.186523	-66.743446
18776.953125	-66.917885
18787.719727	-70.113091
18798.486328	-64.660156
18809.252930	-65.262573
18820.019531	-66.914040
18830.786133	-68.363701
18841.552734	-64.629547
18852.319336	-64.263954
18863.085938	-68.268677
18873.852539	-80.929649
18884.619141	-65.044456
18895.385742	-66.039841
18906.152344	-67.374603
18916.918945	-60.561123
18927.685547	-59.356716
18938.452148	-65.123268
18949.218750	-67.854721
18959.985352	-62.448795
18970.751953	-62.199997
18981.518555	-61.496513
18992.285156	-67.066574
19003.051758	-69.841339
19013.818359	-70.940796
19024.584961	-69.412315
19035.351563	-64.193001
19046.118164	-63.093571
19056.884766	-63.141460
19067.651367	-65.655098
19078.417969	-69.795868
19089.184570	-65.981598
19099.951172	-63.706875
19110.717773	-65.001671
19121.484375	-70.733017
19132.250977	-78.613647
19143.017578	-77.875694
19153.784180	-72.793076
19164.550781	-79.360909
19175.317383	-79.306175
19186.083984	-72.821472
19196.850586	-70.015358
19207.617188	-69.112122
19218.383789	-73.781372
19229.150391	-69.279068
19239.916992	-64.583153
19250.683594	-63.629723
19261.450195	-66.850533
19272.216797	-67.570045
19282.983398	-64.352440
19293.750000	-62.528736
19304.516602	-66.754990
19315.283203	-70.805687
19326.049805	-70.520775
19336.816406	-72.031960
19347.583008	-65.148346
19358.349609	-66.341393
19369.116211	-65.046753
19379.882813	-63.309044
19390.649414	-70.650482
19401.416016	-73.174454
19412.182617	-76.721428
19422.949219	-70.884895
19433.715820	-70.630493
19444.482422	-69.303032
19455.249023	-66.877945
19466.015625	-63.401844
19476.782227	-61.792042
19487.548828	-63.940197
19498.315430	-62.664463
19509.082031	-60.823505
19519.848633	-67.472595
19530.615234	-68.626404
19541.381836	-69.741287
19552.148438	-85.649284
19562.915039	-77.350883
19573.681641	-65.270294
19584.448242	-66.943634
19595.214844	-73.409203
19605.981445	-71.348824
19616.748047	-64.825020
19627.514648	-64.102409
19638.281250	-71.463692
19649.047852	-69.532547
19659.814453	-70.936050
19670.581055	-74.216614
19681.347656	-63.338684
19692.114258	-64.759132
19702.880859	-73.537659
19713.647461	-74.339859
19724.414063	-70.740768
19735.180664	-67.294136
19745.947266	-88.408638
19756.713867	-70.927071
19767.480469	-79.539536
19778.247070	-81.212944
19789.013672	-70.492950
19799.780273	-71.805855
19810.546875	-68.268974
19821.313477	-70.347054
19832.080078	-68.060135
19842.846680	-63.103985
19853.613281	-60.469700
19864.379883	-62.048035
19875.146484	-71.434753
19885.913086	-68.790428
19896.679688	-61.192314
19907.446289	-65.116333
19918.212891	-66.229843
19928.979492	-71.317665
19939.746094	-77.778595
19950.512695	-75.668594
19961.279297	-74.938309
19972.045898	-75.825813
19982.812500	-69.361946
19993.579102	-61.054035
20004.345703	-62.310772
20015.112305	-60.671841
20025.878906	-63.560863
20036.645508	-69.718903
20047.412109	-69.898048
20058.178711	-67.838814
20068.945313	-69.770264
20079.711914	-64.404076
20090.478516	-65.154037
20101.245117	-66.113228
20112.011719	-62.566238
20122.778320	-67.315880
20133.544922	-61.902397
20144.311523	-67.572670
20155.078125	-72.454872
20165.844727	-66.760246
20176.611328	-65.453140
20187.377930	-70.154823
20198.144531	-64.332359
20208.911133	-75.070702
20219.677734	-71.419365
20230.444336	-85.109108
20241.210938	-77.805511
20251.977539	-87.456406
20262.744141	-70.745346
20273.510742	-67.390800
20284.277344	-80.988121
20295.043945	-69.403587
20305.810547	-70.357132
20316.577148	-71.037376
20327.343750	-61.514732
20338.110352	-67.490379
20348.876953	-64.499168
20359.643555	-64.926979
20370.410156	-81.728767
20381.176758	-71.486290
20391.943359	-66.743233
20402.709961	-63.465694
20413.476563	-64.505173
20424.243164	-66.537605
20435.009766	-67.713516
20445.776367	-80.041832
20456.542969	-68.148659
20467.309570	-70.603119
20478.076172	-74.931572
20488.842773	-68.405991
20499.609375	-63.088413
20510.375977	-65.743538
20521.142578	-61.512344
20531.909180	-61.815331
20542.675781	-78.851891
20553.442383	-66.834229
20564.208984	-73.935219
20574.975586	-72.863495
20585.742188	-88.437050
20596.508789	-72.512543
20607.275391	-70.979996
20618.041992	-70.125015
20628.808594	-76.898911
20639.575195	-77.622803
20650.341797	-77.430344
20661.108398	-68.374855
20671.875000	-66.116257
20682.641602	-72.353394
20693.408203	-74.028122
20704.174805	-74.797066
20714.941406	-78.319550
20725.708008	-60.581863
20736.474609	-59.237041
20747.241211	-65.002342
20758.007813	-71.014221
20768.774414	-66.607307
20779.541016	-61.781811
20790.307617	-62.431087
20801.074219	-67.860199
20811.840820	-80.938721
20822.607422	-91.752174
20833.374023	-75.358681
20844.140625	-70.997017
20854.907227	-75.115028
20865.673828	-70.634232
20876.440430	-64.578094
20887.207031	-66.945900
20897.973633	-71.715263
20908.740234	-67.513832
20919.506836	-66.009613
20930.273438	-75.146736
20941.040039	-67.893433
20951.806641	-64.984383
20962.573242	-61.067997
20973.339844	-61.256779
20984.106445	-71.258598
20994.873047	-69.910797
21005.639648	-64.368683
21016.406250	-65.938354
21027.172852	-67.330673
21037.939453	-72.860481
21048.706055	-67.347496
21059.472656	-74.729553
21070.239258	-66.005348
21081.005859	-67.122131
21091.772461	-65.001114
21102.539063	-65.976105
21113.305664	-64.043922
21124.072266	-63.760433
21134.838867	-69.526329
21145.605469	-67.857086
21156.372070	-67.367722
21167.138672	-67.420860
21177.905273	-62.229919
21188.671875	-64.781464
21199.438477	-77.726555
21210.205078	-76.149918
21220.971680	-67.777367
21231.738281	-69.908768
21242.504883	-68.494415
21253.271484	-66.163383
21264.038086	-75.261841
21274.804688	-63.870728
21285.571289	-67.506668
21296.337891	-72.175659
21307.104492	-75.393829
21317.871094	-66.430031
21328.637695	-77.420830
21339.404297	-78.441086
21350.170898	-70.863144
21360.937500	-66.647194
21371.704102	-66.388962
21382.470703	-76.384323
21393.237305	-69.313904
21404.003906	-72.431313
21414.770508	-70.222870
21425.537109	-71.702888
21436.303711	-81.090218
21447.070313	-67.467934
21457.836914	-66.193832
21468.603516	-63.843060
21479.370117	-63.877396
21490.136719	-67.393181
21500.903320	-70.243912
21511.669922	-69.102264
21522.436523	-65.917313
21533.203125	-69.359032
21543.969727	-70.312622
21554.736328	-68.093933
21565.502930	-64.555153
21576.269531	-64.461700
21587.036133	-66.491089
21597.802734	-59.501671
21608.569336	-62.994877
21619.335938	-73.783302
21630.102539	-63.918995
21640.869141	-58.915573
21651.635742	-61.198864
21662.402344	-69.707512
21673.168945	-71.391304
21683.935547	-63.678577
21694.702148	-63.833572
21705.468750	-63.891785
21716.235352	-67.869415
21727.001953	-66.654961
21737.768555	-66.755501
21748.535156	-66.490852
21759.301758	-68.112793
21770.068359	-71.290779
21780.834961	-76.755310
21791.601563	-68.547241
21802.368164	-67.781013
21813.134766	-71.013245
21823.901367	-68.133179
21834.667969	-64.347122
21845.434570	-71.067101
21856.201172	-75.887749
21866.967773	-71.653885
21877.734375	-82.349632
21888.500977	-68.524818
21899.267578	-63.770073
21910.034180	-63.656586
21920.800781	-64.153450
21931.567383	-67.559410
21942.333984	-82.719894
21953.100586	-76.620949
21963.867188	-68.248451
21974.633789	-65.950150
21985.400391	-64.138809
21996.166992	-64.767311
22006.933594	-70.008163
22017.700195	-68.115746
22028.466797	-64.908829
22039.233398	-62.442818
