-0.36913660
0.15209550
0.91393310
-0.32699311
-1.55035889
0.79289663
3.46378756
1.11397219
0.77794760
0.23549265
1.12979794
-0.12226923
-3.82952261
-3.69014359
-0.33816651
-5.42261696
0.55645293
5.90074825
10.58322144
2.67291999
12.55362225
16.55143356
-0.44608855
-4.92242432
2.47966218
-10.11729240
-15.99974442
-22.98239899
-21.87689590
-10.71342278
-0.33173645
12.54434681
0.77584726
20.39096832
13.08482742
1.27140546
2.12149048
-11.72621250
-9.29204941
1.34253919
24.13006401
11.51692200
4.89492846
10.53390598
12.62634277
8.37376022
7.58609867
5.65018272
23.35028458
1.59468615
-15.66261578
-36.28255081
-17.52967834
24.24449921
-9.87054157
-14.23415661
-2.33055830
4.73173237
36.09653091
-2.63928866
-4.16716909
25.62043953
-0.91412693
-10.85196590
8.74925518
9.92294407
-10.76312065
8.71432304
-1.09198797
19.72366714
-10.24182701
-16.13183403
-16.54967499
9.43850899
-18.08082199
1.45123363
-25.20743370
-17.87418365
22.64275360
14.18268108
0.41926870
3.17651224
8.14849091
-12.94584274
2.45092177
-5.03501844
-2.14380383
28.35028648
-10.11032867
0.94473261
9.60388470
-16.99450874
-19.55360794
14.60587215
18.32509232
-5.46007061
-9.51244545
-7.29875231
-5.68674707
-4.99424553
-7.94489145
-30.82796288
-8.83717060
12.01173019
8.86538887
12.95967484
16.85893250
-1.05259812
5.28207207
6.67065907
-0.94052237
16.75109100
0.63089532
-4.42666531
-22.27710533
-13.73526478
28.54165268
-0.27018532
-19.69002151
-17.45275116
-24.07297897
-10.50314903
14.58463764
-13.23559570
-7.28733015
-4.46539116
-15.23366451
-7.93949032
-2.26702332
-9.77123356
8.56352043
13.07013130
-8.86150360
3.69061017
-20.33995247
-12.41091061
-6.45054483
-16.53091240
-16.45590019
15.60904121
10.35756874
2.55204988
-5.06316566
7.73338223
15.17353344
-3.11414194
4.03465509
-11.65661526
-8.72864246
14.40709877
16.20120239
-16.09179306
-30.43897629
6.01120853
5.41936255
4.23043442
7.96190596
-17.31187820
-16.25941849
0.28339550
3.67918229
5.95278168
14.95968151
-6.16083145
7.23190546
15.74205494
6.60178661
-19.52471924
-7.24953985
2.79642916
-7.32145405
-4.56711149
-5.67704821
27.20153809
-2.86161423
-10.60589027
-15.63642693
1.84498858
-6.28960943
-5.29562235
-18.45448875
3.35420799
-10.87907791
-4.33840752
28.32991219
1.08292663
14.93878746
-15.21520615
22.69345093
-1.97801697
9.47492504
11.25241852
12.34824181
-15.65535927
2.36750531
-6.56465530
-33.43858719
-19.05286598
11.16181755
23.87349129
7.18215370
1.60912049
-6.71269798
-0.05831885
2.01093411
21.32663727
36.91500854
38.28334045
-4.05627155
-5.13882017
-9.91069317
-4.49220133
-1.92090786
5.28328419
6.55414534
-2.51933575
-2.02189445
-8.07844162
-1.32078695
-2.12575650
-1.51933372
1.42301428
0.16912691
-3.26120567
-3.56894231
-1.26735198
0.63677830
1.04585278
0.18936270
-0.21365322
0.16111165
-0.64059407
0.40238976
0.17761274
0.83127636
0.92028397
0.76749319
0.54750305
0.57497948
-0.18353666
0.35664961
1.21587229
-0.74712402
0.32546592
-0.09909899
0.09230129
0.42612714
0.20732799
0.86447710
-0.10893630
-0.67417210
-0.65330511
-0.67599326
-0.88352221
-0.27833110
0.48441374
0.58348095
-0.02847628
0.03770821
0.30642548
-0.12248968
-0.07194740
0.34025073
0.80758870
-0.28447613
0.03203441
-0.36666012
-0.12096649
1.11348009
0.59225667
0.10289326
1.06345415
0.21694513
0.08866259
0.03826401
0.59401983
0.65435481
0.07151368
0.39078024
1.14844728
0.44605359
0.32026306
-0.38363475
-0.02124805
-0.53123951
0.99884552
0.24980229
-0.48012957
-0.53680611
-0.13081124
-0.34814960
-0.44007674
0.07411423
0.27363241
-0.27531672
-0.13372102
0.09927094
-0.10596031
0.05155699
-0.25541374
-0.95249271
-1.02028477
0.35940954
0.02352940
-0.29422995
0.15041968
-0.27056858
-0.08989581
0.00262935
0.77852994
0.87777132
0.55857235
0.79028553
0.76986563
0.37938735
0.28334489
0.40117586
0.26690486
0.30878174
0.66623151
0.53070444
0.47511265
0.63291806
-0.51406920
0.73034894
0.87888581
0.49959540
0.53464156
0.65007794
0.15090090
-0.27223921
0.10770536
0.02734123
-0.15701026
0.57607114
0.93654490
0.01225599
-0.11270612
-0.05684046
-0.27869725
-0.09475864
0.35885471
0.26766998
0.54152566
0.05556724
-0.29143336
-0.37017334
-0.38805136
-0.30818778
0.13778822
0.04209360
-0.60352534
0.10665462
0.15723526
0.30088818
-0.00315739
-0.40391520
-0.17464603
0.17157792
-0.49738416
-0.03367905
-0.08140913
-0.23357083
0.00602884
0.15151979
0.06143097
-0.61974818
-0.49370986
-0.63267154
-0.62429619
-0.55024081
0.13769019
-0.02119826
-0.02923245
0.08781937
0.08384778
0.19106477
0.64216781
0.06892571
-0.65532267
0.08548426
-0.30831388
0.10957570
0.25327748
-0.31302378
-0.31791034
0.22283626
-0.10630241
-0.00697240
-0.16380648
0.23693040
0.06647167
0.13171341
-0.46018630
0.16714309
0.70695019
0.15261197
-0.16620560
-0.47876182
-0.38860470
-0.30512694
0.14575453
0.17656192
-0.47647479
0.12339947
-0.23863128
0.06606966
0.09877988
-0.08271213
0.23904787
0.30149773
0.54532152
0.63363421
0.48934725
0.37370461
-0.16399725
0.25371656
-0.05197078
-0.45002335
-0.08183408
-0.35424241
-0.19388928
-0.09645211
-0.28127936
-0.09317826
0.28562331
-0.02882091
0.19242556
0.58623016
0.83566827
0.46457183
-0.08740572
0.15643831
0.21389106
0.46778473
-0.09665807
0.36708090
0.17600605
0.10631793
0.44190559
0.65886259
-0.24368656
0.67725796
0.03062916
-0.19189537
0.12030847
-0.17055757
-0.48976821
-0.24559180
-0.00372445
-0.15063769
-0.13240474
0.36407974
0.48875260
0.48067361
0.39489663
-0.04825924
-0.11605310
-0.04110099
-0.28367800
0.20155822
-0.60939914
-0.91785598
-0.37365782
0.43157405
-0.11409760
0.21672133
0.62527978
0.43771267
0.54091650
-0.18674669
0.21173538
0.73779851
0.23212004
-0.01086297
-0.14788692
0.27933249
-0.15631062
-0.32400528
0.17985797
0.12691779
0.46934617
0.21516056
0.04992533
0.06515443
-0.09120614
0.12685210
-0.50412256
0.01324327
0.49995968
-0.01787071
0.11925866
0.71081990
0.17522928
0.05492404
-0.22781076
0.03463005
-0.18990311
0.03856782
0.02083385
-0.01863999
0.36638430
0.00744594
-0.85964704
-0.22797544
0.09256163
0.28388676
-0.04823875
-0.31653222
0.44820839
0.17472100
0.15916587
