Frequency (Hz)	Level (dB)
10.766602	-79.508636
21.533203	-73.257050
32.299805	-70.637405
43.066406	-76.921745
53.833008	-70.227043
64.599609	-62.842857
75.366211	-61.614647
86.132813	-62.817947
96.899414	-68.224190
107.666016	-70.545105
118.432617	-68.695877
129.199219	-62.615349
139.965820	-60.903648
150.732422	-73.864174
161.499023	-70.157509
172.265625	-77.092003
183.032227	-65.186134
193.798828	-67.924019
204.565430	-67.633820
215.332031	-62.956055
226.098633	-59.928123
236.865234	-60.158501
247.631836	-61.301292
258.398438	-55.852032
269.165039	-54.721382
279.931641	-58.044262
290.698242	-68.562836
301.464844	-72.023270
312.231445	-64.885735
322.998047	-61.610542
333.764648	-56.475716
344.531250	-56.709087
355.297852	-59.824825
366.064453	-61.976227
376.831055	-65.610313
387.597656	-80.922859
398.364258	-56.952259
409.130859	-52.038223
419.897461	-50.814781
430.664063	-50.514042
441.430664	-50.746796
452.197266	-59.111088
462.963867	-61.291420
473.730469	-58.089920
484.497070	-57.290714
495.263672	-51.142010
506.030273	-47.119122
516.796875	-48.540333
527.563477	-47.282955
538.330078	-47.597965
549.096680	-47.066189
559.863281	-43.407597
570.629883	-42.923000
581.396484	-43.041199
592.163086	-42.209328
602.929688	-43.659737
613.696289	-48.048298
624.462891	-44.666512
635.229492	-51.846745
645.996094	-62.806599
656.762695	-52.499580
667.529297	-44.194653
678.295898	-44.757618
689.062500	-43.753960
699.829102	-45.282490
710.595703	-55.969742
721.362305	-45.117813
732.128906	-42.775097
742.895508	-41.675407
753.662109	-42.387775
764.428711	-48.523621
775.195313	-67.542221
785.961914	-45.500584
796.728516	-40.655117
807.495117	-40.783939
818.261719	-54.523129
829.028320	-38.918926
839.794922	-38.228592
850.561523	-51.216019
861.328125	-40.793556
872.094727	-38.495506
882.861328	-40.065125
893.627930	-42.123817
904.394531	-39.486591
915.161133	-35.726555
925.927734	-34.388344
936.694336	-33.894928
947.460938	-38.114441
958.227539	-52.283459
968.994141	-49.943298
979.760742	-36.910042
990.527344	-31.164675
1001.293945	-33.056953
1012.060547	-45.474892
1022.827148	-36.602184
1033.593750	-35.497501
1044.360352	-37.467899
1055.126953	-42.644867
1065.893555	-40.539875
1076.660156	-38.367233
1087.426758	-56.676777
1098.193359	-33.582359
1108.959961	-32.996494
1119.726563	-38.929356
1130.493164	-41.838223
1141.259766	-44.052639
1152.026367	-38.216976
1162.792969	-40.247776
1173.559570	-35.463211
1184.326172	-29.579924
1195.092773	-28.791655
1205.859375	-31.355730
1216.625977	-36.801849
1227.392578	-35.959480
1238.159180	-31.036295
1248.925781	-32.618961
1259.692383	-41.683922
1270.458984	-46.276711
1281.225586	-43.896542
1291.992188	-44.189751
1302.758789	-43.364216
1313.525391	-38.632942
1324.291992	-32.518852
1335.058594	-32.882206
1345.825195	-40.870628
1356.591797	-36.502960
1367.358398	-32.498219
1378.125000	-30.400585
1388.891602	-30.227514
1399.658203	-31.579142
1410.424805	-34.045387
1421.191406	-39.005959
1431.958008	-34.922482
1442.724609	-36.599545
1453.491211	-48.683376
1464.257813	-32.759647
1475.024414	-28.617683
1485.791016	-28.080547
1496.557617	-33.882870
1507.324219	-50.214184
1518.090820	-53.470245
1528.857422	-54.925526
1539.624023	-37.619717
1550.390625	-35.328865
1561.157227	-37.352058
1571.923828	-38.896343
1582.690430	-36.401054
1593.457031	-35.816677
1604.223633	-43.825817
1614.990234	-40.276810
1625.756836	-46.572536
1636.523438	-40.864647
1647.290039	-48.222366
1658.056641	-46.584267
1668.823242	-54.656250
1679.589844	-44.244705
1690.356445	-40.056602
1701.123047	-45.744118
1711.889648	-40.563404
1722.656250	-37.751839
1733.422852	-50.637890
1744.189453	-38.179539
1754.956055	-38.080830
1765.722656	-35.519413
1776.489258	-36.184498
1787.255859	-36.293900
1798.022461	-40.378361
1808.789063	-37.220913
1819.555664	-32.567818
1830.322266	-45.274258
1841.088867	-41.957794
1851.855469	-43.866375
1862.622070	-56.723965
1873.388672	-51.039642
1884.155273	-50.477985
1894.921875	-37.848373
1905.688477	-37.437325
1916.455078	-43.174572
1927.221680	-42.228783
1937.988281	-37.572052
1948.754883	-39.956123
1959.521484	-36.569180
1970.288086	-33.759338
1981.054688	-32.555676
1991.821289	-34.246948
2002.587891	-37.180592
2013.354492	-37.257366
2024.121094	-39.690311
2034.887695	-50.151348
2045.654297	-37.658333
2056.420898	-32.329239
2067.187500	-38.067062
2077.954102	-38.557159
2088.720703	-36.517277
2099.487305	-34.404919
2110.253906	-31.275259
2121.020508	-32.204151
2131.787109	-36.328384
2142.553711	-45.904072
2153.320313	-46.669689
2164.086914	-44.442936
2174.853516	-39.420925
2185.620117	-32.578945
2196.386719	-29.838936
2207.153320	-31.890310
2217.919922	-32.412785
2228.686523	-39.079586
2239.453125	-37.163113
2250.219727	-37.863998
2260.986328	-39.757862
2271.752930	-38.173912
2282.519531	-32.003845
2293.286133	-34.766899
2304.052734	-38.835983
2314.819336	-40.913151
2325.585938	-34.042435
2336.352539	-35.691486
2347.119141	-42.545193
2357.885742	-44.015266
2368.652344	-53.605309
2379.418945	-38.482769
2390.185547	-36.451466
2400.952148	-36.982361
2411.718750	-47.269848
2422.485352	-35.813889
2433.251953	-35.076248
2444.018555	-34.139191
2454.785156	-34.723797
2465.551758	-37.559586
2476.318359	-40.228043
2487.084961	-37.620399
2497.851563	-33.276714
2508.618164	-34.688141
2519.384766	-35.033447
2530.151367	-38.849606
2540.917969	-38.270367
2551.684570	-33.750122
2562.451172	-39.457268
2573.217773	-39.751575
2583.984375	-38.935848
2594.750977	-42.474541
2605.517578	-39.610069
2616.284180	-42.346722
2627.050781	-44.204384
2637.817383	-41.859566
2648.583984	-38.786896
2659.350586	-33.244614
2670.117188	-36.628220
2680.883789	-42.758675
2691.650391	-44.630299
2702.416992	-36.687527
2713.183594	-34.058353
2723.950195	-34.539635
2734.716797	-37.767376
2745.483398	-37.703133
2756.250000	-34.725426
2767.016602	-32.379322
2777.783203	-35.546261
2788.549805	-37.894806
2799.316406	-36.365009
2810.083008	-40.004459
2820.849609	-45.248089
2831.616211	-38.640049
2842.382813	-36.543133
2853.149414	-37.032162
2863.916016	-31.378866
2874.682617	-28.751970
2885.449219	-28.313368
2896.215820	-31.691805
2906.982422	-40.685825
2917.749023	-41.931313
2928.515625	-39.263599
2939.282227	-35.324467
2950.048828	-33.608521
2960.815430	-36.799957
2971.582031	-39.305218
2982.348633	-33.746399
2993.115234	-33.518101
3003.881836	-32.354881
3014.648438	-36.413227
3025.415039	-53.822765
3036.181641	-41.204166
3046.948242	-45.591660
3057.714844	-36.727604
3068.481445	-36.801090
3079.248047	-36.026817
3090.014648	-38.355923
3100.781250	-34.765453
3111.547852	-35.394478
3122.314453	-39.943192
3133.081055	-47.748123
3143.847656	-48.636963
3154.614258	-40.733524
3165.380859	-41.312965
3176.147461	-36.595837
3186.914063	-33.396805
3197.680664	-39.510357
3208.447266	-42.010944
3219.213867	-36.784496
3229.980469	-41.270317
3240.747070	-35.253899
3251.513672	-33.172348
3262.280273	-39.245464
3273.046875	-45.008774
3283.813477	-35.714008
3294.580078	-33.635479
3305.346680	-35.874069
3316.113281	-32.526188
3326.879883	-32.537968
3337.646484	-33.216660
3348.413086	-40.234360
3359.179688	-40.670876
3369.946289	-42.928196
3380.712891	-48.054031
3391.479492	-39.216251
3402.246094	-39.277390
3413.012695	-46.354717
3423.779297	-51.581257
3434.545898	-39.868732
3445.312500	-35.512161
3456.079102	-33.076324
3466.845703	-40.701645
3477.612305	-43.111423
3488.378906	-35.353359
3499.145508	-37.150387
3509.912109	-39.945633
3520.678711	-46.995152
3531.445313	-39.509209
3542.211914	-34.592537
3552.978516	-32.409241
3563.745117	-40.281776
3574.511719	-33.317757
3585.278320	-36.828995
3596.044922	-58.429237
3606.811523	-40.642128
3617.578125	-33.221741
3628.344727	-35.631588
3639.111328	-44.963612
3649.877930	-45.005379
3660.644531	-40.240833
3671.411133	-37.525658
3682.177734	-57.190536
3692.944336	-33.080673
3703.710938	-31.869637
3714.477539	-41.924114
3725.244141	-32.682251
3736.010742	-29.276531
3746.777344	-30.488018
3757.543945	-40.733643
3768.310547	-35.381557
3779.077148	-34.816338
3789.843750	-33.574390
3800.610352	-32.044964
3811.376953	-33.277531
3822.143555	-37.427792
3832.910156	-38.234825
3843.676758	-34.880596
3854.443359	-30.968821
3865.209961	-35.204517
3875.976563	-40.681747
3886.743164	-37.332237
3897.509766	-38.257172
3908.276367	-33.228348
3919.042969	-31.775108
3929.809570	-37.001133
3940.576172	-40.600754
3951.342773	-47.929966
3962.109375	-39.276859
3972.875977	-35.960396
3983.642578	-35.777290
3994.409180	-34.975594
4005.175781	-43.978329
4015.942383	-37.161427
4026.708984	-34.695877
4037.475586	-29.894911
4048.242188	-30.573233
4059.008789	-33.148361
4069.775391	-37.104446
4080.541992	-46.708588
4091.308594	-43.134754
4102.075195	-37.617741
4112.841797	-34.081303
4123.608398	-36.602184
4134.375000	-41.313080
4145.141602	-38.987152
4155.908203	-37.575016
4166.674805	-32.916897
4177.441406	-32.682655
4188.208008	-31.615593
4198.974609	-29.770041
4209.741211	-30.622271
4220.507813	-32.822689
4231.274414	-36.376923
4242.041016	-39.007946
4252.807617	-37.160873
4263.574219	-37.664635
4274.340820	-37.099598
4285.107422	-33.020412
4295.874023	-34.320080
4306.640625	-44.823189
4317.407227	-43.915356
4328.173828	-31.880505
4338.940430	-28.117931
4349.707031	-34.121742
4360.473633	-43.659153
4371.240234	-40.223423
4382.006836	-41.161026
4392.773438	-49.344429
4403.540039	-42.905861
4414.306641	-39.924374
4425.073242	-32.485218
4435.839844	-30.909601
4446.606445	-34.089909
4457.373047	-46.179317
4468.139648	-32.013664
4478.906250	-30.254669
4489.672852	-32.453373
4500.439453	-33.786049
4511.206055	-34.842571
4521.972656	-35.702549
4532.739258	-33.440281
4543.505859	-29.857101
4554.272461	-32.285458
4565.039063	-40.133984
4575.805664	-35.123039
4586.572266	-35.170349
4597.338867	-40.784225
4608.105469	-38.460514
4618.872070	-45.575005
4629.638672	-43.226688
4640.405273	-42.130943
4651.171875	-41.552135
4661.938477	-36.166996
4672.705078	-33.361637
4683.471680	-37.227753
4694.238281	-45.818180
4705.004883	-45.252365
4715.771484	-38.476372
4726.538086	-34.624500
4737.304688	-32.245102
4748.071289	-29.983114
4758.837891	-27.080887
4769.604492	-27.391056
4780.371094	-35.156475
4791.137695	-43.674084
4801.904297	-43.591408
4812.670898	-41.705761
4823.437500	-39.515705
4834.204102	-44.740849
4844.970703	-36.839436
4855.737305	-35.846405
4866.503906	-42.384346
4877.270508	-51.830467
4888.037109	-41.899868
4898.803711	-41.414604
4909.570313	-36.819870
4920.336914	-38.117264
4931.103516	-49.275066
4941.870117	-53.505497
4952.636719	-41.525108
4963.403320	-32.870663
4974.169922	-31.324039
4984.936523	-31.737549
4995.703125	-32.601513
5006.469727	-38.788280
5017.236328	-40.913158
5028.002930	-51.358025
5038.769531	-43.079006
5049.536133	-38.277756
5060.302734	-38.444401
5071.069336	-36.093681
5081.835938	-36.993755
5092.602539	-41.008987
5103.369141	-35.367710
5114.135742	-30.327433
5124.902344	-28.514574
5135.668945	-28.275272
5146.435547	-31.847288
5157.202148	-37.199745
5167.968750	-44.103920
5178.735352	-35.777832
5189.501953	-36.227459
5200.268555	-34.149643
5211.035156	-30.439791
5221.801758	-30.312342
5232.568359	-37.317421
5243.334961	-29.829096
5254.101563	-26.826630
5264.868164	-29.685806
5275.634766	-37.294956
5286.401367	-35.617916
5297.167969	-39.906036
5307.934570	-38.015465
5318.701172	-35.690964
5329.467773	-35.386040
5340.234375	-34.252617
5351.000977	-33.579834
5361.767578	-33.214127
5372.534180	-31.477486
5383.300781	-32.351151
5394.067383	-34.300541
5404.833984	-41.519840
5415.600586	-36.104218
5426.367188	-30.517237
5437.133789	-32.061111
5447.900391	-32.065331
5458.666992	-36.181633
5469.433594	-46.327442
5480.200195	-39.162922
5490.966797	-34.500702
5501.733398	-36.441547
5512.500000	-36.309193
5523.266602	-36.223625
5534.033203	-35.583820
5544.799805	-34.242924
5555.566406	-35.849255
5566.333008	-54.934139
5577.099609	-33.074520
5587.866211	-32.248253
5598.632813	-34.993393
5609.399414	-35.632084
5620.166016	-35.441002
5630.932617	-39.513248
5641.699219	-32.647366
5652.465820	-31.028820
5663.232422	-33.229641
5673.999023	-44.515297
5684.765625	-36.612968
5695.532227	-34.419086
5706.298828	-36.695671
5717.065430	-38.795700
5727.832031	-38.189278
5738.598633	-41.481979
5749.365234	-42.118889
5760.131836	-37.434963
5770.898438	-38.437218
5781.665039	-35.377487
5792.431641	-40.848961
5803.198242	-52.350128
5813.964844	-40.500427
5824.731445	-37.422016
5835.498047	-35.725883
5846.264648	-35.272457
5857.031250	-35.714413
5867.797852	-37.429520
5878.564453	-38.721371
5889.331055	-49.154427
5900.097656	-35.606934
5910.864258	-33.290104
5921.630859	-31.142775
5932.397461	-32.763546
5943.164063	-41.718952
5953.930664	-42.802021
5964.697266	-40.620518
5975.463867	-38.790573
5986.230469	-35.093536
5996.997070	-34.860073
6007.763672	-37.868473
6018.530273	-34.768459
6029.296875	-32.203484
6040.063477	-37.381836
6050.830078	-41.966034
6061.596680	-37.441208
6072.363281	-39.901909
6083.129883	-41.775707
6093.896484	-40.385254
6104.663086	-34.279011
6115.429688	-36.512215
6126.196289	-49.419106
6136.962891	-43.396900
6147.729492	-40.570663
6158.496094	-40.401554
6169.262695	-40.780895
6180.029297	-37.704281
6190.795898	-38.238369
6201.562500	-39.286865
6212.329102	-42.430328
6223.095703	-47.722897
6233.862305	-36.948074
6244.628906	-32.197582
6255.395508	-32.320145
6266.162109	-40.713371
6276.928711	-51.905579
6287.695313	-39.026264
6298.461914	-34.319271
6309.228516	-34.194424
6319.995117	-34.241127
6330.761719	-34.852745
6341.528320	-38.237091
6352.294922	-33.206097
6363.061523	-30.557896
6373.828125	-30.727730
6384.594727	-30.542627
6395.361328	-31.235113
6406.127930	-33.519974
6416.894531	-34.012142
6427.661133	-33.837162
6438.427734	-38.974449
6449.194336	-41.807079
6459.960938	-37.646496
6470.727539	-36.495193
6481.494141	-31.277386
6492.260742	-29.361067
6503.027344	-29.862885
6513.793945	-32.990360
6524.560547	-32.210155
6535.327148	-33.415195
6546.093750	-39.113628
6556.860352	-35.851025
6567.626953	-41.054676
6578.393555	-43.576073
6589.160156	-37.430489
6599.926758	-41.324402
6610.693359	-44.684177
6621.459961	-45.074314
6632.226563	-37.182240
6642.993164	-32.200237
6653.759766	-32.097691
6664.526367	-34.174232
6675.292969	-37.252102
6686.059570	-50.017956
6696.826172	-34.531197
6707.592773	-33.714329
6718.359375	-40.599560
6729.125977	-50.826435
6739.892578	-38.950062
6750.659180	-33.847080
6761.425781	-36.151730
6772.192383	-43.023445
6782.958984	-48.598991
6793.725586	-50.042339
6804.492188	-43.119900
6815.258789	-38.784164
6826.025391	-35.759472
6836.791992	-35.845650
6847.558594	-35.210796
6858.325195	-36.430523
6869.091797	-37.683498
6879.858398	-31.111437
6890.625000	-30.868879
6901.391602	-37.614365
6912.158203	-50.747551
6922.924805	-41.739819
6933.691406	-41.979008
6944.458008	-44.158070
6955.224609	-37.097534
6965.991211	-34.548512
6976.757813	-43.333584
6987.524414	-38.660294
6998.291016	-35.562561
7009.057617	-40.102249
7019.824219	-38.928806
7030.590820	-44.714645
7041.357422	-35.945721
7052.124023	-34.011120
7062.890625	-31.341478
7073.657227	-34.309235
7084.423828	-41.459110
7095.190430	-36.604870
7105.957031	-33.968029
7116.723633	-31.934078
7127.490234	-31.082268
7138.256836	-33.312740
7149.023438	-36.845947
7159.790039	-40.804497
7170.556641	-34.887726
7181.323242	-30.797190
7192.089844	-29.633274
7202.856445	-41.544437
7213.623047	-34.279697
7224.389648	-38.674454
7235.156250	-40.879364
7245.922852	-36.298927
7256.689453	-39.971943
7267.456055	-39.838520
7278.222656	-35.978527
7288.989258	-32.740501
7299.755859	-33.119598
7310.522461	-40.547737
7321.289063	-50.307854
7332.055664	-49.054703
7342.822266	-42.843311
7353.588867	-36.180058
7364.355469	-32.410290
7375.122070	-30.774551
7385.888672	-31.772593
7396.655273	-33.398228
7407.421875	-40.259998
7418.188477	-44.989899
7428.955078	-37.922901
7439.721680	-35.214695
7450.488281	-36.589943
7461.254883	-32.801235
7472.021484	-30.058628
7482.788086	-30.760149
7493.554688	-33.125126
7504.321289	-35.662281
7515.087891	-34.726219
7525.854492	-34.952564
7536.621094	-34.236488
7547.387695	-38.131798
7558.154297	-40.714455
7568.920898	-38.027069
7579.687500	-41.012062
7590.454102	-42.312016
7601.220703	-47.603352
7611.987305	-47.123489
7622.753906	-33.025574
7633.520508	-29.649364
7644.287109	-31.530527
7655.053711	-37.734249
7665.820313	-49.753178
7676.586914	-46.685448
7687.353516	-41.699024
7698.120117	-41.177738
7708.886719	-52.910923
7719.653320	-37.592365
7730.419922	-33.915733
7741.186523	-38.414043
7751.953125	-55.714245
7762.719727	-39.451199
7773.486328	-36.539162
7784.252930	-36.104118
7795.019531	-35.760258
7805.786133	-34.572178
7816.552734	-33.763329
7827.319336	-40.243015
7838.085938	-41.339249
7848.852539	-41.433796
7859.619141	-38.311928
7870.385742	-35.954041
7881.152344	-33.843037
7891.918945	-36.384151
7902.685547	-38.969704
7913.452148	-35.426445
7924.218750	-36.108990
7934.985352	-35.579731
7945.751953	-35.772568
7956.518555	-39.365593
7967.285156	-37.909134
7978.051758	-35.109688
7988.818359	-34.736057
7999.584961	-35.814629
8010.351563	-36.641453
8021.118164	-41.241711
8031.884766	-51.302711
8042.651367	-40.269661
8053.417969	-37.099834
8064.184570	-45.488369
8074.951172	-39.192482
8085.717773	-36.437366
8096.484375	-35.588234
8107.250977	-38.567936
8118.017578	-32.159733
8128.784180	-31.754454
8139.550781	-33.926315
8150.317383	-36.140469
8161.083984	-39.818871
8171.850586	-36.246254
8182.617188	-34.729153
8193.383789	-33.465706
8204.150391	-37.268871
8214.916992	-39.151535
8225.683594	-39.809097
8236.450195	-41.803028
8247.216797	-38.408829
8257.983398	-36.227547
8268.750000	-35.771637
8279.516602	-37.960045
8290.283203	-40.228088
8301.049805	-39.894566
8311.816406	-37.595882
8322.583008	-33.268684
8333.349609	-33.653744
8344.116211	-31.837978
8354.882813	-32.551720
8365.649414	-36.406132
8376.416016	-33.924282
8387.182617	-35.171753
8397.949219	-37.560341
8408.715820	-49.912785
8419.482422	-32.666592
8430.249023	-29.388542
8441.015625	-36.630966
8451.782227	-34.227951
8462.548828	-32.004242
8473.315430	-31.243574
8484.082031	-30.282837
8494.848633	-32.055450
8505.615234	-35.119343
8516.381836	-38.119923
8527.148438	-40.649448
8537.915039	-44.224747
8548.681641	-40.030846
8559.448242	-35.651058
8570.214844	-34.135620
8580.981445	-44.237961
8591.748047	-32.784397
8602.514648	-29.522020
8613.281250	-33.666222
8624.047852	-38.318703
8634.814453	-35.083096
8645.581055	-33.382965
8656.347656	-36.386990
8667.114258	-48.450157
8677.880859	-40.609447
8688.647461	-36.579700
8699.414063	-35.146786
8710.180664	-36.871010
8720.947266	-41.288479
8731.713867	-50.856842
8742.480469	-44.258430
8753.247070	-42.686638
8764.013672	-45.503792
8774.780273	-34.691353
8785.546875	-32.196644
8796.313477	-34.697002
8807.080078	-39.153313
8817.846680	-45.445171
8828.613281	-39.347263
8839.379883	-32.942528
8850.146484	-32.121330
8860.913086	-37.831398
8871.679688	-40.418724
8882.446289	-31.179825
8893.212891	-29.450180
8903.979492	-32.741985
8914.746094	-35.886681
8925.512695	-37.228676
8936.279297	-37.264889
8947.045898	-42.968258
8957.812500	-43.147663
8968.579102	-54.657791
8979.345703	-38.772274
8990.112305	-31.670053
9000.878906	-31.508717
9011.645508	-45.552876
9022.412109	-40.074188
9033.178711	-36.937309
9043.945313	-34.010242
9054.711914	-35.644829
9065.478516	-43.182518
9076.245117	-36.555843
9087.011719	-34.009399
9097.778320	-33.508427
9108.544922	-34.099476
9119.311523	-38.498188
9130.078125	-39.702644
9140.844727	-37.239643
9151.611328	-38.324627
9162.377930	-42.039307
9173.144531	-46.199196
9183.911133	-41.654503
9194.677734	-43.630089
9205.444336	-52.846767
9216.210938	-46.897041
9226.977539	-45.755646
9237.744141	-43.105000
9248.510742	-46.912552
9259.277344	-47.925922
9270.043945	-41.865406
9280.810547	-44.329792
9291.577148	-43.508732
9302.343750	-54.860565
9313.110352	-55.372536
9323.876953	-42.903385
9334.643555	-42.430748
9345.410156	-51.765144
9356.176758	-45.583553
9366.943359	-53.442543
9377.709961	-51.839867
9388.476563	-51.897106
9399.243164	-55.751198
9410.009766	-61.334270
9420.776367	-52.243347
9431.542969	-49.719154
9442.309570	-57.231220
9453.076172	-67.214699
9463.842773	-52.133923
9474.609375	-50.421684
9485.375977	-52.134666
9496.142578	-51.769253
9506.909180	-57.177929
9517.675781	-51.060875
9528.442383	-50.391502
9539.208984	-50.809227
9549.975586	-47.129597
9560.742188	-45.470646
9571.508789	-46.362743
9582.275391	-50.624348
9593.041992	-54.362858
9603.808594	-55.883549
9614.575195	-53.912445
9625.341797	-61.235138
9636.108398	-55.216770
9646.875000	-60.496643
9657.641602	-53.944767
9668.408203	-51.739449
9679.174805	-61.448708
9689.941406	-59.888008
9700.708008	-58.970371
9711.474609	-62.150650
9722.241211	-62.973583
9733.007813	-58.208370
9743.774414	-54.671360
9754.541016	-56.901608
9765.307617	-64.387924
9776.074219	-57.100269
9786.840820	-54.681534
9797.607422	-59.341801
9808.374023	-74.991676
9819.140625	-70.562141
9829.907227	-63.491478
9840.673828	-61.930664
9851.440430	-62.743820
9862.207031	-72.359100
9872.973633	-77.836334
9883.740234	-80.765579
9894.506836	-72.146751
9905.273438	-72.409264
9916.040039	-67.021957
9926.806641	-61.309551
9937.573242	-63.317955
9948.339844	-64.970024
9959.106445	-70.163330
9969.873047	-70.550812
9980.639648	-65.538254
9991.406250	-68.751442
10002.172852	-77.653214
10012.939453	-71.001785
10023.706055	-68.647514
10034.472656	-73.926018
10045.239258	-72.466019
10056.005859	-76.086334
10066.772461	-82.561348
10077.539063	-80.185867
10088.305664	-68.958710
10099.072266	-64.764191
10109.838867	-70.079765
10120.605469	-70.971817
10131.372070	-69.611099
10142.138672	-69.945381
10152.905273	-61.888741
10163.671875	-59.090523
10174.438477	-61.261742
10185.205078	-62.105141
10195.971680	-61.939663
10206.738281	-64.148438
10217.504883	-68.448860
10228.271484	-64.390816
10239.038086	-63.330463
10249.804688	-65.383652
10260.571289	-64.938034
10271.337891	-66.309814
10282.104492	-65.409515
10292.871094	-63.104305
10303.637695	-63.414768
10314.404297	-65.644966
10325.170898	-66.354774
10335.937500	-63.217876
10346.704102	-63.006168
10357.470703	-63.463089
10368.237305	-62.497971
10379.003906	-61.291897
10389.770508	-61.686493
10400.537109	-61.321003
10411.303711	-58.968433
10422.070313	-66.052742
10432.836914	-71.170738
10443.603516	-68.465324
10454.370117	-70.403404
10465.136719	-63.490376
10475.903320	-62.519966
10486.669922	-64.696571
10497.436523	-62.653572
10508.203125	-63.062813
10518.969727	-64.711052
10529.736328	-65.902771
10540.502930	-62.859219
10551.269531	-64.947617
10562.036133	-68.390213
10572.802734	-72.032135
10583.569336	-89.856529
10594.335938	-70.889740
10605.102539	-71.295860
10615.869141	-67.688492
10626.635742	-70.676430
10637.402344	-72.364754
10648.168945	-67.172234
10658.935547	-64.978615
10669.702148	-67.500153
10680.468750	-74.054520
10691.235352	-68.907951
10702.001953	-86.307465
10712.768555	-75.153435
10723.535156	-76.569984
10734.301758	-81.630249
10745.068359	-67.585876
10755.834961	-67.700356
10766.601563	-70.917664
10777.368164	-70.714447
10788.134766	-68.953094
10798.901367	-82.848145
10809.667969	-67.975540
10820.434570	-65.775246
10831.201172	-68.010139
10841.967773	-65.612709
10852.734375	-61.146420
10863.500977	-65.842346
10874.267578	-64.240570
10885.034180	-61.536034
10895.800781	-64.785461
10906.567383	-67.975883
10917.333984	-67.012489
10928.100586	-67.484612
10938.867188	-74.189766
10949.633789	-78.954048
10960.400391	-77.492882
10971.166992	-83.954163
10981.933594	-72.532631
10992.700195	-79.231735
11003.466797	-65.649696
11014.233398	-67.389526
11025.000000	-65.886497
11035.766602	-62.000298
11046.533203	-64.051338
11057.299805	-68.602692
11068.066406	-69.315727
11078.833008	-68.699471
11089.599609	-66.571930
11100.366211	-66.031197
11111.132813	-65.607201
11121.899414	-63.353172
11132.666016	-68.547867
11143.432617	-72.432495
11154.199219	-72.057617
11164.965820	-68.494820
11175.732422	-66.645866
11186.499023	-70.101425
11197.265625	-78.291252
11208.032227	-70.222595
11218.798828	-69.734520
11229.565430	-67.915176
11240.332031	-64.418930
11251.098633	-62.946758
11261.865234	-62.077988
11272.631836	-63.786270
11283.398438	-67.609200
11294.165039	-66.281700
11304.931641	-69.925117
11315.698242	-75.320961
11326.464844	-68.908958
11337.231445	-61.787148
11347.998047	-60.781792
11358.764648	-62.500553
11369.531250	-65.450829
11380.297852	-75.312355
11391.064453	-70.222832
11401.831055	-61.858860
11412.597656	-59.062439
11423.364258	-59.140133
11434.130859	-61.091625
11444.897461	-64.531158
11455.664063	-64.289185
11466.430664	-62.553726
11477.197266	-62.800423
11487.963867	-65.173973
11498.730469	-65.519341
11509.497070	-64.105721
11520.263672	-63.207474
11531.030273	-74.211769
11541.796875	-64.324295
11552.563477	-69.510574
11563.330078	-68.192947
11574.096680	-64.301300
11584.863281	-64.334740
11595.629883	-62.992893
11606.396484	-61.523018
11617.163086	-60.404358
11627.929688	-61.703487
11638.696289	-63.247948
11649.462891	-62.990261
11660.229492	-64.427193
11670.996094	-69.554237
11681.762695	-74.554474
11692.529297	-64.892960
11703.295898	-64.824272
11714.062500	-68.666618
11724.829102	-74.147453
11735.595703	-75.666969
11746.362305	-73.029739
11757.128906	-71.681557
11767.895508	-68.701050
11778.662109	-64.347145
11789.428711	-63.017422
11800.195313	-63.476273
11810.961914	-64.690697
11821.728516	-68.496193
11832.495117	-70.932922
11843.261719	-71.047379
11854.028320	-68.577225
11864.794922	-62.154121
11875.561523	-65.035149
11886.328125	-69.860207
11897.094727	-76.152725
11907.861328	-65.771294
11918.627930	-60.512333
11929.394531	-62.102341
11940.161133	-68.926117
11950.927734	-75.060303
11961.694336	-73.697327
11972.460938	-68.210556
11983.227539	-74.868851
11993.994141	-67.234856
12004.760742	-71.324249
12015.527344	-68.511826
12026.293945	-64.720802
12037.060547	-67.310158
12047.827148	-66.934120
12058.593750	-72.269096
12069.360352	-83.146301
12080.126953	-65.503922
12090.893555	-64.877174
12101.660156	-67.304588
12112.426758	-76.580307
12123.193359	-59.507687
12133.959961	-55.884277
12144.726563	-56.882442
12155.493164	-61.492088
12166.259766	-71.447639
12177.026367	-63.599606
12187.792969	-62.133427
12198.559570	-66.034859
12209.326172	-70.558357
12220.092773	-72.102592
12230.859375	-64.056229
12241.625977	-61.459259
12252.392578	-61.878693
12263.159180	-62.633591
12273.925781	-70.105675
12284.692383	-64.112656
12295.458984	-62.584705
12306.225586	-71.275314
12316.992188	-66.341331
12327.758789	-61.507767
12338.525391	-61.655628
12349.291992	-61.092194
12360.058594	-66.923424
12370.825195	-71.043098
12381.591797	-64.613930
12392.358398	-70.731537
12403.125000	-74.545021
12413.891602	-66.528931
12424.658203	-71.063988
12435.424805	-69.982964
12446.191406	-66.776207
12456.958008	-72.731964
12467.724609	-75.138603
12478.491211	-74.731499
12489.257813	-72.507973
12500.024414	-59.525959
12510.791016	-59.146629
12521.557617	-66.153503
12532.324219	-71.307152
12543.090820	-62.964203
12553.857422	-59.052441
12564.624023	-61.003391
12575.390625	-68.529381
12586.157227	-66.912888
12596.923828	-76.510895
12607.690430	-67.828163
12618.457031	-70.385773
12629.223633	-72.084343
12639.990234	-66.565720
12650.756836	-71.849770
12661.523438	-79.328384
12672.290039	-75.941528
12683.056641	-70.165329
12693.823242	-79.543556
12704.589844	-75.243134
12715.356445	-67.187927
12726.123047	-64.437012
12736.889648	-69.915092
12747.656250	-74.297005
12758.422852	-67.898430
12769.189453	-62.516399
12779.956055	-64.723434
12790.722656	-63.824657
12801.489258	-62.712833
12812.255859	-65.624496
12823.022461	-71.383560
12833.789063	-73.050758
12844.555664	-69.033890
12855.322266	-68.534561
12866.088867	-68.029915
12876.855469	-69.282822
12887.622070	-79.593803
12898.388672	-77.070549
12909.155273	-66.877899
12919.921875	-67.507889
12930.688477	-67.053375
12941.455078	-61.408154
12952.221680	-69.229042
12962.988281	-61.865009
12973.754883	-59.983559
12984.521484	-62.506763
12995.288086	-69.941231
13006.054688	-69.721024
13016.821289	-63.491074
13027.587891	-58.751289
13038.354492	-59.885136
13049.121094	-68.862007
13059.887695	-63.936428
13070.654297	-61.724289
13081.420898	-68.174667
13092.187500	-78.468681
13102.954102	-75.186829
13113.720703	-75.791023
13124.487305	-73.395996
13135.253906	-75.658653
13146.020508	-65.454712
13156.787109	-66.468010
13167.553711	-74.228218
13178.320313	-73.377037
13189.086914	-71.629585
13199.853516	-71.217606
13210.620117	-71.696625
13221.386719	-65.605080
13232.153320	-64.177025
13242.919922	-65.096603
13253.686523	-70.264954
13264.453125	-64.481972
13275.219727	-64.008713
13285.986328	-76.805313
13296.752930	-70.772797
13307.519531	-65.588974
13318.286133	-66.702545
13329.052734	-80.659119
13339.819336	-64.139580
13350.585938	-60.885765
13361.352539	-63.035591
13372.119141	-62.890362
13382.885742	-63.147903
13393.652344	-71.653244
13404.418945	-73.377220
13415.185547	-71.338104
13425.952148	-70.958061
13436.718750	-70.509094
13447.485352	-63.105133
13458.251953	-64.917786
13469.018555	-68.111832
13479.785156	-68.046448
13490.551758	-68.352531
13501.318359	-64.815262
13512.084961	-63.156574
13522.851563	-67.758148
13533.618164	-69.380585
13544.384766	-69.737259
13555.151367	-71.907578
13565.917969	-72.059502
13576.684570	-72.356934
13587.451172	-70.758751
13598.217773	-67.533112
13608.984375	-72.796318
13619.750977	-78.644524
13630.517578	-69.237755
13641.284180	-65.119408
13652.050781	-73.348236
13662.817383	-72.521103
13673.583984	-71.100189
13684.350586	-72.182785
13695.117188	-69.378487
13705.883789	-73.377502
13716.650391	-62.675549
13727.416992	-60.173756
13738.183594	-60.953213
13748.950195	-63.258362
13759.716797	-69.353462
13770.483398	-72.054184
13781.250000	-67.805214
13792.016602	-62.459652
13802.783203	-66.537598
13813.549805	-76.704063
13824.316406	-63.908031
13835.083008	-62.167271
13845.849609	-60.544357
13856.616211	-63.254837
13867.382813	-79.293839
13878.149414	-66.103584
13888.916016	-64.672012
13899.682617	-66.700722
13910.449219	-69.437172
13921.215820	-80.251900
13931.982422	-71.228241
13942.749023	-72.575233
13953.515625	-70.171730
13964.282227	-76.356438
13975.048828	-71.991295
13985.815430	-64.766083
13996.582031	-62.412861
14007.348633	-69.764191
14018.115234	-72.316330
14028.881836	-74.872086
14039.648438	-70.103966
14050.415039	-67.586006
14061.181641	-77.061134
14071.948242	-65.512756
14082.714844	-66.657257
14093.481445	-68.376640
14104.248047	-63.977654
14115.014648	-62.282619
14125.781250	-65.851768
14136.547852	-64.033775
14147.314453	-61.760517
14158.081055	-64.092934
14168.847656	-83.247818
14179.614258	-67.684082
14190.380859	-64.026649
14201.147461	-60.960476
14211.914063	-63.071907
14222.680664	-70.306427
14233.447266	-78.144875
14244.213867	-72.510796
14254.980469	-74.909424
14265.747070	-73.800217
14276.513672	-67.186966
14287.280273	-76.821259
14298.046875	-66.808426
14308.813477	-70.953751
14319.580078	-70.029434
14330.346680	-66.754684
14341.113281	-67.771492
14351.879883	-65.165672
14362.646484	-63.385349
14373.413086	-63.629532
14384.179688	-62.274803
14394.946289	-63.899101
14405.712891	-64.210785
14416.479492	-58.115219
14427.246094	-58.917042
14438.012695	-68.692947
14448.779297	-66.514709
14459.545898	-63.769344
14470.312500	-66.244690
14481.079102	-66.298660
14491.845703	-66.834587
14502.612305	-71.168289
14513.378906	-73.591156
14524.145508	-80.339615
14534.912109	-73.992630
14545.678711	-64.547455
14556.445313	-63.974983
14567.211914	-80.404404
14577.978516	-72.592140
14588.745117	-79.246429
14599.511719	-68.177902
14610.278320	-68.936584
14621.044922	-73.624962
14631.811523	-70.041245
14642.578125	-76.527473
14653.344727	-66.447586
14664.111328	-66.885750
14674.877930	-63.944542
14685.644531	-63.978203
14696.411133	-75.593102
14707.177734	-66.402359
14717.944336	-71.613243
14728.710938	-78.855919
14739.477539	-72.692726
14750.244141	-70.080650
14761.010742	-69.421982
14771.777344	-67.171494
14782.543945	-71.355339
14793.310547	-67.216629
14804.077148	-70.958839
14814.843750	-69.706123
14825.610352	-68.497063
14836.376953	-66.592888
14847.143555	-62.724487
14857.910156	-60.370968
14868.676758	-58.347904
14879.443359	-58.628567
14890.209961	-62.423107
14900.976563	-63.598331
14911.743164	-65.087646
14922.509766	-64.765038
14933.276367	-65.604485
14944.042969	-63.088730
14954.809570	-62.486446
14965.576172	-64.615265
14976.342773	-67.509102
14987.109375	-74.365677
14997.875977	-75.273163
15008.642578	-75.148964
15019.409180	-66.094200
15030.175781	-64.445114
15040.942383	-63.098118
15051.708984	-64.930000
15062.475586	-69.391327
15073.242188	-68.758186
15084.008789	-68.930618
15094.775391	-72.000885
15105.541992	-62.315231
15116.308594	-59.176392
15127.075195	-64.978111
15137.841797	-75.434303
15148.608398	-65.488235
15159.375000	-63.381752
15170.141602	-64.799721
15180.908203	-65.959373
15191.674805	-65.432869
15202.441406	-66.128731
15213.208008	-59.569153
15223.974609	-56.619789
15234.741211	-59.491207
15245.507813	-66.051331
15256.274414	-80.877090
15267.041016	-73.942978
15277.807617	-77.785042
15288.574219	-66.372231
15299.340820	-65.907928
15310.107422	-77.237343
15320.874023	-76.461327
15331.640625	-70.371468
15342.407227	-63.094910
15353.173828	-65.927910
15363.940430	-75.234818
15374.707031	-70.857193
15385.473633	-66.465332
15396.240234	-63.582436
15407.006836	-61.617920
15417.773438	-62.497185
15428.540039	-64.270988
15439.306641	-64.581764
15450.073242	-59.979103
15460.839844	-59.742798
15471.606445	-64.097916
15482.373047	-59.353813
15493.139648	-60.929646
15503.906250	-65.348595
15514.672852	-65.937660
15525.439453	-66.390755
15536.206055	-72.317680
15546.972656	-74.420837
15557.739258	-67.463768
15568.505859	-64.466293
15579.272461	-62.653618
15590.039063	-62.325645
15600.805664	-65.426620
15611.572266	-70.649178
15622.338867	-76.673492
15633.105469	-69.755547
15643.872070	-70.443321
15654.638672	-74.699257
15665.405273	-66.068451
15676.171875	-60.081886
15686.938477	-58.396076
15697.705078	-60.166645
15708.471680	-65.329216
15719.238281	-64.786026
15730.004883	-65.492836
15740.771484	-75.059135
15751.538086	-65.304573
15762.304688	-63.710846
15773.071289	-62.040997
15783.837891	-60.048504
15794.604492	-64.291214
15805.371094	-64.440994
15816.137695	-60.952873
15826.904297	-63.911026
15837.670898	-75.490150
15848.437500	-70.024147
15859.204102	-67.090034
15869.970703	-75.032928
15880.737305	-68.670395
15891.503906	-70.536346
15902.270508	-64.185745
15913.037109	-61.540707
15923.803711	-63.909664
15934.570313	-62.543339
15945.336914	-60.492443
15956.103516	-65.358459
15966.870117	-71.095337
15977.636719	-69.289001
15988.403320	-69.648514
15999.169922	-69.789047
16009.936523	-64.105072
16020.703125	-59.515705
16031.469727	-60.330585
16042.236328	-69.578133
16053.002930	-78.891548
16063.769531	-71.779808
16074.536133	-67.480766
16085.302734	-67.226860
16096.069336	-68.576698
16106.835938	-69.556297
16117.602539	-71.893578
16128.369141	-64.019707
16139.135742	-62.496403
16149.902344	-62.996651
16160.668945	-64.726021
16171.435547	-67.479568
16182.202148	-70.668549
16192.968750	-78.739937
16203.735352	-67.990723
16214.501953	-69.450638
16225.268555	-68.885979
16236.035156	-64.077324
16246.801758	-59.138855
16257.568359	-64.393150
16268.334961	-66.790817
16279.101563	-73.551826
16289.868164	-68.670273
16300.634766	-66.313324
16311.401367	-64.360207
16322.167969	-62.592678
16332.934570	-65.521774
16343.701172	-73.229820
16354.467773	-62.189362
16365.234375	-61.719730
16376.000977	-64.754631
16386.767578	-67.659088
16397.534180	-73.650780
16408.300781	-77.813332
16419.067383	-76.211174
16429.833984	-68.801590
16440.600586	-68.617287
16451.367188	-68.635406
16462.133789	-73.370773
16472.900391	-76.143234
16483.666992	-72.163399
16494.433594	-82.152657
16505.200195	-71.549469
16515.966797	-71.553055
16526.733398	-72.874710
16537.500000	-72.412170
16548.266602	-79.638344
16559.033203	-64.083542
16569.799805	-61.153133
16580.566406	-63.582718
16591.333008	-69.662537
16602.099609	-77.685059
16612.866211	-67.241966
16623.632813	-68.645744
16634.399414	-63.494160
16645.166016	-61.987053
16655.932617	-66.824394
16666.699219	-69.154434
16677.465820	-67.340256
16688.232422	-63.729473
16698.999023	-65.443054
16709.765625	-71.031616
16720.532227	-67.328781
16731.298828	-64.205872
16742.065430	-66.836075
16752.832031	-67.919815
16763.598633	-59.859348
16774.365234	-63.514378
16785.131836	-86.073578
16795.898438	-68.501389
16806.665039	-71.212006
16817.431641	-76.140778
16828.198242	-68.472000
16838.964844	-64.656853
16849.731445	-63.129341
16860.498047	-69.174911
16871.264648	-75.689873
16882.031250	-65.781029
16892.797852	-61.721901
16903.564453	-64.129425
16914.331055	-68.575523
16925.097656	-71.535110
16935.864258	-70.676804
16946.630859	-73.426064
16957.397461	-73.048431
16968.164063	-77.664421
16978.930664	-65.489113
16989.697266	-67.052788
17000.463867	-67.014526
17011.230469	-67.764740
17021.997070	-68.683228
17032.763672	-67.578613
17043.530273	-64.786453
17054.296875	-63.871799
17065.063477	-62.742836
17075.830078	-65.537758
17086.596680	-68.472412
17097.363281	-69.010040
17108.129883	-67.853485
17118.896484	-64.875443
17129.663086	-61.670410
17140.429688	-64.017426
17151.196289	-82.989952
17161.962891	-70.056526
17172.729492	-73.894104
17183.496094	-66.421402
17194.262695	-67.706032
17205.029297	-64.872963
17215.795898	-69.370651
17226.562500	-64.419975
17237.329102	-63.199501
17248.095703	-64.828690
17258.862305	-75.470688
17269.628906	-76.729202
17280.395508	-66.904984
17291.162109	-64.999527
17301.928711	-67.192795
17312.695313	-64.402802
17323.461914	-66.184807
17334.228516	-65.479500
17344.995117	-63.465744
17355.761719	-64.991241
17366.528320	-71.860909
17377.294922	-72.092636
17388.061523	-84.831902
17398.828125	-76.882248
17409.594727	-69.386818
17420.361328	-67.302696
17431.127930	-66.693642
17441.894531	-66.573425
17452.661133	-72.097908
17463.427734	-78.773529
17474.194336	-63.995220
17484.960938	-62.905121
17495.727539	-66.732758
17506.494141	-71.903175
17517.260742	-84.058998
17528.027344	-79.636459
17538.793945	-68.559952
17549.560547	-66.296387
17560.327148	-65.897011
17571.093750	-63.891052
17581.860352	-62.897324
17592.626953	-62.956810
17603.393555	-63.249168
17614.160156	-62.850533
17624.926758	-63.969078
17635.693359	-66.284233
17646.459961	-67.751617
17657.226563	-68.679688
17667.993164	-85.100212
17678.759766	-68.060150
17689.526367	-65.405846
17700.292969	-65.825989
17711.059570	-66.934364
17721.826172	-67.946190
17732.592773	-63.258213
17743.359375	-66.921417
17754.125977	-73.481911
17764.892578	-69.763237
17775.659180	-67.258560
17786.425781	-71.988609
17797.192383	-72.983017
17807.958984	-73.438042
17818.725586	-65.649826
17829.492188	-62.556152
17840.258789	-67.415047
17851.025391	-82.428085
17861.791992	-70.213875
17872.558594	-65.345230
17883.325195	-65.278931
17894.091797	-72.190033
17904.858398	-69.274239
17915.625000	-67.490822
17926.391602	-71.322548
17937.158203	-78.753021
17947.924805	-80.189713
17958.691406	-71.506645
17969.458008	-66.441162
17980.224609	-67.795418
17990.991211	-65.265495
18001.757813	-67.173660
18012.524414	-67.963814
18023.291016	-70.252548
18034.057617	-68.131447
18044.824219	-62.249409
18055.590820	-63.935768
18066.357422	-79.461372
18077.124023	-73.669136
18087.890625	-75.795395
18098.657227	-65.025414
18109.423828	-64.462616
18120.190430	-67.866196
18130.957031	-71.259315
18141.723633	-70.556992
18152.490234	-73.524803
18163.256836	-70.457481
18174.023438	-64.734589
18184.790039	-61.582626
18195.556641	-60.192539
18206.323242	-61.615028
18217.089844	-63.823734
18227.856445	-65.266296
18238.623047	-70.438309
18249.389648	-66.024338
18260.156250	-68.599533
18270.922852	-76.262733
18281.689453	-70.153229
18292.456055	-68.013130
18303.222656	-71.447838
18313.989258	-65.460014
18324.755859	-63.634407
18335.522461	-66.129372
18346.289063	-63.243370
18357.055664	-63.945305
18367.822266	-66.260071
18378.588867	-77.751152
18389.355469	-66.229576
18400.122070	-64.872910
18410.888672	-72.994545
18421.655273	-68.967186
18432.421875	-70.428787
18443.188477	-71.384384
18453.955078	-70.933800
18464.721680	-68.148277
18475.488281	-64.208046
18486.254883	-57.522858
18497.021484	-57.371460
18507.788086	-58.666828
18518.554688	-60.714737
18529.321289	-67.350365
18540.087891	-71.017609
18550.854492	-63.818081
18561.621094	-63.283806
18572.387695	-67.870949
18583.154297	-59.656254
18593.920898	-59.503403
18604.687500	-66.962433
18615.454102	-77.324234
18626.220703	-73.231537
18636.987305	-70.374474
18647.753906	-72.239258
18658.520508	-72.061958
18669.287109	-64.608788
18680.053711	-60.560341
18690.820313	-60.320625
18701.586914	-63.271996
18712.353516	-70.121490
18723.120117	-79.712532
18733.886719	-65.920570
18744.653320	-60.831532
18755.419922	-69.118439
18766.186523	-67.894272
18776.953125	-66.859749
18787.719727	-69.486511
18798.486328	-64.221832
18809.252930	-63.958328
18820.019531	-65.426811
18830.786133	-66.404198
18841.552734	-63.782593
18852.319336	-63.373260
18863.085938	-67.530983
18873.852539	-82.066399
18884.619141	-65.196724
18895.385742	-64.711884
18906.152344	-64.685699
18916.918945	-59.926178
18927.685547	-58.999573
18938.452148	-64.784302
18949.218750	-68.482819
18959.985352	-62.110676
18970.751953	-61.089291
18981.518555	-60.891617
18992.285156	-65.391907
19003.051758	-68.898079
19013.818359	-72.545578
19024.584961	-69.685127
19035.351563	-63.760216
19046.118164	-62.097115
19056.884766	-62.037037
19067.651367	-64.368530
19078.417969	-67.243530
19089.184570	-64.653404
19099.951172	-62.769562
19110.717773	-63.959007
19121.484375	-68.794952
19132.250977	-77.182228
19143.017578	-77.735970
19153.784180	-73.217514
19164.550781	-77.618919
19175.317383	-78.701111
19186.083984	-72.233315
19196.850586	-68.738625
19207.617188	-68.348198
19218.383789	-75.556236
19229.150391	-69.655701
19239.916992	-64.404503
19250.683594	-63.603516
19261.450195	-65.531006
19272.216797	-65.489677
19282.983398	-63.040733
19293.750000	-61.915318
19304.516602	-66.003784
19315.283203	-71.159286
19326.049805	-70.905548
19336.816406	-70.501396
19347.583008	-64.646927
19358.349609	-64.421707
19369.116211	-63.427120
19379.882813	-62.956379
19390.649414	-68.524315
19401.416016	-72.917809
19412.182617	-76.759369
19422.949219	-70.755867
19433.715820	-69.629013
19444.482422	-68.082558
19455.249023	-66.549805
19466.015625	-62.909492
19476.782227	-60.988037
19487.548828	-62.579227
19498.315430	-61.696877
19509.082031	-60.497040
19519.848633	-66.831772
19530.615234	-70.804749
19541.381836	-69.683563
19552.148438	-83.519516
19562.915039	-73.971115
19573.681641	-65.268425
19584.448242	-66.231621
19595.214844	-74.490875
19605.981445	-70.722092
19616.748047	-64.742149
19627.514648	-64.372833
19638.281250	-71.682579
19649.047852	-71.313988
19659.814453	-69.900658
19670.581055	-70.768311
19681.347656	-63.262871
19692.114258	-64.220268
19702.880859	-71.911339
19713.647461	-72.847878
19724.414063	-69.557724
19735.180664	-68.092125
19745.947266	-98.081802
19756.713867	-72.336349
19767.480469	-78.685730
19778.247070	-78.553703
19789.013672	-71.700745
19799.780273	-71.672318
19810.546875	-68.303436
19821.313477	-68.610710
19832.080078	-65.842819
19842.846680	-61.715160
19853.613281	-59.735226
19864.379883	-61.541367
19875.146484	-70.326767
19885.913086	-67.682518
19896.679688	-61.179691
19907.446289	-64.345345
19918.212891	-66.896400
19928.979492	-70.721931
19939.746094	-89.041382
19950.512695	-78.005699
19961.279297	-76.883324
19972.045898	-83.781708
19982.812500	-68.057030
19993.579102	-61.234829
20004.345703	-61.377277
20015.112305	-60.141026
20025.878906	-62.348713
20036.645508	-68.055290
20047.412109	-69.820518
20058.178711	-68.488342
20068.945313	-70.029449
20079.711914	-64.598839
20090.478516	-65.530251
20101.245117	-65.863068
20112.011719	-62.759270
20122.778320	-65.568085
20133.544922	-62.014721
20144.311523	-65.630547
20155.078125	-69.340416
20165.844727	-65.907234
20176.611328	-65.651367
20187.377930	-69.605835
20198.144531	-65.119644
20208.911133	-72.710831
20219.677734	-72.566040
20230.444336	-79.033211
20241.210938	-78.638481
20251.977539	-79.700798
20262.744141	-70.407089
20273.510742	-67.983307
20284.277344	-77.132919
20295.043945	-69.936462
20305.810547	-70.144615
20316.577148	-68.322418
20327.343750	-61.829292
20338.110352	-68.041115
20348.876953	-65.703629
20359.643555	-65.065880
20370.410156	-91.404144
20381.176758	-70.826477
20391.943359	-65.421761
20402.709961	-62.569607
20413.476563	-63.136978
20424.243164	-64.881439
20435.009766	-67.216789
20445.776367	-75.224899
20456.542969	-68.596107
20467.309570	-70.162949
20478.076172	-71.994713
20488.842773	-66.466553
20499.609375	-62.785461
20510.375977	-63.802673
20521.142578	-60.857502
20531.909180	-61.768181
20542.675781	-79.233757
20553.442383	-67.990013
20564.208984	-72.366089
20574.975586	-74.224739
20585.742188	-91.282303
20596.508789	-72.568520
20607.275391	-69.668037
20618.041992	-69.594131
20628.808594	-75.458267
20639.575195	-81.666641
20650.341797	-76.300316
20661.108398	-67.926018
20671.875000	-66.049736
20682.641602	-72.029945
20693.408203	-77.637985
20704.174805	-77.408493
20714.941406	-72.550911
20725.708008	-60.139820
20736.474609	-58.651871
20747.241211	-63.067223
20758.007813	-68.409966
20768.774414	-64.863274
20779.541016	-61.046589
20790.307617	-61.649624
20801.074219	-66.506927
20811.840820	-76.574852
20822.607422	-90.713257
20833.374023	-74.280846
20844.140625	-70.662720
20854.907227	-74.231544
20865.673828	-69.138199
20876.440430	-64.160408
20887.207031	-66.167969
20897.973633	-72.492455
20908.740234	-67.973610
20919.506836	-66.933655
20930.273438	-76.911774
20941.040039	-67.314575
20951.806641	-63.123783
20962.573242	-60.111916
20973.339844	-60.764015
20984.106445	-69.955666
20994.873047	-70.000267
21005.639648	-63.849045
21016.406250	-64.425964
21027.172852	-67.136337
21037.939453	-73.149811
21048.706055	-68.818474
21059.472656	-73.621277
21070.239258	-65.774246
21081.005859	-65.218719
21091.772461	-63.974396
21102.539063	-63.964836
21113.305664	-62.819206
21124.072266	-63.051128
21134.838867	-67.045074
21145.605469	-66.941742
21156.372070	-66.895866
21167.138672	-66.631683
21177.905273	-62.201473
21188.671875	-64.204491
21199.438477	-74.900406
21210.205078	-74.841003
21220.971680	-67.541969
21231.738281	-68.624786
21242.504883	-67.546448
21253.271484	-67.179276
21264.038086	-74.838921
21274.804688	-63.993877
21285.571289	-65.900269
21296.337891	-72.288536
21307.104492	-74.839386
21317.871094	-67.136452
21328.637695	-73.886070
21339.404297	-77.611595
21350.170898	-69.953987
21360.937500	-65.835602
21371.704102	-66.945892
21382.470703	-77.080818
21393.237305	-69.166832
21404.003906	-70.816177
21414.770508	-69.994514
21425.537109	-71.986763
21436.303711	-80.212631
21447.070313	-67.185715
21457.836914	-65.749222
21468.603516	-63.452827
21479.370117	-62.965820
21490.136719	-65.897820
21500.903320	-69.032799
21511.669922	-67.610199
21522.436523	-65.388168
21533.203125	-67.412163
21543.969727	-68.481247
21554.736328	-67.692474
21565.502930	-64.264473
21576.269531	-64.601395
21587.036133	-64.932983
21597.802734	-59.324310
21608.569336	-61.854656
21619.335938	-70.564735
21630.102539	-62.677216
21640.869141	-58.443867
21651.635742	-60.410942
21662.402344	-68.129570
21673.168945	-70.090385
21683.935547	-63.543789
21694.702148	-62.979118
21705.468750	-63.074287
21716.235352	-66.040871
21727.001953	-66.120575
21737.768555	-66.253082
21748.535156	-66.114937
21759.301758	-67.416924
21770.068359	-71.558212
21780.834961	-76.113846
21791.601563	-68.261665
21802.368164	-67.232666
21813.134766	-72.841988
21823.901367	-68.415207
21834.667969	-64.206810
21845.434570	-68.670425
21856.201172	-73.713684
21866.967773	-72.699928
21877.734375	-76.789497
21888.500977	-67.311981
21899.267578	-63.059971
21910.034180	-62.402905
21920.800781	-63.211468
21931.567383	-66.938522
21942.333984	-75.827110
21953.100586	-74.956497
21963.867188	-67.641167
21974.633789	-64.562462
21985.400391	-63.031857
21996.166992	-63.862312
22006.933594	-67.256363
22017.700195	-66.364479
22028.466797	-63.828201
22039.233398	-61.492867
