-4.768980e-001  
2.623921e-001  
-5.868840e-002  
-1.104590e+000  
9.452642e-001  
-4.413360e-001  
-4.248127e-001  
9.038706e-001  
-1.867482e+000  
1.188224e+000  
7.700870e-001  
-2.838902e+000  
3.890897e+000  
-2.593963e+000  
7.889388e-001  
-6.971376e-001  
7.654539e-001  
-8.747177e-001  
3.275063e-001  
6.092824e-001  
1.350131e+000  
-2.096954e+000  
-2.602684e-001  
2.147325e+000  
-4.344231e+000  
4.088315e+000  
-4.434319e+000  
9.661233e-001  
7.003797e-001  
3.095499e+000  
-5.540182e+000  
6.809177e+000  
3.840300e-001  
-8.712193e+000  
6.521640e+000  
-1.420439e+000  
1.217286e+001  
-1.414488e+001  
-1.287011e+000  
-4.030659e+000  
1.473339e+001  
-1.412614e+001  
1.867949e+001  
-1.198508e+001  
-1.879241e+000  
8.741382e+000  
-8.266559e+000  
-8.489878e+000  
2.732571e+000  
5.777201e+000  
-9.605186e+000  
1.613557e+001  
-1.749839e+001  
1.042659e+001  
-2.006884e+001  
4.292427e+001  
-1.893300e+001  
8.321932e+000  
-1.244706e+001  
7.085909e+000  
-2.436650e-001  
-5.897476e+000  
1.370376e+001  
-1.397031e+001  
-3.648158e+000  
-1.345601e+000  
2.086757e+001  
-3.670235e+001  
1.500718e+001  
1.595640e+001  
2.505652e+000  
-1.613418e+001  
3.213353e+000  
1.498919e+001  
-1.242754e+001  
5.559493e+000  
-9.725248e+000  
1.148933e+001  
4.284176e-001  
-1.745269e+001  
2.585510e+001  
-2.482820e+001  
1.277996e+001  
4.915866e+000  
5.720318e+000  
-1.223689e+001  
6.764543e+000  
-1.979100e+001  
1.257085e+001  
-4.942466e+000  
1.121767e+001  
-2.619937e+000  
4.435657e+000  
-2.177494e+001  
1.980632e+000  
-1.955224e+000  
3.286455e+001  
-1.438196e+001  
-2.414159e+000  
-2.543623e+000  
-1.534752e+001  
3.473033e+001  
-3.435332e+001  
4.266731e+001  
-2.269218e+001  
-2.504894e+001  
3.151560e+001  
1.961291e+000  
-1.347231e+001  
6.067677e+000  
-1.841719e+001  
8.919369e+000  
3.473118e+000  
1.368194e+001  
2.028685e+000  
-3.378841e+001  
4.213921e+001  
-1.735050e+001  
-7.630466e+000  
6.161083e+000  
-5.931958e+000  
-3.929398e+000  
3.109316e+001  
-2.805025e+001  
-6.109118e+000  
1.330926e+001  
-1.049173e+001  
9.175344e+000  
9.685388e+000  
-2.355288e+001  
1.141836e+001  
8.979863e+000  
-1.428668e+001  
-3.630958e-001  
1.342435e+001  
-2.495800e+000  
-1.772934e+000  
-2.619159e-001  
2.575047e+001  
-1.915988e+001  
-1.653285e+001  
1.916871e+001  
-1.382298e+001  
2.122507e+001  
-2.069919e+001  
-2.258410e+000  
1.626241e+001  
7.059373e+000  
-2.527505e+001  
5.631083e+000  
3.924012e+000  
1.707837e+000  
-2.636566e+001  
4.476256e+001  
-2.123405e+001  
-1.989316e+001  
2.461116e+001  
-1.744096e+001  
1.563258e+001  
-5.949183e+000  
-1.792122e+000  
-1.677886e+000  
1.396277e+000  
-9.672598e+000  
1.151625e+001  
5.988883e+000  
-1.851291e+001  
3.315760e+000  
-9.509524e-001  
-1.645821e+001  
-2.884361e+000  
3.353799e+001  
-3.266098e+000  
-3.440337e+001  
3.423728e+001  
-1.295831e+000  
-1.800129e+001  
-3.799544e+000  
3.510826e-001  
3.411231e-001  
1.675691e+001  
3.239939e+000  
-1.911697e+001  
2.362949e+001  
-2.562776e+001  
-3.104437e+000  
1.572934e+001  
-2.041030e+001  
2.040330e+001  
-8.054866e+000  
-9.228268e+000  
7.294882e+000  
-8.618378e+000  
1.566643e+001  
-9.479681e+000  
-6.441090e+000  
-9.322942e+000  
7.291242e+000  
-3.011948e+000  
7.844339e+000  
-4.793187e-001  
3.025749e+001  
-3.495789e+001  
1.595639e+001  
-9.197212e+000  
5.308762e-001  
1.482348e+001  
-1.496511e+001  
7.248400e+000  
-7.477997e+000  
1.060647e+001  
-2.499825e+001  
1.880611e+001  
-1.268093e+000  
-3.004365e+000  
-3.126020e+000  
4.565025e+000  
-9.586052e+000  
1.017241e+001  
7.920300e+000  
-5.972983e+000  
-2.213146e+001  
1.858340e+001  
-3.691209e+000  
-1.210891e+000  
-4.066226e+000  
-2.537357e-001  
2.599634e+001  
-2.421829e+001  
1.163428e+001  
-1.924671e+001  
-3.533296e+000  
4.000121e+001  
-1.724613e+001  
-1.429110e-001  
1.617268e+001  
-2.344368e+001  
1.037974e+001  
-1.481509e+001  
3.288698e+001  
-2.400695e+001  
1.481719e+001  
-1.493645e+001  
-8.818869e+000  
2.295190e+001  
6.808041e+000  
-1.528046e+001  
1.188314e+001  
-9.819154e+000  
-3.811841e+000  
-5.842920e+000  
1.049531e+001  
-1.749677e+001  
1.305007e+001  
-5.857706e+000  
9.416134e+000  
-2.216285e+000  
-4.956453e+000  
-1.075147e+001  
1.937400e+001  
1.286568e+001  
-2.470552e+001  
1.678794e+001  
8.882614e+000  
-1.036286e+001  
1.608585e+000  
7.192992e+000  
2.574908e+000  
-2.284548e+001  
2.940752e+001  
-1.339358e+001  
-6.981754e+000  
-6.799448e+000  
1.912898e+001  
-1.379283e+001  
2.194825e+001  
-2.022311e+001  
-3.043524e+000  
2.149304e+001  
-9.636168e+000  
1.071757e+001  
-1.089037e+001  
1.475963e+000  
2.151911e+000  
-5.071326e+000  
7.276564e+000  
8.045075e+000  
-2.183953e+001  
1.584222e+001  
-6.079892e+000  
-3.318152e+000  
9.906084e+000  
8.381457e+000  
-4.345033e+000  
-1.552343e+001  
1.419777e+001  
-7.940913e+000  
3.980466e+000  
1.930918e+001  
-1.880622e+001  
1.922918e+001  
-4.260084e+000  
-1.813797e+001  
3.036652e+001  
-3.714660e+001  
9.175428e+000  
9.956460e+000  
-6.752839e+000  
5.038350e+000  
-4.383762e+000  
-5.827771e-001  
-1.866835e+001  
1.220039e+001  
1.709484e+001  
-1.793830e+001  
1.421350e+001  
-1.803222e+001  
1.150704e+001  
4.517807e+000  
1.205239e+000  
2.597192e+000  
-1.151595e+001  
1.479477e+000  
-1.383614e+001  
1.816255e+001  
-5.026067e+000  
-6.700875e+000  
1.339258e+001  
9.424664e+000  
-2.232874e+001  
1.855764e+001  
-7.596596e-001  
6.645812e+000  
-1.135010e+001  
-2.577189e+001  
2.998274e+001  
-2.640877e+000  
-1.024321e+000  
4.263931e+000  
4.975165e-001  
-1.217027e+001  
-1.167628e+000  
-2.289085e+000  
1.750701e+001  
-5.815350e+000  
-8.889811e+000  
3.266760e+001  
-2.685411e+001  
-8.580226e+000  
1.360169e+001  
-6.322003e+000  
2.163546e+001  
-2.037251e+001  
-6.114817e+000  
4.206087e+000  
1.031606e+001  
-4.511078e+000  
6.524310e+000  
-3.366903e+000  
1.038269e+001  
-2.446756e+001  
6.215913e+000  
9.473754e+000  
6.744684e+000  
-1.087757e+001  
1.328156e+001  
-6.486302e+000  
-1.271564e+001  
3.332339e+001  
-2.610700e+001  
-5.384130e+000  
2.299908e+000  
2.088933e+001  
-1.177243e+001  
-2.111303e+001  
2.074780e+001  
3.110785e+001  
-3.696554e+001  
-1.151136e+001  
1.072195e+001  
1.131431e+001  
-2.216798e+001  
1.082843e+001  
-2.047490e+000  
1.750951e+001  
-4.737071e+000  
-2.489200e+001  
6.776308e+000  
4.337150e+000  
-3.298105e+000  
-3.697324e+000  
2.664144e+001  
-3.845202e+001  
2.472863e+001  
-2.241224e+001  
4.214652e+000  
1.182294e+001  
-2.281862e+001  
2.475782e+001  
-2.080568e+001  
5.907143e+000  
2.164340e+000  
3.385335e+000  
4.053668e-001  
-8.522587e+000  
7.107642e+000  
2.442503e-001  
-4.833743e+000  
-1.622085e+000  
-1.010614e+001  
2.206072e+001  
-2.905731e+001  
3.600468e+001  
-4.679698e+001  
4.113175e+001  
-1.869159e+001  
-9.549540e+000  
8.273992e+000  
-8.199174e-001  
1.539935e+001  
-9.852839e+000  
3.952700e+000  
-7.109830e+000  
-2.792805e+000  
-1.774555e+000  
6.961609e+000  
7.554721e+000  
-1.080047e+001  
6.998360e+000  
-1.004465e+000  
-4.013424e+000  
8.267350e-001  
-2.416794e-001  
8.680285e+000  
-8.407145e+000  
5.513121e+000  
-4.172248e-001  
1.976073e-002  
-2.710937e+000  
2.457381e+000  
-2.046121e+000  
-8.413653e-001  
1.439402e+000  
-1.603284e+000  
2.473165e-001  
1.746376e+000  
-3.664104e+000  
3.558764e+000  
-3.778333e+000  
2.925250e+000  
-1.081801e+000  
2.073333e-001  
6.592640e-001  
-1.409234e+000  
1.132442e+000  
-4.066461e-001  
2.637532e-001  
2.289410e-001  
-3.496886e-001  
-2.807870e-001  
3.720387e-001  
6.660922e-001  
-8.778877e-001  
-1.853248e-001  
5.216591e-001  
-1.790164e-001  
8.123159e-002  
-5.081953e-001  
9.040681e-001  
-9.070100e-001  
8.837707e-001  
-1.070062e+000  
8.806809e-001  
-1.412927e-001  
5.366923e-001  
-1.046551e+000  
6.962710e-001  
2.748083e-001  
-2.231473e-001  
-4.097107e-002  
9.999843e-002  
-1.458651e+000  
1.509810e+000  
7.339078e-002  
-1.016299e+000  
4.712297e-001  
5.441553e-001  
-3.527423e-001  
-3.385124e-001  
-2.009123e-001  
1.333629e-001  
1.602243e-001  
5.313172e-001  
-6.664866e-001  
2.534372e-002  
-3.735276e-001  
1.127149e+000  
-5.008735e-001  
-1.420916e-001  
5.927376e-001  
-8.042526e-001  
3.711771e-001  
-7.417914e-001  
6.608828e-001  
-4.623706e-001  
1.338434e+000  
-9.261947e-001  
2.367493e-001  
-3.312408e-001  
1.532096e-001  
5.087031e-001  
-1.027375e+000  
6.374761e-001  
2.893354e-002  
1.253134e-002  
1.240759e-001  
-3.029396e-002  
-4.232059e-001  
3.480619e-001  
-2.848372e-002  
-1.785858e-001  
6.551719e-002  
1.817826e-002  
3.282520e-001  
3.418556e-001  
-1.022794e+000  
8.779866e-001  
-2.812389e-001  
-5.553807e-001  
2.789892e-003  
1.447526e-001  
3.399139e-001  
-3.656392e-001  
3.867738e-001  
-2.765148e-001  
-6.639991e-001  
1.287760e+000  
-9.763713e-001  
6.214077e-001  
-1.421015e-001  
-1.215644e-002  
-4.942904e-001  
1.262395e+000  
-9.674006e-001  
9.165403e-002  
8.187145e-002  
2.145408e-001  
1.150065e-001  
1.246276e-002  
-3.051074e-001  
5.617571e-001  
-9.533727e-001  
6.504651e-001  
-3.328931e-001  
4.845867e-002  
8.544630e-002  
4.084794e-001  
-8.507110e-001  
1.285637e+000  
-9.743220e-001  
2.767273e-001  
-4.658595e-001  
4.713008e-001  
3.626394e-001  
-6.294363e-001  
-3.769400e-001  
8.822420e-002  
8.207397e-001  
-6.925129e-001  
-3.773355e-001  
1.347687e+000  
-5.164400e-001  
2.329949e-001  
-8.032742e-002  
-5.745349e-001  
7.399809e-001  
-5.877672e-001  
1.722156e-001  
-4.069233e-002  
3.946601e-001  
-3.857274e-001  
1.865835e-001  
-4.887016e-001  
5.538715e-001  
2.218398e-002  
-8.358880e-001  
3.453742e-001  
5.488425e-001  
-3.070750e-001  
-1.035051e-001  
-2.277128e-001  
7.766414e-002  
2.035289e-001  
5.556154e-002  
-1.141648e-001  
8.647509e-002  
1.236979e-001  
3.815746e-002  
-2.841952e-001  
3.920717e-001  
-9.558483e-001  
1.512850e+000  
-1.172352e+000  
3.445923e-002  
4.197627e-001  
-5.031323e-001  
9.252620e-002  
6.656737e-001  
-3.514067e-001  
-2.838802e-001  
1.890769e-001  
1.486244e-001  
-3.724642e-001  
6.116700e-002  
-6.983757e-003  
3.914819e-001  
-4.843986e-002  
-5.601617e-001  
6.954595e-001  
-1.223691e+000  
9.706873e-001  
-2.308787e-001  
5.867082e-001  
-8.230923e-001  
7.458251e-001  
-8.692429e-001  
7.183857e-001  
-7.851896e-001  
3.585436e-001  
-1.898551e-002  
2.650754e-001  
-5.984361e-001  
3.931739e-001  
-2.296524e-001  
3.259480e-001  
-1.432487e-001  
2.849169e-001  
-5.986117e-001  
7.723258e-001  
-4.240941e-001  
5.647357e-001  
-5.565630e-001  
3.690419e-001  
-7.686868e-001  
9.002167e-001  
3.761551e-001  
-7.766085e-001  
-2.519560e-001  
8.138638e-001  
-8.934112e-001  
9.008868e-001  
-7.791479e-001  
4.673131e-001  
-3.313115e-001  
5.329863e-001  
-7.463121e-001  
6.740508e-001  
-4.799654e-001  
2.075265e-001  
3.247087e-001  
-2.792664e-001  
1.437374e-001  
1.273687e-001  
-3.174405e-001  
1.072607e-001  
4.909647e-001  
-1.842662e-001  
-2.968630e-001  
5.119562e-001  
-1.048538e+000  
1.071880e+000  
-3.561949e-001  
-6.548023e-002  
6.767225e-002  
-1.249207e-001  
1.462135e-001  
-8.834428e-002  
-7.551122e-002  
-4.197025e-001  
2.075596e-001  
-3.207803e-002  
1.626536e-001  
4.933826e-001  
-4.607055e-001  
1.353474e-001  
-5.080874e-001  
6.023343e-001  
-3.552999e-001  
6.418216e-002  
2.479906e-001  
-2.725673e-001  
3.588924e-001  
-3.194797e-001  
5.249164e-001  
-4.225576e-001  
1.534240e-001  
-3.998641e-001  
1.893907e-001  
1.908360e-001  
-2.572957e-001  
4.065752e-002  
2.124457e-001  
-7.431022e-001  
5.416797e-001  
1.910833e-001  
-4.384640e-001  
6.214279e-002  
-1.628504e-001  
3.365123e-001  
-3.013370e-001  
1.296234e-002  
3.549762e-001  
-4.053938e-001  
4.314351e-001  
-2.240966e-001  
-2.375507e-001  
2.319229e-001  
1.217083e-001  
-6.228725e-001  
3.964885e-001  
2.060859e-001  
3.494108e-001  
6.135893e-002  
1.706957e-001  
-2.956642e-001  
4.458666e-002  
1.459885e-002  
-4.519510e-002  
1.933453e-001  
-1.539938e-001  
1.627309e-001  
3.378209e-001  
-6.980538e-001  
6.014196e-001  
-4.182258e-001  
6.067518e-001  
-6.193639e-001  
6.576178e-001  
-5.678202e-001  
7.468696e-001  
-6.111089e-001  
1.391506e-001  
1.775299e-001  
-2.465549e-001  
-9.525084e-002  
5.617380e-002  
1.875401e-002  
1.397658e-001  
1.255817e-001  
-2.167913e-001  
8.664560e-002  
4.294133e-002  
1.638762e-001  
-5.279286e-001  
7.179450e-001  
-4.874086e-001  
5.354738e-002  
3.251354e-001  
-8.214844e-001  
4.210865e-001  
2.909428e-001  
8.586681e-002  
-4.187080e-001  
1.419775e-001  
1.391134e-001  
-2.577591e-001  
2.780666e-001  
-1.695802e-001  
-2.783605e-001  
8.633621e-001  
-3.281605e-001  
-3.056448e-001  
2.843180e-001  
5.259585e-002  
-1.069123e-001  
1.158544e-001  
5.217123e-002  
6.835628e-002  
-1.966442e-001  
1.195765e-001  
3.112841e-001  
-3.369415e-001  
-4.641974e-002  
-1.508934e-001  
2.259045e-001  
2.279682e-001  
-5.973608e-001  
2.304131e-001  
2.239010e-001  
-3.705060e-001  
7.461849e-001  
-8.715754e-001  
3.502512e-002  
1.999882e-001  
-9.027314e-002  
3.662124e-001  
-4.807994e-001  
5.296924e-001  
-3.026929e-001  
4.792472e-001  
-3.146835e-001  
5.809081e-002  
1.495862e-001  
-3.584957e-001  
3.167664e-001  
4.521586e-001  
-6.016920e-001  
7.433045e-002  
1.655709e-001  
-1.054875e-001  
-3.959147e-001  
1.337551e-001  
5.933285e-003  
-3.996563e-001  
1.409254e-001  
3.397468e-001  
-4.807323e-002  
-1.177264e-001  
3.287191e-001  
-9.102839e-002  
2.353103e-001  
-7.065268e-001  
4.421926e-001  
-6.797855e-001  
7.225056e-001  
-3.000860e-001  
4.821216e-001  
-7.427289e-001  
5.002491e-001  
3.807597e-001  
-2.348326e-001  
-3.058481e-001  
2.148376e-001  
-2.857250e-001  
-2.891088e-002  
4.732099e-001  
-4.861207e-001  
2.624843e-001  
3.328800e-002  
2.444295e-001  
-3.444285e-001  
4.501853e-001  
-1.906416e-001  
-5.475652e-002  
-1.396713e-001  
1.115062e-001  
-2.481123e-001  
5.086080e-001  
2.029467e-002  
-2.564594e-002  
3.358862e-001  
-3.995652e-001  
-1.188513e-001  
1.487317e-001  
2.280854e-001  
-4.450135e-001  
6.518478e-001  
-5.591867e-001  
9.206944e-001  
-8.441830e-001  
4.232078e-001  
-1.755140e-001  
-2.603137e-001  
-1.624759e-001  
1.823283e-001  
-1.791358e-002  
1.641593e-001  
-5.667732e-001  
5.436983e-001  
-1.185503e-001  
-1.269885e-001  
1.500454e-001  
5.019512e-001  
-4.567740e-001  
5.078509e-002  
-3.136485e-001  
1.744204e-001  
2.866942e-001  
4.943305e-001  
-1.036682e+000  
7.346942e-001  
-1.859665e-003  
-4.979353e-001  
-3.726666e-001  
9.271390e-001  
-1.829028e-001  
8.690906e-002  
2.385215e-001  
-2.771078e-001  
-1.426123e-001  
1.155949e-001  
-8.794892e-002  
-1.164229e-001  
6.039985e-001  
-5.449538e-001  
1.886010e-001  
-2.654688e-001  
2.456304e-001  
4.178107e-002  
-8.044481e-002  
-1.582044e-001  
3.693223e-001  
-2.194178e-001  
-3.594177e-001  
3.495884e-001  
-3.659765e-001  
4.635324e-001  
-6.713337e-001  
5.099373e-001  
-1.978230e-001  
4.530193e-001  
-3.837879e-001  
-1.689515e-001  
1.258075e-001  
-1.650528e-001  
-9.195089e-003  
-2.039194e-002  
1.933447e-001  
-3.674057e-001  
8.562613e-002  
3.407965e-001  
-2.489209e-002  
-6.505971e-001  
1.070065e+000  
-9.062736e-001  
7.489251e-001  
-3.566675e-001  
-2.819538e-003  
6.021383e-001  
-2.980217e-001  
-2.868342e-001  
-3.096926e-002  
2.191507e-001  
-3.638130e-001  
6.549004e-001  
-7.489737e-001  
3.406247e-001  
-4.198396e-001  
6.248026e-001  
-3.477161e-001  
-3.182541e-001  
2.761370e-001  
2.689009e-001  
-5.290117e-001  
8.016181e-001  
-7.381983e-001  
2.120628e-001  
1.809275e-001  
4.694939e-002  
1.085353e-002  
-2.183385e-001  
4.015410e-002  
3.479387e-001  
-3.438094e-001  
-2.247223e-001  
4.442911e-001  
-3.548236e-001  
9.047246e-002  
2.476208e-001  
-2.340967e-001  
1.010640e-001  
-1.373897e-001  
5.575039e-001  
-5.188354e-001  
1.708418e-001  
-6.398892e-002  
5.222535e-002  
-3.987324e-002  
1.309094e-001  
1.245351e-001  
-1.703219e-001  
-1.802373e-001  
1.234406e-001  
-1.210427e-002  
-6.209322e-001  
6.552153e-001  
1.984680e-002  
-6.487885e-001  
5.929309e-001  
-2.985704e-002  
-5.153835e-002  
-2.739620e-002  
-6.652498e-002  
-7.730376e-001  
8.222194e-001  
-2.479287e-001  
1.682023e-001  
-1.616211e-001  
1.144201e-001  
2.210483e-001  
-2.468059e-001  
1.458011e-001  
5.721372e-002  
-1.152251e-001  
-2.810689e-001  
2.153398e-001  
5.486423e-002  
-2.206795e-001  
3.558326e-002  
2.216161e-001  
-8.521289e-003  
-1.606122e-001  
3.416843e-001  
-6.159620e-001  
4.218173e-002  
7.631027e-001  
-1.029094e+000  
4.080083e-001  
-1.809691e-001  
2.241574e-001  
9.442344e-002  
-4.101355e-001  
3.207236e-001  
-4.870546e-002  
6.879613e-003  
2.943001e-001  
-3.864647e-001  
5.609712e-002  
5.891357e-001  
-4.962720e-001  
1.105583e-001  
-7.875162e-002  
1.933588e-001  
-1.235424e-001  
