0.11846923828125
0.16717529296875
0.1129150390625
-0.097442626953125
-0.266815185546875
-0.2481689453125
0.061248779296875
0.437530517578125
0.44512939453125
-0.007720947265625
-0.50689697265625
-0.635406494140625
-0.2576904296875
0.220672607421875
0.3582763671875
0.1280517578125
-0.0167236328125
0.142333984375
0.443634033203125
0.44097900390625
0.051971435546875
-0.356048583984375
-0.54705810546875
-0.4805908203125
-0.36859130859375
-0.2603759765625
-0.062896728515625
0.295623779296875
0.5260009765625
0.3555908203125
-0.040008544921875
-0.2388916015625
-0.06207275390625
0.32568359375
0.45941162109375
0.274261474609375
0.049591064453125
-0.065185546875
-0.1156005859375
-0.284088134765625
-0.466552734375
-0.396575927734375
-0.010345458984375
0.40057373046875
0.416259765625
0.04510498046875
-0.30450439453125
-0.34564208984375
-0.1507568359375
-0.06610107421875
-0.127685546875
-0.212982177734375
-0.20855712890625
-0.01763916015625
0.129180908203125
0.283447265625
0.30450439453125
0.2630615234375
0.046173095703125
-0.150177001953125
-0.18841552734375
0.0596923828125
0.3006591796875
0.328399658203125
0.046478271484375
-0.343963623046875
-0.426177978515625
-0.163818359375
0.22247314453125
0.301239013671875
0.1241455078125
-0.180938720703125
-0.336029052734375
-0.2611083984375
-0.0439453125
0.078704833984375
0.182586669921875
0.181854248046875
0.160308837890625
0.104736328125
0.016998291015625
-0.036407470703125
-0.033447265625
-0.072906494140625
-0.071197509765625
-0.12353515625
-0.08868408203125
-0.097076416015625
-0.0909423828125
-0.072174072265625
-0.01885986328125
0.132537841796875
0.2960205078125
0.245391845703125
-0.00274658203125
-0.233551025390625
-0.352508544921875
-0.270599365234375
-0.174957275390625
-0.14202880859375
-0.21697998046875
-0.1185302734375
0.178375244140625
0.43914794921875
0.484222412109375
0.2724609375
0.018218994140625
-0.029296875
0.0733642578125
0.158294677734375
0.1964111328125
0.02337646484375
-0.13787841796875
-0.28985595703125
-0.25653076171875
-0.11920166015625
0.069244384765625
0.19427490234375
0.132415771484375
-0.02337646484375
-0.25469970703125
-0.3756103515625
-0.304962158203125
-0.09710693359375
0.201263427734375
0.30609130859375
0.144500732421875
-0.111968994140625
-0.198455810546875
0.02191162109375
0.3538818359375
0.465576171875
0.216766357421875
-0.1629638671875
-0.34893798828125
-0.304046630859375
-0.174652099609375
-0.16229248046875
-0.23883056640625
-0.141693115234375
0.15576171875
0.44769287109375
0.475494384765625
0.248565673828125
-0.05078125
-0.20233154296875
-0.205230712890625
-0.108551025390625
0.028472900390625
0.148345947265625
0.25341796875
0.225128173828125
0.132904052734375
0.030731201171875
0.02191162109375
0.13616943359375
0.15716552734375
0.118377685546875
0.019134521484375
-0.057281494140625
-0.1053466796875
-0.1253662109375
-0.25152587890625
-0.357208251953125
-0.435699462890625
-0.409820556640625
-0.341064453125
-0.136444091796875
0.09600830078125
0.18255615234375
0.0916748046875
-0.0802001953125
-0.158905029296875
-0.0360107421875
0.116790771484375
0.288543701171875
0.302764892578125
0.2291259765625
0.140716552734375
0.069183349609375
0.091644287109375
0.1363525390625
0.22314453125
0.14947509765625
-0.0155029296875
-0.17193603515625
-0.135223388671875
-0.047607421875
-0.076446533203125
-0.250946044921875
-0.374298095703125
-0.299896240234375
0.072662353515625
0.394561767578125
0.46728515625
0.256317138671875
-0.04248046875
-0.148284912109375
-0.111328125
-0.054595947265625
0.098907470703125
0.184783935546875
0.22021484375
0.10955810546875
-0.052947998046875
-0.073822021484375
0.00384521484375
0.055694580078125
-0.19635009765625
-0.512603759765625
-0.5849609375
-0.238555908203125
0.35040283203125
0.596527099609375
0.272186279296875
-0.232147216796875
-0.44464111328125
-0.124755859375
0.34844970703125
0.385406494140625
-0.1209716796875
-0.62591552734375
-0.59576416015625
-0.04791259765625
0.526580810546875
0.6439208984375
0.304290771484375
-0.054107666015625
-0.18963623046875
-0.151397705078125
-0.179229736328125
-0.322906494140625
-0.374847412109375
-0.1536865234375
0.195587158203125
0.37188720703125
0.390716552734375
0.395263671875
0.46905517578125
0.42022705078125
0.1328125
-0.290374755859375
-0.452178955078125
-0.265533447265625
-0.006011962890625
0.01971435546875
-0.1348876953125
-0.239654541015625
-0.147552490234375
0.129852294921875
0.345123291015625
0.347900390625
0.196563720703125
0.019195556640625
-0.0614013671875
-0.09613037109375
-0.05670166015625
-0.025421142578125
-0.027587890625
-0.121612548828125
-0.12689208984375
0.014556884765625
0.085601806640625
-0.0196533203125
-0.318695068359375
-0.50433349609375
-0.3787841796875
-0.06561279296875
0.070892333984375
-0.12579345703125
-0.321685791015625
-0.1744384765625
0.3560791015625
0.774322509765625
0.769561767578125
0.377685546875
-0.037261962890625
-0.21343994140625
-0.23028564453125
-0.165191650390625
-0.139129638671875
-0.073272705078125
0.04962158203125
-0.00811767578125
-0.135589599609375
-0.212493896484375
-0.094512939453125
0.02764892578125
0.0242919921875
-0.191925048828125
-0.388641357421875
-0.32415771484375
-0.0653076171875
0.097625732421875
0.067657470703125
0.09869384765625
0.2960205078125
0.595703125
0.7127685546875
0.470916748046875
0.06072998046875
-0.216094970703125
-0.172607421875
0.05450439453125
0.101898193359375
-0.01849365234375
-0.112640380859375
-0.069549560546875
0.13348388671875
0.24652099609375
0.036407470703125
-0.41351318359375
-0.787261962890625
-0.76885986328125
-0.2852783203125
0.352020263671875
0.586456298828125
0.25811767578125
-0.278778076171875
-0.43695068359375
-0.082183837890625
0.358428955078125
0.4151611328125
0.119049072265625
-0.078948974609375
0.118011474609375
0.45513916015625
0.475250244140625
0.09613037109375
-0.410430908203125
-0.570098876953125
-0.380340576171875
-0.163299560546875
-0.14080810546875
-0.24176025390625
-0.180023193359375
0.0601806640625
0.301300048828125
0.345306396484375
0.20281982421875
0.045318603515625
-0.09149169921875
-0.0677490234375
-0.022796630859375
0.18133544921875
0.378631591796875
0.408905029296875
0.222137451171875
-0.0286865234375
-0.16729736328125
-0.112457275390625
-0.013153076171875
-0.09637451171875
-0.365814208984375
-0.6595458984375
-0.698883056640625
-0.411285400390625
0.037994384765625
0.426025390625
0.5328369140625
0.400665283203125
0.160614013671875
-0.0203857421875
-0.140960693359375
-0.11328125
0.062286376953125
0.243499755859375
0.3116455078125
0.1544189453125
-0.062286376953125
-0.229339599609375
-0.17303466796875
0.03643798828125
0.19134521484375
0.10113525390625
-0.0872802734375
-0.244293212890625
-0.24127197265625
-0.165985107421875
-0.159027099609375
-0.1416015625
-0.088592529296875
0.069091796875
0.1807861328125
0.259429931640625
0.170013427734375
0.0872802734375
0.105560302734375
0.269317626953125
0.37713623046875
0.28662109375
-0.029266357421875
-0.32427978515625
-0.42529296875
-0.317779541015625
-0.17889404296875
-0.199066162109375
-0.342437744140625
-0.472320556640625
-0.39617919921875
-0.156951904296875
0.12518310546875
0.32366943359375
0.397125244140625
0.4259033203125
0.454132080078125
0.470672607421875
0.3638916015625
0.104583740234375
-0.22186279296875
-0.44635009765625
-0.426361083984375
-0.217559814453125
-0.029327392578125
0.114501953125
0.138092041015625
0.142364501953125
0.2249755859375
0.350982666015625
0.4168701171875
0.383026123046875
0.239532470703125
0.182159423828125
0.18524169921875
0.243499755859375
0.231689453125
-0.028045654296875
-0.4617919921875
-0.79962158203125
-0.807647705078125
-0.46405029296875
-0.022064208984375
0.2264404296875
0.125701904296875
-0.0692138671875
-0.248870849609375
-0.285614013671875
-0.28643798828125
-0.252685546875
-0.14581298828125
0.030029296875
0.180145263671875
0.11083984375
-0.085968017578125
-0.14605712890625
-0.008941650390625
0.12066650390625
0.131103515625
0.09210205078125
0.1417236328125
0.254852294921875
0.329345703125
0.14678955078125
-0.1427001953125
-0.197540283203125
0.041473388671875
0.44287109375
0.537017822265625
0.2667236328125
-0.2015380859375
-0.446044921875
-0.35003662109375
-0.070343017578125
0.06781005859375
-0.0599365234375
-0.274017333984375
-0.313751220703125
-0.113555908203125
0.271759033203125
0.454254150390625
0.289154052734375
-0.056793212890625
-0.218414306640625
-0.03106689453125
0.227203369140625
0.208251953125
0.036773681640625
-0.047088623046875
0.14215087890625
0.39520263671875
0.294708251953125
-0.1588134765625
-0.474639892578125
-0.37152099609375
-0.005157470703125
0.138519287109375
-0.063720703125
-0.240692138671875
-0.06793212890625
0.286346435546875
0.38134765625
0.102752685546875
-0.372161865234375
-0.50103759765625
-0.244598388671875
0.083892822265625
0.05413818359375
-0.168609619140625
-0.348541259765625
-0.30352783203125
-0.1212158203125
0.050506591796875
0.13397216796875
0.18951416015625
0.329559326171875
0.400054931640625
0.29583740234375
0.0205078125
-0.26495361328125
-0.406951904296875
-0.39434814453125
-0.21661376953125
-0.0469970703125
0.1314697265625
0.225860595703125
0.295623779296875
0.35443115234375
0.289581298828125
0.107147216796875
-0.143646240234375
-0.23406982421875
-0.09014892578125
0.172760009765625
0.2523193359375
0.013458251953125
-0.372711181640625
-0.479034423828125
-0.208648681640625
0.097686767578125
0.198028564453125
0.0823974609375
-0.012298583984375
0.197662353515625
0.3994140625
0.3541259765625
0.0836181640625
-0.040985107421875
0.14984130859375
0.48919677734375
0.47039794921875
0.070220947265625
-0.404541015625
-0.51318359375
-0.343292236328125
-0.22406005859375
-0.36993408203125
-0.499603271484375
-0.305755615234375
0.121551513671875
0.331207275390625
0.06292724609375
-0.378448486328125
-0.472015380859375
-0.135009765625
0.294830322265625
0.305572509765625
-0.067657470703125
-0.473541259765625
-0.453155517578125
-0.02252197265625
0.442901611328125
0.609771728515625
0.4447021484375
0.12152099609375
-0.106201171875
-0.06304931640625
0.058502197265625
0.108001708984375
-0.068603515625
-0.20587158203125
-0.1763916015625
0.11517333984375
0.452911376953125
0.478363037109375
0.206390380859375
-0.063934326171875
-0.1058349609375
0.086883544921875
0.13873291015625
-0.089874267578125
-0.30474853515625
-0.266265869140625
0.003662109375
0.15435791015625
-0.012298583984375
-0.26922607421875
-0.36676025390625
-0.09393310546875
0.231231689453125
0.29730224609375
0.168243408203125
0.052703857421875
0.103546142578125
0.25079345703125
0.202301025390625
-0.0670166015625
-0.336212158203125
-0.338775634765625
-0.074493408203125
0.20489501953125
0.23193359375
0.02386474609375
-0.19384765625
-0.335784912109375
-0.394683837890625
-0.428924560546875
-0.4384765625
-0.3831787109375
-0.1949462890625
0.072357177734375
0.25408935546875
0.227294921875
-0.02203369140625
-0.226837158203125
-0.257293701171875
0.01025390625
0.351104736328125
0.497650146484375
0.355316162109375
0.1461181640625
0.0516357421875
0.210784912109375
0.4300537109375
0.46484375
0.271820068359375
0.0421142578125
-0.137451171875
-0.1668701171875
-0.247467041015625
-0.264129638671875
-0.107513427734375
0.14349365234375
0.341705322265625
0.286834716796875
-0.03192138671875
-0.2911376953125
-0.329376220703125
-0.119964599609375
0.07769775390625
0.152313232421875
0.127288818359375
0.0780029296875
0.009002685546875
-0.03350830078125
-0.0855712890625
-0.028533935546875
0.070098876953125
0.084930419921875
-0.095703125
-0.421783447265625
-0.638641357421875
-0.559722900390625
-0.24896240234375
0.18829345703125
0.45880126953125
0.529876708984375
0.395965576171875
0.126434326171875
-0.1531982421875
-0.1815185546875
0.01116943359375
0.211456298828125
0.22650146484375
0.002838134765625
-0.368927001953125
-0.5450439453125
-0.47991943359375
-0.1820068359375
0.105194091796875
0.355377197265625
0.4105224609375
0.298126220703125
0.08465576171875
-0.032257080078125
0.087921142578125
0.241546630859375
0.27874755859375
-0.021820068359375
-0.42169189453125
-0.545013427734375
-0.3267822265625
0.046630859375
0.197723388671875
0.1480712890625
0.038177490234375
0.051055908203125
0.250518798828125
0.330657958984375
0.218902587890625
0.03662109375
-0.06817626953125
-0.0433349609375
0.0335693359375
0.110870361328125
0.28204345703125
0.400848388671875
0.306060791015625
-0.011474609375
-0.28448486328125
-0.351531982421875
-0.1871337890625
-0.070587158203125
-0.231903076171875
-0.493621826171875
-0.5400390625
-0.277099609375
0.0899658203125
0.258575439453125
0.11309814453125
-0.152130126953125
-0.219390869140625
-0.06201171875
0.014739990234375
0.032867431640625
-0.0048828125
0.022735595703125
0.095428466796875
0.16424560546875
0.1324462890625
0.08111572265625
0.125396728515625
0.286895751953125
0.36102294921875
0.221221923828125
-0.08251953125
-0.342071533203125
-0.468475341796875
-0.426116943359375
-0.254913330078125
-0.029876708984375
0.14703369140625
0.1893310546875
0.20404052734375
0.15289306640625
0.105621337890625
0.137451171875
0.159576416015625
0.150482177734375
0.138916015625
0.103546142578125
0.073760986328125
0.01416015625
-0.082275390625
-0.147552490234375
-0.1978759765625
-0.190185546875
-0.21026611328125
-0.219207763671875
-0.110321044921875
0.08966064453125
0.342041015625
0.38775634765625
0.173736572265625
-0.092437744140625
-0.192047119140625
-0.113555908203125
0.0628662109375
0.144195556640625
0.161956787109375
0.103973388671875
-0.042694091796875
-0.137115478515625
-0.25042724609375
-0.303009033203125
-0.307586669921875
-0.3150634765625
-0.23876953125
-0.0777587890625
0.182159423828125
0.31658935546875
0.26544189453125
0.029205322265625
-0.08441162109375
-0.032318115234375
0.205291748046875
0.2655029296875
0.07989501953125
-0.257476806640625
-0.46795654296875
-0.454620361328125
-0.259613037109375
-0.09661865234375
0.00836181640625
-0.00823974609375
0.026092529296875
0.115264892578125
0.164947509765625
0.200897216796875
0.114837646484375
0.05865478515625
0.049072265625
0.11993408203125
0.2598876953125
0.361602783203125
0.35205078125
0.1904296875
-0.0107421875
-0.199462890625
-0.32763671875
-0.458648681640625
-0.565948486328125
-0.563385009765625
-0.2943115234375
0.1429443359375
0.484588623046875
0.468414306640625
0.14019775390625
-0.275909423828125
-0.396728515625
-0.181671142578125
0.163909912109375
0.475616455078125
0.56292724609375
0.4365234375
0.21380615234375
0.023345947265625
0.10992431640625
0.285003662109375
0.3697509765625
0.137939453125
-0.3602294921875
-0.696746826171875
-0.65911865234375
-0.347198486328125
-0.105865478515625
-0.1025390625
-0.252197265625
-0.240997314453125
-0.04254150390625
0.162841796875
0.19647216796875
0.131866455078125
0.104217529296875
0.042816162109375
-0.11138916015625
-0.268341064453125
-0.266357421875
0.099365234375
0.52886962890625
0.662200927734375
0.31671142578125
-0.23626708984375
-0.5325927734375
-0.327880859375
0.115997314453125
0.366363525390625
0.28521728515625
0.141204833984375
0.11993408203125
0.28704833984375
0.3394775390625
0.15667724609375
-0.09075927734375
-0.277191162109375
-0.272979736328125
-0.226898193359375
-0.24249267578125
-0.17755126953125
-0.028289794921875
0.026885986328125
-0.039031982421875
-0.175537109375
-0.168365478515625
0.063812255859375
0.1429443359375
0.04730224609375
-0.18756103515625
-0.15362548828125
0.187713623046875
0.390380859375
0.264251708984375
-0.0701904296875
-0.160430908203125
0.135833740234375
0.375274658203125
0.150482177734375
-0.285003662109375
-0.43475341796875
-0.1353759765625
0.18914794921875
0.102294921875
-0.21539306640625
-0.2677001953125
0.052947998046875
0.28790283203125
0.07806396484375
-0.364715576171875
-0.4730224609375
-0.1533203125
0.207305908203125
0.172943115234375
-0.0130615234375
-0.005218505859375
0.241485595703125
0.443389892578125
0.276885986328125
-0.063201904296875
-0.190277099609375
-0.003326416015625
0.073028564453125
-0.133056640625
-0.357635498046875
-0.259246826171875
0.06060791015625
0.32562255859375
0.28436279296875
0.114013671875
0.04827880859375
0.089630126953125
0.04510498046875
-0.25054931640625
-0.468170166015625
-0.411651611328125
-0.024169921875
0.345367431640625
0.52545166015625
0.445831298828125
0.24114990234375
-0.0234375
-0.18341064453125
-0.260162353515625
-0.19024658203125
-0.0416259765625
-0.03497314453125
-0.115631103515625
-0.196685791015625
-0.08612060546875
0.08056640625
0.1221923828125
0.020599365234375
0.011810302734375
0.189208984375
0.310760498046875
0.229583740234375
-0.011383056640625
-0.067626953125
0.16436767578125
0.4071044921875
0.3548583984375
-0.067657470703125
-0.443695068359375
-0.547607421875
-0.3594970703125
-0.195526123046875
-0.182525634765625
-0.3092041015625
-0.295654296875
-0.15313720703125
-0.04290771484375
0.045654296875
0.08990478515625
0.24603271484375
0.282745361328125
0.190826416015625
-0.09832763671875
-0.286163330078125
-0.223602294921875
0.020782470703125
0.2784423828125
0.34033203125
0.26416015625
0.121337890625
-0.03179931640625
-0.10418701171875
-0.23150634765625
-0.33282470703125
-0.253570556640625
-0.03204345703125
0.202392578125
0.20294189453125
-0.03753662109375
-0.198150634765625
-0.1400146484375
0.254730224609375
0.58026123046875
0.570281982421875
0.31353759765625
0.063140869140625
-0.03155517578125
-0.032073974609375
-0.10906982421875
-0.297210693359375
-0.334564208984375
-0.2197265625
-0.031707763671875
0.06341552734375
0.106475830078125
0.192840576171875
0.255828857421875
0.136566162109375
-0.171905517578125
-0.39190673828125
-0.35650634765625
-0.156402587890625
-0.12738037109375
-0.25762939453125
-0.354400634765625
-0.203155517578125
0.08135986328125
0.239227294921875
0.29095458984375
0.271697998046875
0.31622314453125
0.313873291015625
0.20904541015625
-0.06842041015625
-0.275146484375
-0.280242919921875
-0.152099609375
-0.079010009765625
-0.02777099609375
0.061370849609375
0.141998291015625
0.2452392578125
0.188140869140625
0.073455810546875
0.07861328125
0.155487060546875
0.193023681640625
0.14111328125
-0.030029296875
-0.15740966796875
-0.16827392578125
-0.0396728515625
0.0328369140625
0.11920166015625
0.237548828125
0.318450927734375
0.240081787109375
-0.02874755859375
-0.302398681640625
-0.48382568359375
-0.408447265625
-0.2490234375
-0.1669921875
-0.143157958984375
-0.136627197265625
-0.030670166015625
0.128662109375
0.207611083984375
0.0909423828125
-0.01080322265625
0.06988525390625
0.176300048828125
0.12945556640625
-0.088653564453125
-0.374420166015625
-0.40875244140625
-0.141387939453125
0.222747802734375
0.3822021484375
0.338470458984375
0.329437255859375
0.337493896484375
0.2833251953125
0.139007568359375
-0.0338134765625
-0.189605712890625
-0.22589111328125
-0.233154296875
-0.217376708984375
-0.10943603515625
-0.062225341796875
-0.099884033203125
-0.3538818359375
-0.48712158203125
-0.31268310546875
0.024017333984375
0.266143798828125
0.108367919921875
-0.16754150390625
-0.12347412109375
0.20745849609375
0.49615478515625
0.35894775390625
-0.01629638671875
-0.264678955078125
-0.08856201171875
0.228973388671875
0.316864013671875
0.22564697265625
0.137725830078125
0.236541748046875
0.240692138671875
-0.001007080078125
-0.33270263671875
-0.375
-0.07818603515625
0.299896240234375
0.403656005859375
0.218505859375
0.077728271484375
0.117401123046875
0.167083740234375
-0.036468505859375
-0.354156494140625
-0.57672119140625
-0.4921875
-0.2059326171875
0.04522705078125
0.099578857421875
-0.0303955078125
-0.1578369140625
-0.261474609375
-0.22332763671875
-0.124786376953125
-0.134307861328125
-0.261077880859375
-0.45013427734375
-0.38702392578125
0.01568603515625
0.45208740234375
0.5169677734375
0.15936279296875
-0.24163818359375
-0.25811767578125
0.124237060546875
0.48907470703125
0.4351806640625
0.123992919921875
-0.126007080078125
-0.031768798828125
0.189971923828125
0.2686767578125
0.22674560546875
0.168060302734375
0.203582763671875
0.229736328125
0.20599365234375
0.0380859375
-0.076019287109375
-0.227020263671875
-0.330322265625
-0.353546142578125
-0.20440673828125
-0.007720947265625
0.069488525390625
-0.116455078125
-0.319732666015625
-0.3009033203125
-0.043792724609375
0.181488037109375
0.132904052734375
-0.181182861328125
-0.3970947265625
-0.225982666015625
0.16046142578125
0.398468017578125
0.395233154296875
0.21014404296875
0.077789306640625
0.0673828125
0.101287841796875
0.017852783203125
-0.04364013671875
0.061859130859375
0.174163818359375
0.104156494140625
-0.1307373046875
-0.322265625
-0.241546630859375
0.083709716796875
0.273590087890625
0.18310546875
-0.0838623046875
-0.252166748046875
-0.151123046875
0.012451171875
-0.052490234375
-0.260589599609375
-0.286376953125
-0.03851318359375
0.198944091796875
0.23956298828125
0.090118408203125
-0.01080322265625
0.0174560546875
0.118133544921875
0.08453369140625
0.038360595703125
0.101959228515625
0.235931396484375
0.253692626953125
-0.0281982421875
-0.43292236328125
-0.615325927734375
-0.465728759765625
-0.044281005859375
0.313934326171875
0.447967529296875
0.423614501953125
0.362823486328125
0.28118896484375
0.152587890625
-0.03399658203125
-0.14752197265625
-0.17205810546875
-0.10552978515625
-0.007080078125
0.05718994140625
0.104156494140625
0.136383056640625
0.163360595703125
0.034210205078125
-0.20269775390625
-0.340576171875
-0.3280029296875
-0.2203369140625
-0.111724853515625
-0.116363525390625
-0.1785888671875
-0.26043701171875
-0.255615234375
-0.18280029296875
-0.11663818359375
-0.000823974609375
0.096954345703125
0.21881103515625
0.304595947265625
0.3717041015625
0.352264404296875
0.245452880859375
0.197509765625
0.1844482421875
0.171234130859375
0.09576416015625
-0.0440673828125
-0.148101806640625
-0.10650634765625
0.0467529296875
0.073577880859375
0.00970458984375
-0.07586669921875
-0.03082275390625
0.168243408203125
0.279022216796875
0.121063232421875
-0.189849853515625
-0.329254150390625
-0.282806396484375
-0.138671875
-0.167205810546875
-0.2392578125
-0.20867919921875
-0.047821044921875
0.070526123046875
0.066070556640625
-0.08038330078125
-0.074188232421875
0.103973388671875
0.22613525390625
0.11572265625
-0.137908935546875
-0.297271728515625
-0.22064208984375
-0.04278564453125
0.1014404296875
0.089447021484375
0.086822509765625
0.162811279296875
0.30975341796875
0.245086669921875
-0.03131103515625
-0.310394287109375
-0.3419189453125
-0.227752685546875
-0.129425048828125
-0.218902587890625
-0.308258056640625
-0.17694091796875
0.176513671875
0.500457763671875
0.510101318359375
0.332733154296875
0.20452880859375
0.28216552734375
0.3050537109375
0.140411376953125
-0.15728759765625
-0.27789306640625
-0.202117919921875
-0.00677490234375
0.062103271484375
0.06658935546875
0.098480224609375
0.05633544921875
-0.035247802734375
-0.254608154296875
-0.346466064453125
-0.178192138671875
0.0914306640625
0.14715576171875
-0.102325439453125
-0.3331298828125
-0.185150146484375
0.24090576171875
0.37347412109375
0.044830322265625
-0.45233154296875
-0.576751708984375
-0.190338134765625
0.284515380859375
0.3177490234375
-0.055328369140625
-0.305206298828125
-0.1536865234375
0.232818603515625
0.471954345703125
0.32330322265625
0.026214599609375
-0.02801513671875
0.050323486328125
0.06549072265625
-0.179779052734375
-0.544464111328125
-0.64190673828125
-0.3746337890625
0.0535888671875
0.304351806640625
0.30352783203125
0.19305419921875
0.17767333984375
0.226959228515625
0.22686767578125
0.145965576171875
-0.014495849609375
-0.13885498046875
-0.167999267578125
-0.1563720703125
-0.085479736328125
-0.00189208984375
0.184295654296875
0.270599365234375
0.163818359375
-0.077850341796875
-0.203643798828125
-0.1492919921875
0.09405517578125
0.2486572265625
0.159698486328125
-0.0030517578125
0.023468017578125
0.242584228515625
0.44049072265625
0.4029541015625
0.025299072265625
-0.41656494140625
-0.618255615234375
-0.519927978515625
-0.2874755859375
-0.030670166015625
0.070281982421875
0.16998291015625
0.164886474609375
0.13458251953125
-0.01953125
-0.188812255859375
-0.2601318359375
-0.188079833984375
-0.007598876953125
0.15679931640625
0.174530029296875
0.0323486328125
-0.03369140625
-0.003082275390625
0.10589599609375
0.207122802734375
0.116607666015625
-0.06085205078125
-0.31976318359375
-0.437469482421875
-0.387664794921875
-0.235626220703125
0.00701904296875
0.234039306640625
0.424346923828125
0.504608154296875
0.44097900390625
0.301666259765625
0.094207763671875
-0.122711181640625
-0.28173828125
-0.367340087890625
-0.371490478515625
-0.26373291015625
-0.097686767578125
-0.037628173828125
-0.050140380859375
-0.10394287109375
-0.046600341796875
0.08697509765625
0.197265625
0.288604736328125
0.233367919921875
0.16552734375
0.12646484375
0.077392578125
-0.03875732421875
-0.249603271484375
-0.325775146484375
-0.121917724609375
0.2750244140625
0.45654296875
0.27081298828125
-0.16851806640625
-0.42877197265625
-0.38507080078125
-0.093017578125
0.18963623046875
0.375152587890625
0.47247314453125
0.466461181640625
0.339752197265625
0.096954345703125
-0.154541015625
-0.249359130859375
-0.243377685546875
-0.06488037109375
0.136962890625
0.314544677734375
0.29046630859375
0.132598876953125
-0.122406005859375
-0.190704345703125
-0.079681396484375
-0.067901611328125
-0.242584228515625
-0.5169677734375
-0.57965087890625
-0.269439697265625
0.1309814453125
0.29388427734375
0.087799072265625
-0.235107421875
-0.32415771484375
-0.23101806640625
-0.126617431640625
-0.230987548828125
-0.28680419921875
-0.217315673828125
-0.052703857421875
-0.05328369140625
-0.11895751953125
-0.134246826171875
0.004119873046875
0.1219482421875
0.223846435546875
0.276397705078125
0.3763427734375
0.54736328125
0.5572509765625
0.374481201171875
0.12847900390625
0.0623779296875
0.07843017578125
-0.029266357421875
-0.214630126953125
-0.215087890625
-0.00091552734375
0.378936767578125
0.49658203125
0.240447998046875
-0.102508544921875
-0.18853759765625
-0.017547607421875
0.042388916015625
-0.129791259765625
-0.324737548828125
-0.26361083984375
0.03558349609375
0.3182373046875
0.2462158203125
-0.084228515625
-0.37847900390625
-0.50408935546875
-0.4814453125
-0.414886474609375
-0.284576416015625
-0.10528564453125
0.00982666015625
-0.107269287109375
-0.265869140625
-0.2630615234375
0.074493408203125
0.503204345703125
0.773406982421875
0.642730712890625
0.27581787109375
-0.057952880859375
-0.118255615234375
-0.07177734375
-0.06182861328125
-0.2705078125
-0.407623291015625
-0.290252685546875
0.107940673828125
0.419921875
0.3955078125
0.041748046875
-0.30645751953125
-0.253021240234375
0.095489501953125
0.364959716796875
0.2940673828125
-0.111907958984375
-0.44281005859375
-0.385711669921875
-0.03167724609375
0.233734130859375
0.272674560546875
0.107330322265625
-0.072265625
-0.0870361328125
-0.06036376953125
0.006103515625
0.12713623046875
0.202423095703125
0.172607421875
0.027801513671875
-0.161712646484375
-0.19207763671875
-0.058441162109375
0.074371337890625
0.032257080078125
-0.084259033203125
-0.129364013671875
0.095550537109375
0.3438720703125
0.3363037109375
0.001434326171875
-0.431396484375
-0.58477783203125
-0.32611083984375
0.1380615234375
0.34814453125
0.16778564453125
-0.142181396484375
-0.1923828125
0.119903564453125
0.41082763671875
0.41571044921875
0.05914306640625
-0.29986572265625
-0.278533935546875
0.053436279296875
0.31695556640625
0.23382568359375
-0.092529296875
-0.26275634765625
-0.216156005859375
-0.000762939453125
0.1192626953125
0.154937744140625
0.09295654296875
0.1400146484375
0.1810302734375
0.2269287109375
0.1343994140625
-0.0377197265625
-0.14923095703125
-0.217041015625
-0.1826171875
-0.163848876953125
-0.245574951171875
-0.41070556640625
-0.4208984375
-0.118072509765625
0.301300048828125
0.509674072265625
0.309234619140625
-0.0035400390625
-0.124603271484375
0.044586181640625
0.19097900390625
0.027587890625
-0.193267822265625
-0.189056396484375
0.168212890625
0.436431884765625
0.321563720703125
-0.101776123046875
-0.439361572265625
-0.37530517578125
-0.12835693359375
0.01806640625
-0.0096435546875
0.025177001953125
0.229217529296875
0.3197021484375
0.16387939453125
-0.146148681640625
-0.271026611328125
-0.157196044921875
-0.084381103515625
-0.1356201171875
-0.185272216796875
-0.09832763671875
0.01824951171875
-0.01727294921875
-0.170257568359375
-0.202789306640625
0.013275146484375
0.32818603515625
0.464141845703125
0.362396240234375
0.193328857421875
0.1575927734375
0.170440673828125
0.115203857421875
-0.0489501953125
-0.090179443359375
0.05560302734375
0.13043212890625
0.071868896484375
-0.157257080078125
-0.23760986328125
-0.141876220703125
0.065826416015625
0.075042724609375
0.030975341796875
-0.044036865234375
0.010009765625
-0.07049560546875
-0.26556396484375
-0.3687744140625
-0.174957275390625
0.15911865234375
0.398681640625
0.221832275390625
-0.18267822265625
-0.453125
-0.41619873046875
-0.210052490234375
-0.06561279296875
0.054168701171875
0.2117919921875
0.3887939453125
0.461456298828125
0.218475341796875
-0.124114990234375
-0.295501708984375
-0.148162841796875
0.176055908203125
0.341552734375
0.262542724609375
0.13751220703125
0.089874267578125
0.129364013671875
0.1024169921875
0.0072021484375
-0.065887451171875
-0.111602783203125
-0.020538330078125
0.043060302734375
-0.067230224609375
-0.296661376953125
-0.51348876953125
-0.553131103515625
-0.305694580078125
0.150726318359375
0.526580810546875
0.5555419921875
0.24334716796875
-0.193634033203125
-0.46661376953125
-0.421356201171875
-0.153533935546875
0.085174560546875
0.228179931640625
0.1533203125
-0.038665771484375
-0.234893798828125
-0.29205322265625
-0.203155517578125
0.0167236328125
0.170074462890625
0.06475830078125
-0.116973876953125
-0.1473388671875
-0.006683349609375
0.20166015625
0.271942138671875
0.145599365234375
0.129852294921875
0.246551513671875
0.43145751953125
0.3839111328125
0.103668212890625
-0.233673095703125
-0.32904052734375
-0.3277587890625
-0.320465087890625
-0.279022216796875
-0.17108154296875
0.15704345703125
0.40447998046875
0.327911376953125
-0.027252197265625
-0.3052978515625
-0.27923583984375
-0.055999755859375
0.082550048828125
0.0108642578125
-0.04718017578125
0.084930419921875
0.31744384765625
0.456207275390625
0.334136962890625
0.094451904296875
-0.066741943359375
-0.0474853515625
0.046966552734375
0.096343994140625
0.058349609375
-0.0516357421875
-0.192169189453125
-0.23272705078125
-0.153472900390625
0.031463623046875
0.20404052734375
0.20159912109375
0.008056640625
-0.23736572265625
-0.261810302734375
-0.11785888671875
0.134124755859375
0.296112060546875
0.235931396484375
0.030426025390625
-0.11199951171875
-0.083984375
-0.041778564453125
-0.085601806640625
-0.311981201171875
-0.583465576171875
-0.620758056640625
-0.3299560546875
0.175048828125
0.496429443359375
0.4422607421875
0.084014892578125
-0.257476806640625
-0.358917236328125
-0.32769775390625
-0.184356689453125
0.00634765625
0.2808837890625
0.517974853515625
0.53936767578125
0.261444091796875
-0.117767333984375
-0.221466064453125
-0.0579833984375
0.1925048828125
0.1976318359375
0.0626220703125
0.013580322265625
0.152313232421875
0.3060302734375
0.229278564453125
0.017608642578125
-0.110107421875
0.031219482421875
0.175018310546875
0.063140869140625
-0.198516845703125
-0.311279296875
-0.196380615234375
-0.1363525390625
-0.276580810546875
-0.447174072265625
-0.382843017578125
-0.037109375
0.27691650390625
0.258575439453125
-0.085540771484375
-0.300323486328125
-0.1357421875
0.128326416015625
0.302886962890625
0.2264404296875
0.028167724609375
-0.12738037109375
-0.143157958984375
-0.122344970703125
-0.138702392578125
-0.07977294921875
-0.0045166015625
0.068634033203125
0.121917724609375
0.147247314453125
0.279693603515625
0.35638427734375
0.291473388671875
0.093475341796875
-0.111480712890625
-0.201202392578125
-0.12701416015625
-0.007568359375
0.106231689453125
0.171112060546875
0.02410888671875
-0.19549560546875
-0.286224365234375
-0.1297607421875
0.096954345703125
0.203826904296875
0.0089111328125
-0.187042236328125
-0.1939697265625
0.05499267578125
0.215362548828125
0.036712646484375
-0.24468994140625
-0.344146728515625
-0.14453125
0.125579833984375
0.16412353515625
0.0400390625
0.03668212890625
0.288299560546875
0.48126220703125
0.302734375
-0.14105224609375
-0.559661865234375
-0.58013916015625
-0.32958984375
-0.088623046875
-0.017181396484375
-0.009429931640625
0.095672607421875
0.215789794921875
0.183868408203125
-0.00457763671875
-0.087982177734375
-0.047088623046875
0.08526611328125
0.1253662109375
0.049468994140625
0.05255126953125
0.086212158203125
0.045806884765625
0.00653076171875
-0.09161376953125
0.02093505859375
0.16064453125
0.270294189453125
0.205108642578125
0.0958251953125
0.00567626953125
-0.079681396484375
-0.151580810546875
-0.221893310546875
-0.087615966796875
0.23541259765625
0.45941162109375
0.380828857421875
-0.03167724609375
-0.404083251953125
-0.4097900390625
-0.145843505859375
0.177825927734375
0.2237548828125
0.13055419921875
0.061004638671875
0.088775634765625
0.1632080078125
0.125091552734375
-0.006591796875
-0.149658203125
-0.2684326171875
-0.29669189453125
-0.233184814453125
-0.166473388671875
-0.12005615234375
-0.177459716796875
-0.27569580078125
-0.263214111328125
-0.123382568359375
0.016754150390625
0.07763671875
0.08294677734375
0.186065673828125
0.315643310546875
0.333709716796875
0.190521240234375
-0.093902587890625
-0.336181640625
-0.381195068359375
-0.2572021484375
-0.14447021484375
-0.0777587890625
-0.018798828125
0.013580322265625
0.062103271484375
0.068084716796875
0.17236328125
0.27001953125
0.316864013671875
0.280242919921875
0.098236083984375
-0.029052734375
0.1053466796875
0.33990478515625
0.465850830078125
0.28778076171875
-0.025634765625
-0.24432373046875
-0.16107177734375
-0.030792236328125
-0.016357421875
-0.093963623046875
-0.189300537109375
-0.11602783203125
-0.02984619140625
-0.16131591796875
-0.392425537109375
-0.53570556640625
-0.498870849609375
-0.355224609375
-0.2882080078125
-0.185760498046875
0.0628662109375
0.387603759765625
0.534423828125
0.35504150390625
-0.001251220703125
-0.173583984375
0.054656982421875
0.36029052734375
0.378692626953125
0.061065673828125
-0.17047119140625
-0.08380126953125
0.25177001953125
0.454620361328125
0.371978759765625
0.169189453125
0.04278564453125
0.045501708984375
0.022491455078125
-0.12969970703125
-0.2403564453125
-0.06396484375
0.296905517578125
0.47784423828125
0.2415771484375
-0.307373046875
-0.67071533203125
-0.604583740234375
-0.218353271484375
0.03826904296875
-0.019561767578125
-0.296966552734375
-0.41522216796875
-0.245880126953125
0.01959228515625
0.116729736328125
0.036041259765625
-0.05902099609375
-0.044464111328125
-0.038604736328125
-0.146514892578125
-0.15972900390625
-0.046875
0.1746826171875
0.258941650390625
0.2467041015625
0.19140625
0.18524169921875
0.191192626953125
-0.021148681640625
-0.277557373046875
-0.270660400390625
0.058258056640625
0.46484375
0.5338134765625
0.248077392578125
-0.048065185546875
-0.102569580078125
-0.07611083984375
-0.242584228515625
-0.45965576171875
-0.44488525390625
-0.006134033203125
0.5147705078125
0.66961669921875
0.3743896484375
-0.07257080078125
-0.29669189453125
-0.2694091796875
-0.207122802734375
-0.2491455078125
-0.21002197265625
-0.035797119140625
0.0762939453125
0.09906005859375
0.023529052734375
-0.00201416015625
0.130889892578125
0.143798828125
0.021942138671875
-0.1602783203125
-0.168609619140625
-0.007415771484375
0.205841064453125
0.2401123046875
0.198822021484375
0.15484619140625
0.043853759765625
-0.11077880859375
-0.29998779296875
-0.350738525390625
-0.17578125
0.02508544921875
0.1068115234375
0.0482177734375
0.021484375
0.0352783203125
0.01910400390625
-0.2169189453125
-0.35546875
-0.1275634765625
0.438018798828125
0.79046630859375
0.53668212890625
-0.18414306640625
-0.62847900390625
-0.381072998046875
0.19232177734375
0.436553955078125
0.115753173828125
-0.362579345703125
-0.380462646484375
-0.0408935546875
0.15484619140625
-0.125274658203125
-0.529083251953125
-0.499114990234375
-0.008636474609375
0.5294189453125
0.5950927734375
0.272003173828125
-0.104400634765625
-0.182373046875
-0.16265869140625
-0.13531494140625
-0.118133544921875
-0.08477783203125
0.053985595703125
0.111663818359375
0.21282958984375
0.33502197265625
0.4849853515625
0.375823974609375
-0.01544189453125
-0.47760009765625
-0.52337646484375
-0.1787109375
0.23858642578125
0.2545166015625
-0.053619384765625
-0.1937255859375
0.041259765625
0.36505126953125
0.39422607421875
0.012054443359375
-0.347076416015625
-0.4676513671875
-0.319488525390625
-0.13525390625
0.007080078125
0.09014892578125
0.201507568359375
0.281982421875
0.15380859375
-0.1181640625
-0.289825439453125
-0.29620361328125
-0.085693359375
0.07940673828125
0.20782470703125
0.319427490234375
0.395233154296875
0.396270751953125
0.25970458984375
0.05145263671875
-0.165557861328125
-0.220733642578125
-0.13983154296875
-0.058349609375
-0.111419677734375
-0.22747802734375
-0.315582275390625
-0.34149169921875
-0.255645751953125
-0.161956787109375
0.055999755859375
0.220672607421875
0.275421142578125
0.113250732421875
-0.171539306640625
-0.351470947265625
-0.286224365234375
-0.085906982421875
0.07177734375
0.0335693359375
-0.06689453125
0.0255126953125
0.250213623046875
0.434844970703125
0.391021728515625
0.131744384765625
-0.20159912109375
-0.2813720703125
-0.1690673828125
0.0823974609375
0.24395751953125
0.141815185546875
-0.07928466796875
-0.15899658203125
-0.031829833984375
0.2132568359375
0.386444091796875
0.342498779296875
0.18255615234375
0.07513427734375
-0.024322509765625
-0.07977294921875
-0.24017333984375
-0.31353759765625
-0.256622314453125
-0.1630859375
-0.0469970703125
-0.04705810546875
-0.030975341796875
-0.051971435546875
-0.04052734375
-0.13623046875
-0.144622802734375
-0.024169921875
0.143280029296875
0.31298828125
0.21502685546875
-0.04833984375
-0.23419189453125
-0.199371337890625
0.07379150390625
0.2667236328125
0.30908203125
0.179290771484375
0.07073974609375
0.002960205078125
-0.0845947265625
-0.0999755859375
-0.04345703125
0.162841796875
0.37957763671875
0.295684814453125
-0.07806396484375
-0.604736328125
-0.79315185546875
-0.495025634765625
0.061370849609375
0.398468017578125
0.36767578125
0.109832763671875
0.01153564453125
0.05126953125
0.13226318359375
0.109954833984375
0.016510009765625
0.07647705078125
0.20013427734375
0.099456787109375
-0.226470947265625
-0.492767333984375
-0.41607666015625
-0.03887939453125
0.31378173828125
0.251617431640625
-0.11077880859375
-0.384246826171875
-0.27142333984375
0.07208251953125
0.375640869140625
0.427215576171875
0.263214111328125
0.05938720703125
-0.005584716796875
0.047821044921875
0.094085693359375
0.136260986328125
0.026275634765625
-0.2255859375
-0.4188232421875
-0.492279052734375
-0.3359375
-0.09210205078125
0.062652587890625
0.135650634765625
0.158477783203125
0.215972900390625
0.1685791015625
-0.028167724609375
-0.26068115234375
-0.2554931640625
-0.013671875
0.25128173828125
0.214111328125
-0.0335693359375
-0.37152099609375
-0.4351806640625
-0.25836181640625
-0.012603759765625
0.08355712890625
0.13995361328125
0.235931396484375
0.429412841796875
0.558807373046875
0.4765625
0.238189697265625
-0.030426025390625
-0.22625732421875
-0.26171875
-0.143768310546875
0.0550537109375
0.31689453125
0.4298095703125
0.216796875
-0.204193115234375
-0.49725341796875
-0.329132080078125
0.1334228515625
0.414093017578125
0.255645751953125
-0.186065673828125
-0.392120361328125
-0.2398681640625
0.109100341796875
0.152435302734375
-0.185333251953125
-0.57342529296875
-0.61627197265625
-0.29315185546875
0.197509765625
0.47979736328125
0.4720458984375
0.32879638671875
0.164154052734375
0.01593017578125
-0.03216552734375
0.007568359375
0.064788818359375
0.10076904296875
0.14642333984375
0.05023193359375
-0.035400390625
-0.14483642578125
-0.1588134765625
-0.09344482421875
0.0523681640625
0.148956298828125
0.201202392578125
0.076568603515625
-0.120819091796875
-0.288330078125
-0.266845703125
-0.08026123046875
-0.001556396484375
-0.0831298828125
-0.267547607421875
-0.4332275390625
-0.39251708984375
-0.19915771484375
-0.004058837890625
0.03167724609375
-0.014312744140625
-0.015533447265625
0.140472412109375
0.3052978515625
0.43292236328125
0.505950927734375
0.473846435546875
0.2718505859375
-0.01373291015625
-0.263031005859375
-0.26806640625
-0.0572509765625
0.15692138671875
0.062042236328125
-0.30181884765625
-0.54296875
-0.414031982421875
0.00860595703125
0.4376220703125
0.587982177734375
0.42987060546875
0.08563232421875
-0.27032470703125
-0.52960205078125
-0.547332763671875
-0.274322509765625
0.13958740234375
0.418792724609375
0.392303466796875
0.100067138671875
-0.1282958984375
-0.158447265625
-0.015167236328125
0.092193603515625
0.035888671875
-0.10601806640625
-0.10833740234375
0.124725341796875
0.31781005859375
0.304351806640625
0.075714111328125
-0.230743408203125
-0.295928955078125
-0.063629150390625
0.20489501953125
0.23846435546875
0.051544189453125
-0.18170166015625
-0.25128173828125
-0.167236328125
-0.09539794921875
-0.03656005859375
0.064422607421875
0.135162353515625
0.1334228515625
0.032135009765625
-0.206787109375
-0.34356689453125
-0.226409912109375
-0.0322265625
0.131256103515625
0.12158203125
0.02215576171875
0.029205322265625
0.0986328125
0.0576171875
-0.039947509765625
-0.102752685546875
0.048248291015625
0.272613525390625
0.427825927734375
0.275543212890625
-0.033050537109375
-0.175933837890625
-0.09844970703125
0.045654296875
-0.001251220703125
-0.141387939453125
-0.075164794921875
0.19525146484375
0.460052490234375
0.372833251953125
-0.065765380859375
-0.50421142578125
-0.60711669921875
-0.436767578125
-0.22265625
-0.14752197265625
-0.126678466796875
0.030029296875
0.182037353515625
0.2403564453125
0.110931396484375
-0.076171875
-0.179473876953125
-0.151397705078125
-0.0333251953125
0.036651611328125
0.17535400390625
0.220672607421875
0.216278076171875
0.10955810546875
0.08123779296875
0.167938232421875
0.35882568359375
0.43341064453125
0.32769775390625
0.029327392578125
-0.261871337890625
-0.404815673828125
-0.37786865234375
-0.3199462890625
-0.25921630859375
-0.18597412109375
-0.068084716796875
0.049957275390625
0.178741455078125
0.198394775390625
0.0655517578125
-0.151275634765625
-0.235931396484375
-0.170166015625
0.066314697265625
0.187408447265625
0.164306640625
0.02008056640625
-0.10699462890625
0.034576416015625
0.19842529296875
0.224609375
0.021209716796875
-0.214752197265625
-0.2037353515625
0.103851318359375
0.403289794921875
0.378204345703125
0.077667236328125
-0.072906494140625
0.022125244140625
0.270599365234375
0.2998046875
-0.00091552734375
-0.400299072265625
-0.5025634765625
-0.238189697265625
0.072418212890625
0.216339111328125
0.00994873046875
-0.2965087890625
-0.448577880859375
-0.36737060546875
-0.239593505859375
-0.166259765625
-0.194488525390625
-0.271331787109375
-0.268463134765625
-0.138214111328125
0.005828857421875
0.063079833984375
0.077117919921875
0.1202392578125
0.30535888671875
0.458465576171875
0.521636962890625
0.42388916015625
0.31427001953125
0.256195068359375
0.174957275390625
0.002655029296875
-0.244384765625
-0.380706787109375
-0.19818115234375
0.132171630859375
0.300018310546875
0.145538330078125
-0.164794921875
-0.31500244140625
-0.149169921875
0.0208740234375
0.056243896484375
-0.0836181640625
-0.217437744140625
-0.141693115234375
-0.0084228515625
-0.0037841796875
-0.0301513671875
-0.00390625
0.109283447265625
0.19097900390625
0.000152587890625
-0.287811279296875
-0.29644775390625
0.003143310546875
0.3721923828125
0.410888671875
0.06414794921875
-0.297332763671875
-0.3240966796875
-0.0511474609375
0.158233642578125
0.185302734375
0.168182373046875
0.266937255859375
0.356964111328125
0.250640869140625
-0.031463623046875
-0.137115478515625
-0.02862548828125
0.214324951171875
0.195281982421875
-0.156524658203125
-0.4412841796875
-0.44427490234375
-0.253143310546875
-0.083221435546875
-0.096954345703125
-0.114959716796875
0.02923583984375
0.13336181640625
0.03118896484375
-0.132049560546875
-0.24725341796875
-0.108917236328125
0.051910400390625
0.049041748046875
0.002410888671875
0.13836669921875
0.40899658203125
0.555816650390625
0.3194580078125
-0.030120849609375
-0.166900634765625
0.108551025390625
0.489471435546875
0.4356689453125
-0.07489013671875
-0.57501220703125
-0.65997314453125
-0.367767333984375
-0.09783935546875
-0.12042236328125
-0.310333251953125
-0.3438720703125
-0.11358642578125
0.16986083984375
0.24066162109375
-0.01177978515625
-0.22808837890625
-0.191864013671875
0.0948486328125
0.40753173828125
0.393463134765625
0.11376953125
-0.097869873046875
-0.003448486328125
0.336517333984375
0.536468505859375
0.42218017578125
0.1431884765625
-0.008026123046875
-0.102569580078125
-0.243682861328125
-0.58367919921875
-0.752044677734375
-0.472259521484375
0.133148193359375
0.473785400390625
0.290069580078125
-0.15777587890625
-0.34796142578125
-0.140716552734375
0.009613037109375
-0.14337158203125
-0.458038330078125
-0.375579833984375
0.19805908203125
0.712371826171875
0.689239501953125
0.188018798828125
-0.28900146484375
-0.327789306640625
-0.012908935546875
0.25982666015625
0.314239501953125
0.315155029296875
0.2869873046875
0.147857666015625
-0.0504150390625
-0.157623291015625
0.047393798828125
0.3609619140625
0.415924072265625
0.081329345703125
-0.275665283203125
-0.281707763671875
0.132659912109375
0.48565673828125
0.367584228515625
-0.173065185546875
-0.644500732421875
-0.765167236328125
-0.609100341796875
-0.421478271484375
-0.255615234375
-0.06793212890625
0.104522705078125
0.27978515625
0.27056884765625
0.147552490234375
0.059661865234375
-0.04937744140625
-0.1529541015625
-0.23687744140625
-0.2020263671875
0.010894775390625
0.210052490234375
0.311492919921875
0.2301025390625
0.134552001953125
-0.08013916015625
-0.34210205078125
-0.565521240234375
-0.529266357421875
-0.136871337890625
0.342376708984375
0.5787353515625
0.388519287109375
0.036834716796875
-0.031829833984375
0.208343505859375
0.41400146484375
0.39788818359375
0.19085693359375
0.04339599609375
-0.016021728515625
-0.067535400390625
-0.141082763671875
-0.165557861328125
0.026763916015625
0.27252197265625
0.23138427734375
-0.14483642578125
-0.478179931640625
-0.446014404296875
-0.144287109375
0.057403564453125
-0.108612060546875
-0.387542724609375
-0.377227783203125
0.065399169921875
0.5069580078125
0.5335693359375
0.13409423828125
-0.344635009765625
-0.444549560546875
-0.224517822265625
0.114532470703125
0.222259521484375
0.005157470703125
-0.38018798828125
-0.674530029296875
-0.68560791015625
-0.395050048828125
0.099151611328125
0.5037841796875
0.643951416015625
0.48785400390625
0.177032470703125
0.00518798828125
0.12066650390625
0.408355712890625
0.628875732421875
0.587249755859375
0.339874267578125
0.13134765625
0.043548583984375
0.04974365234375
-0.03509521484375
-0.28271484375
-0.426483154296875
-0.35546875
-0.22149658203125
-0.17041015625
-0.329376220703125
-0.375457763671875
-0.114959716796875
0.349578857421875
0.573883056640625
0.371002197265625
-0.1767578125
-0.52667236328125
-0.459686279296875
-0.11065673828125
0.1055908203125
0.02728271484375
-0.166839599609375
-0.164459228515625
0.00634765625
0.100860595703125
0.04931640625
-0.089080810546875
-0.0360107421875
0.118499755859375
0.26348876953125
0.2301025390625
0.008270263671875
-0.122772216796875
-0.0609130859375
0.087005615234375
0.068359375
-0.0616455078125
-0.150238037109375
-0.12591552734375
-0.0672607421875
-0.02154541015625
0.01336669921875
0.226837158203125
0.4334716796875
0.377044677734375
0.0263671875
-0.41656494140625
-0.516326904296875
-0.228057861328125
0.137908935546875
0.23321533203125
0.046875
-0.11529541015625
-0.0511474609375
0.14447021484375
0.14129638671875
0.018646240234375
-0.144500732421875
-0.073394775390625
0.166656494140625
0.294464111328125
0.13275146484375
-0.228759765625
-0.39825439453125
-0.31744384765625
-0.0892333984375
0.065185546875
0.0235595703125
-0.07525634765625
-0.020233154296875
0.140594482421875
0.168212890625
0.020751953125
-0.17767333984375
-0.1348876953125
0.08837890625
0.237274169921875
0.22332763671875
0.108001708984375
0.005096435546875
-0.0338134765625
-0.13116455078125
-0.254425048828125
-0.183349609375
0.161834716796875
0.50311279296875
0.512054443359375
0.150482177734375
-0.22894287109375
-0.281280517578125
-0.084259033203125
0.134185791015625
0.077484130859375
-0.06988525390625
-0.1656494140625
-0.1126708984375
-0.10107421875
-0.099456787109375
-0.01995849609375
0.120147705078125
0.1536865234375
0.06207275390625
-0.146453857421875
-0.230865478515625
-0.110687255859375
0.04437255859375
0.165252685546875
0.084014892578125
0.049560546875
0.090667724609375
0.13922119140625
0.125640869140625
-0.061187744140625
-0.22882080078125
-0.26763916015625
-0.195068359375
-0.12664794921875
-0.05950927734375
0.023406982421875
0.098541259765625
0.15484619140625
0.093048095703125
-0.0118408203125
-0.160552978515625
-0.15130615234375
-0.055908203125
0.039703369140625
0.10552978515625
0.129669189453125
0.193939208984375
0.30316162109375
0.349090576171875
0.25042724609375
0.02276611328125
-0.25213623046875
-0.3779296875
-0.356048583984375
-0.219146728515625
-0.103729248046875
-0.13580322265625
-0.24114990234375
-0.264892578125
-0.162384033203125
0.06622314453125
0.315582275390625
0.4495849609375
0.439666748046875
0.283935546875
0.052581787109375
-0.133331298828125
-0.203033447265625
-0.098724365234375
0.129974365234375
0.23980712890625
0.113372802734375
-0.073760986328125
-0.2625732421875
-0.33984375
-0.29547119140625
-0.263336181640625
-0.23944091796875
-0.1593017578125
0.0040283203125
0.16357421875
0.282623291015625
0.3758544921875
0.359619140625
0.24908447265625
0.122528076171875
0.107025146484375
0.18109130859375
0.173370361328125
-0.062774658203125
-0.335296630859375
-0.410614013671875
-0.040863037109375
0.465118408203125
0.677490234375
0.440521240234375
0.0009765625
-0.260986328125
-0.285797119140625
-0.264617919921875
-0.410552978515625
-0.53515625
-0.384368896484375
0.000518798828125
0.3046875
0.28082275390625
-0.040283203125
-0.265960693359375
-0.273193359375
-0.119049072265625
0.089691162109375
0.23773193359375
0.37310791015625
0.453155517578125
0.36883544921875
0.08685302734375
-0.153533935546875
-0.3095703125
-0.26300048828125
-0.27899169921875
-0.40423583984375
-0.46783447265625
-0.346954345703125
0.067626953125
0.395660400390625
0.454803466796875
0.203369140625
-0.11962890625
-0.1866455078125
0.04949951171875
0.331146240234375
0.512054443359375
0.449127197265625
0.2099609375
-0.100830078125
-0.293975830078125
-0.28009033203125
-0.072174072265625
0.051544189453125
0.070037841796875
-0.066192626953125
-0.104217529296875
0.09161376953125
0.2288818359375
0.148040771484375
-0.138641357421875
-0.3160400390625
-0.18780517578125
0.017059326171875
0.10064697265625
-0.11138916015625
-0.224151611328125
-0.114532470703125
0.129974365234375
0.254486083984375
0.14910888671875
0.0716552734375
0.173248291015625
0.17694091796875
-0.04632568359375
-0.46246337890625
-0.569793701171875
-0.235321044921875
0.21429443359375
0.281646728515625
-0.0826416015625
-0.360565185546875
-0.153472900390625
0.285064697265625
0.522979736328125
0.345062255859375
-0.0277099609375
-0.1690673828125
-0.063751220703125
-0.0489501953125
-0.165985107421875
-0.26959228515625
-0.207183837890625
0.006866455078125
0.074951171875
-0.073455810546875
-0.24444580078125
-0.119293212890625
0.1541748046875
0.430908203125
0.449066162109375
0.32647705078125
0.268035888671875
0.3048095703125
0.311126708984375
0.18994140625
-0.04034423828125
-0.155181884765625
-0.14892578125
-0.088165283203125
-0.058807373046875
-0.13238525390625
-0.130645751953125
-0.046173095703125
-0.0087890625
-0.083953857421875
-0.32275390625
-0.42779541015625
-0.284912109375
-0.008453369140625
0.168670654296875
0.10675048828125
-0.147796630859375
-0.298095703125
-0.319976806640625
-0.215576171875
-0.065185546875
0.1175537109375
0.341461181640625
0.41058349609375
0.288055419921875
0.045257568359375
-0.104034423828125
-0.01995849609375
0.211883544921875
0.29840087890625
0.14892578125
-0.180999755859375
-0.506805419921875
-0.630157470703125
-0.482696533203125
-0.113861083984375
0.298797607421875
0.491943359375
0.38836669921875
0.0849609375
-0.086456298828125
0.0440673828125
0.325286865234375
0.431976318359375
0.242279052734375
-0.019866943359375
-0.208160400390625
-0.213165283203125
-0.114349365234375
0.016876220703125
0.191436767578125
0.32904052734375
0.353668212890625
0.1800537109375
-0.100067138671875
-0.222991943359375
-0.085174560546875
0.154205322265625
0.13214111328125
-0.124359130859375
-0.38262939453125
-0.41253662109375
-0.2188720703125
-0.12847900390625
-0.25115966796875
-0.439208984375
-0.521026611328125
-0.343170166015625
-0.058258056640625
0.118011474609375
0.21197509765625
0.1849365234375
0.141021728515625
0.076080322265625
0.069061279296875
0.110076904296875
0.27911376953125
0.44781494140625
0.43438720703125
0.189056396484375
-0.119720458984375
-0.2366943359375
-0.156982421875
-0.021453857421875
0.025909423828125
0.13983154296875
0.32696533203125
0.4991455078125
0.41741943359375
-0.064239501953125
-0.6373291015625
-0.81982421875
-0.440582275390625
0.122406005859375
0.329193115234375
0.076019287109375
-0.21832275390625
-0.093902587890625
0.33447265625
0.537994384765625
0.26287841796875
-0.232025146484375
-0.40863037109375
-0.213043212890625
-0.027740478515625
-0.15325927734375
-0.457672119140625
-0.49420166015625
-0.150726318359375
0.287689208984375
0.36041259765625
0.149749755859375
-0.040130615234375
-0.032928466796875
0.175811767578125
0.2125244140625
0.114837646484375
-0.060791015625
-0.09735107421875
-0.02490234375
0.07415771484375
0.17474365234375
0.3704833984375
0.4703369140625
0.3970947265625
0.128448486328125
-0.148712158203125
-0.1761474609375
-0.08026123046875
-0.025970458984375
-0.140411376953125
-0.27587890625
-0.30908203125
-0.17657470703125
-0.08477783203125
-0.130126953125
-0.234954833984375
-0.178314208984375
0.0643310546875
0.279144287109375
0.34869384765625
0.202178955078125
0.01556396484375
-0.167205810546875
-0.1685791015625
-0.014007568359375
0.12054443359375
0.108642578125
-0.1158447265625
-0.331085205078125
-0.391357421875
-0.1947021484375
0.046905517578125
0.03265380859375
-0.114410400390625
-0.13916015625
-0.03424072265625
0.10797119140625
0.064300537109375
-0.11309814453125
-0.11431884765625
0.105438232421875
0.240081787109375
0.12420654296875
-0.067626953125
-0.03924560546875
0.266693115234375
0.454193115234375
0.2518310546875
-0.191192626953125
-0.313934326171875
0.0419921875
0.458526611328125
0.474365234375
0.0626220703125
-0.384124755859375
-0.40325927734375
-0.09930419921875
0.15350341796875
0.193817138671875
0.06146240234375
-0.05145263671875
-0.034637451171875
0.027801513671875
0.055633544921875
0.11444091796875
0.113189697265625
-0.006744384765625
-0.17559814453125
-0.24053955078125
-0.114776611328125
0.075897216796875
0.058441162109375
-0.171417236328125
-0.469940185546875
-0.4375
0.00640869140625
0.5057373046875
0.714019775390625
0.473175048828125
0.0224609375
-0.346099853515625
-0.37799072265625
-0.1231689453125
0.142547607421875
0.264312744140625
0.172760009765625
0.023712158203125
-0.116943359375
-0.100921630859375
-0.06121826171875
-0.062530517578125
-0.08770751953125
-0.13800048828125
-0.07415771484375
0.054290771484375
0.217132568359375
0.209320068359375
0.0609130859375
-0.022979736328125
0.068572998046875
0.316436767578125
0.39300537109375
0.16845703125
-0.20635986328125
-0.443145751953125
-0.385498046875
-0.207275390625
-0.2147216796875
-0.3529052734375
-0.391204833984375
-0.24664306640625
0.032073974609375
0.22613525390625
0.208740234375
0.089263916015625
0.10797119140625
0.110198974609375
0.145294189453125
0.12286376953125
0.140777587890625
0.190460205078125
0.017059326171875
-0.273468017578125
-0.45159912109375
-0.24462890625
0.13226318359375
0.43133544921875
0.368255615234375
0.104278564453125
-0.05584716796875
-0.034881591796875
-0.004638671875
-0.065277099609375
-0.102813720703125
0.0255126953125
0.097900390625
-0.08404541015625
-0.38763427734375
-0.400665283203125
-0.00543212890625
0.49920654296875
0.6031494140625
0.246612548828125
-0.188507080078125
-0.274749755859375
0.01715087890625
0.315460205078125
0.34466552734375
0.244171142578125
0.029296875
-0.2413330078125
-0.492919921875
-0.548248291015625
-0.327117919921875
0.093902587890625
0.35052490234375
0.188629150390625
-0.195281982421875
-0.365997314453125
-0.25689697265625
-0.084503173828125
-0.047576904296875
-0.041656494140625
0.0296630859375
0.201171875
0.263763427734375
0.2281494140625
0.221038818359375
0.243560791015625
0.273681640625
0.110137939453125
-0.177734375
-0.254425048828125
-0.0814208984375
0.119781494140625
0.098541259765625
-0.158935546875
-0.279693603515625
-0.1214599609375
0.11041259765625
0.142425537109375
-0.00201416015625
-0.26715087890625
-0.320465087890625
-0.2467041015625
-0.064971923828125
0.143280029296875
0.28448486328125
0.270538330078125
0.050048828125
-0.20758056640625
-0.3143310546875
-0.03009033203125
0.314361572265625
0.299346923828125
-0.07220458984375
-0.531341552734375
-0.53936767578125
-0.111480712890625
0.384063720703125
0.537750244140625
0.412139892578125
0.245025634765625
0.262939453125
0.301177978515625
0.250274658203125
0.08111572265625
0.0294189453125
0.013641357421875
-0.021270751953125
-0.19134521484375
-0.272003173828125
-0.203399658203125
0.011810302734375
0.149017333984375
-0.0050048828125
-0.2354736328125
-0.40155029296875
-0.407745361328125
-0.275238037109375
-0.108184814453125
-0.02264404296875
0.02935791015625
0.044769287109375
-0.03741455078125
-0.038970947265625
0.091949462890625
0.289398193359375
0.333648681640625
0.0770263671875
-0.241180419921875
-0.405975341796875
-0.22967529296875
0.124664306640625
0.292236328125
0.259979248046875
0.14990234375
0.064453125
0.046478271484375
0.032379150390625
0.118499755859375
0.162139892578125
0.076202392578125
-0.202789306640625
-0.5064697265625
-0.51580810546875
-0.062774658203125
0.50311279296875
0.66943359375
0.37506103515625
-0.003173828125
-0.12066650390625
0.06488037109375
0.114105224609375
-0.09381103515625
-0.265838623046875
-0.15966796875
0.1634521484375
0.2119140625
-0.13714599609375
-0.5499267578125
-0.600860595703125
-0.21014404296875
0.200775146484375
0.3477783203125
0.153778076171875
-0.09515380859375
-0.24755859375
-0.16778564453125
0.046875
0.21221923828125
0.215545654296875
0.063507080078125
-0.202728271484375
-0.27276611328125
-0.0655517578125
0.245147705078125
0.403961181640625
0.341796875
0.2066650390625
0.244598388671875
0.354522705078125
0.230377197265625
-0.054840087890625
-0.39520263671875
-0.376617431640625
-0.01141357421875
0.350372314453125
0.409027099609375
0.244720458984375
-0.023834228515625
-0.24346923828125
-0.3681640625
-0.447967529296875
-0.441680908203125
-0.312713623046875
-0.100067138671875
0.0343017578125
0.085296630859375
0.048248291015625
0.032501220703125
-0.03173828125
-0.14862060546875
-0.266815185546875
-0.22772216796875
-0.09368896484375
-0.007965087890625
-0.10028076171875
-0.2188720703125
-0.132537841796875
0.130645751953125
0.348052978515625
0.255859375
-0.0343017578125
-0.228729248046875
-0.050537109375
0.282928466796875
0.55377197265625
0.523895263671875
0.28863525390625
0.095703125
-0.029388427734375
-0.046630859375
-0.158447265625
-0.271087646484375
-0.343963623046875
-0.28009033203125
-0.09515380859375
0.044830322265625
0.105712890625
0.093719482421875
0.064361572265625
0.072723388671875
-0.01629638671875
-0.154998779296875
-0.345428466796875
-0.3675537109375
-0.121063232421875
0.244293212890625
0.44952392578125
0.374053955078125
0.159759521484375
0.008087158203125
0.012176513671875
0.020751953125
-0.003631591796875
-0.047760009765625
-0.1004638671875
-0.184326171875
-0.248016357421875
-0.297882080078125
-0.2376708984375
0.055419921875
0.425201416015625
0.592803955078125
0.443206787109375
0.1055908203125
-0.193359375
-0.2315673828125
-0.168609619140625
-0.093902587890625
-0.168853759765625
-0.186859130859375
-0.1329345703125
0.009979248046875
0.023956298828125
0.008026123046875
-0.043670654296875
-0.082000732421875
-0.002044677734375
0.06298828125
0.035400390625
-0.072052001953125
-0.171112060546875
-0.155609130859375
-0.0303955078125
0.291961669921875
0.5535888671875
0.57232666015625
0.3349609375
0.01080322265625
-0.18255615234375
-0.242218017578125
-0.3349609375
-0.401275634765625
-0.282867431640625
0.021881103515625
0.341949462890625
0.317291259765625
-0.014312744140625
-0.407470703125
-0.44671630859375
-0.117340087890625
0.163177490234375
0.157989501953125
-0.013580322265625
-0.177398681640625
-0.108489990234375
0.015106201171875
-0.01263427734375
-0.036834716796875
0.02996826171875
0.15972900390625
0.31109619140625
0.304931640625
0.238372802734375
0.21258544921875
0.1923828125
0.028289794921875
-0.191162109375
-0.208740234375
0.041351318359375
0.311676025390625
0.295501708984375
0.059722900390625
-0.2530517578125
-0.221466064453125
0.014617919921875
0.242645263671875
0.19866943359375
0.024322509765625
-0.08367919921875
-0.07843017578125
-0.102935791015625
-0.19647216796875
-0.30877685546875
-0.257171630859375
-0.18109130859375
-0.196319580078125
-0.3748779296875
-0.471771240234375
-0.255340576171875
0.1983642578125
0.46295166015625
0.41455078125
0.10626220703125
-0.108245849609375
-0.096710205078125
-0.04010009765625
0.0499267578125
0.097808837890625
0.205108642578125
0.322296142578125
0.325714111328125
0.160186767578125
-0.117034912109375
-0.285614013671875
-0.28558349609375
-0.086822509765625
0.170654296875
0.349517822265625
0.437347412109375
0.3291015625
0.0355224609375
-0.251800537109375
-0.427032470703125
-0.412689208984375
-0.21478271484375
0.02838134765625
0.33111572265625
0.481658935546875
0.37371826171875
0.073577880859375
-0.27294921875
-0.3548583984375
-0.218414306640625
-0.0137939453125
-0.010223388671875
-0.14654541015625
-0.28070068359375
-0.289794921875
-0.229034423828125
-0.1865234375
-0.13665771484375
-0.11920166015625
-0.10089111328125
-0.174652099609375
-0.23358154296875
-0.213470458984375
-0.055267333984375
0.240142822265625
0.519622802734375
0.671630859375
0.668426513671875
0.509674072265625
0.328399658203125
0.104522705078125
-0.089599609375
-0.189849853515625
-0.2503662109375
-0.302520751953125
-0.233795166015625
-0.0157470703125
0.115631103515625
0.025787353515625
-0.3065185546875
-0.574462890625
-0.49871826171875
-0.08111572265625
0.30126953125
0.321624755859375
0.061431884765625
-0.1029052734375
-0.00067138671875
0.2491455078125
0.293487548828125
0.126922607421875
-0.011383056640625
0.026885986328125
0.222686767578125
0.31109619140625
0.25958251953125
0.093414306640625
-0.05926513671875
-0.147918701171875
-0.21405029296875
-0.167022705078125
-0.010528564453125
0.02008056640625
-0.101776123046875
-0.377105712890625
-0.509002685546875
-0.32366943359375
-0.015960693359375
0.13494873046875
-0.0191650390625
-0.248016357421875
-0.1544189453125
0.154541015625
0.339813232421875
0.17889404296875
-0.106842041015625
-0.12017822265625
0.202667236328125
0.48388671875
0.398529052734375
-0.021270751953125
-0.495025634765625
-0.6998291015625
-0.546295166015625
-0.123992919921875
0.266357421875
0.43109130859375
0.2916259765625
0.055755615234375
-0.082733154296875
0.09613037109375
0.3038330078125
0.37713623046875
0.242218017578125
0.005126953125
-0.127349853515625
-0.186492919921875
-0.260101318359375
-0.20745849609375
0.019927978515625
0.28289794921875
0.329803466796875
0.079986572265625
-0.2412109375
-0.216644287109375
0.0570068359375
0.19012451171875
-0.052215576171875
-0.365631103515625
-0.307525634765625
0.08160400390625
0.533447265625
0.5457763671875
0.1888427734375
-0.194000244140625
-0.237762451171875
-0.07135009765625
0.090911865234375
0.158111572265625
0.3167724609375
0.392303466796875
0.1943359375
-0.270904541015625
-0.652252197265625
-0.6217041015625
-0.21331787109375
0.163726806640625
0.0850830078125
-0.188873291015625
-0.32012939453125
-0.088836669921875
0.271026611328125
0.343231201171875
0.096466064453125
-0.132965087890625
-0.064697265625
0.070159912109375
0.132720947265625
-0.02801513671875
-0.22442626953125
-0.21087646484375
-0.091796875
0.003082275390625
-0.165130615234375
-0.41632080078125
-0.51910400390625
-0.31536865234375
0.0845947265625
0.373016357421875
0.317230224609375
0.009521484375
-0.24603271484375
-0.091583251953125
0.354461669921875
0.7120361328125
0.64892578125
0.2666015625
-0.042236328125
0.05975341796875
0.331634521484375
0.340301513671875
-0.10797119140625
-0.636962890625
-0.8197021484375
-0.496795654296875
0.05230712890625
0.387725830078125
0.384979248046875
0.20526123046875
0.03485107421875
0.01220703125
0.11260986328125
0.304443359375
0.42816162109375
0.30426025390625
-0.0560302734375
-0.35943603515625
-0.368682861328125
-0.190582275390625
-0.03167724609375
-0.091583251953125
-0.338104248046875
-0.433380126953125
-0.26202392578125
0.00286865234375
0.10888671875
0.108551025390625
0.131195068359375
0.2109375
0.183868408203125
-0.02154541015625
-0.186920166015625
-0.11578369140625
0.023284912109375
0.127593994140625
-0.03955078125
-0.216766357421875
-0.237396240234375
-0.02783203125
0.209197998046875
0.318084716796875
0.290191650390625
0.19915771484375
0.1182861328125
0.07244873046875
0.041656494140625
0.098358154296875
0.127227783203125
-0.046661376953125
-0.34124755859375
-0.516265869140625
-0.345550537109375
0.06988525390625
0.32769775390625
0.2894287109375
0.051177978515625
-0.09246826171875
0.00665283203125
0.12982177734375
0.0865478515625
-0.069854736328125
-0.14129638671875
-0.09332275390625
-0.08154296875
-0.04803466796875
0.037384033203125
0.28656005859375
0.532958984375
0.560211181640625
0.324310302734375
0.032989501953125
-0.1173095703125
-0.11456298828125
-0.250244140625
-0.49078369140625
-0.619964599609375
-0.4864501953125
-0.1295166015625
0.08984375
-0.070770263671875
-0.354766845703125
-0.39300537109375
-0.012237548828125
0.482635498046875
0.641082763671875
0.30865478515625
-0.20654296875
-0.441497802734375
-0.20654296875
0.229400634765625
0.442901611328125
0.29498291015625
0.01153564453125
-0.049591064453125
0.1329345703125
0.248382568359375
0.20465087890625
0.090728759765625
0.201629638671875
0.413787841796875
0.5550537109375
0.347564697265625
-0.08447265625
-0.367340087890625
-0.441741943359375
-0.41119384765625
-0.46978759765625
-0.599639892578125
-0.5833740234375
-0.3408203125
0.007049560546875
0.13409423828125
0.051116943359375
-0.153289794921875
-0.2498779296875
-0.126617431640625
0.0345458984375
0.209014892578125
0.279052734375
0.20440673828125
0.110626220703125
-0.027374267578125
0.003509521484375
0.13983154296875
0.37774658203125
0.4342041015625
0.19671630859375
-0.1939697265625
-0.4737548828125
-0.51953125
-0.30419921875
-0.079193115234375
-0.005340576171875
-0.1043701171875
-0.06793212890625
0.1319580078125
0.3509521484375
0.351776123046875
0.18658447265625
-0.010406494140625
-0.003082275390625
0.1402587890625
0.181671142578125
0.10821533203125
0.011749267578125
0.074676513671875
0.25616455078125
0.308929443359375
0.202972412109375
0.022430419921875
-0.08636474609375
-0.147064208984375
-0.32086181640625
-0.423309326171875
-0.295867919921875
-0.021820068359375
0.168060302734375
0.0247802734375
-0.3067626953125
-0.41009521484375
-0.1688232421875
0.131591796875
0.187591552734375
0.006103515625
-0.17486572265625
-0.052398681640625
0.084991455078125
0.1326904296875
-0.02496337890625
-0.16888427734375
-0.058380126953125
0.132080078125
0.202880859375
0.10369873046875
-0.078125
-0.1085205078125
-0.060394287109375
0.00689697265625
0.089447021484375
0.2049560546875
0.3580322265625
0.48681640625
0.449249267578125
0.27252197265625
0.02899169921875
-0.2021484375
-0.281036376953125
-0.308502197265625
-0.32684326171875
-0.337432861328125
-0.247894287109375
-0.00701904296875
0.231231689453125
0.25439453125
0.01275634765625
-0.197479248046875
-0.250152587890625
0.016082763671875
0.2967529296875
0.316680908203125
0.03857421875
-0.233856201171875
-0.267364501953125
-0.08819580078125
0.099884033203125
0.1424560546875
0.008087158203125
-0.060821533203125
-0.080474853515625
-0.013580322265625
0.0703125
0.084014892578125
0.094390869140625
0.13238525390625
0.1424560546875
0.151947021484375
0.085113525390625
-0.04156494140625
-0.08953857421875
-0.06561279296875
-0.095672607421875
-0.210357666015625
-0.397216796875
-0.467529296875
-0.25311279296875
0.14385986328125
0.417724609375
0.384429931640625
0.174652099609375
0.14361572265625
0.16400146484375
0.12939453125
-0.14019775390625
-0.413116455078125
-0.414642333984375
-0.20123291015625
-0.064422607421875
-0.15069580078125
-0.297576904296875
-0.14019775390625
0.312530517578125
0.5509033203125
0.2828369140625
-0.336029052734375
-0.683624267578125
-0.520843505859375
-0.064971923828125
0.215240478515625
0.138031005859375
-0.0330810546875
-0.017791748046875
0.068145751953125
0.163909912109375
0.131805419921875
0.213226318359375
0.43035888671875
0.654266357421875
0.63482666015625
0.403778076171875
0.1610107421875
0.075897216796875
0.1552734375
0.130828857421875
-0.02703857421875
-0.116363525390625
-0.155303955078125
-0.15374755859375
-0.304779052734375
-0.431640625
-0.415313720703125
-0.187103271484375
0.0474853515625
0.0015869140625
-0.213470458984375
-0.3204345703125
-0.2569580078125
-0.1075439453125
-0.036102294921875
-0.0933837890625
-0.0859375
0.083740234375
0.175018310546875
0.02581787109375
-0.1658935546875
-0.20330810546875
0.00054931640625
0.170562744140625
0.0810546875
-0.161285400390625
-0.326812744140625
-0.114044189453125
0.218658447265625
0.393524169921875
0.28350830078125
0.111053466796875
0.14178466796875
0.22943115234375
0.23577880859375
0.03094482421875
-0.187225341796875
-0.15191650390625
0.0472412109375
0.304351806640625
0.4315185546875
0.4185791015625
0.33349609375
0.099578857421875
-0.165008544921875
-0.324676513671875
-0.307586669921875
-0.192779541015625
-0.203765869140625
-0.385589599609375
-0.4627685546875
-0.284820556640625
0.068634033203125
0.231414794921875
0.10498046875
-0.103485107421875
-0.097015380859375
0.014923095703125
0.138397216796875
0.01641845703125
-0.1065673828125
-0.065155029296875
0.1458740234375
0.1580810546875
-0.1263427734375
-0.42462158203125
-0.42437744140625
-0.071380615234375
0.318359375
0.484039306640625
0.43157958984375
0.360504150390625
0.28863525390625
0.14520263671875
-0.153228759765625
-0.3599853515625
-0.337127685546875
-0.1207275390625
0.122344970703125
0.200103759765625
0.102386474609375
0.007537841796875
0.08062744140625
0.14306640625
0.14215087890625
0.0762939453125
0.05523681640625
0.07012939453125
0.02191162109375
-0.18975830078125
-0.376129150390625
-0.362457275390625
-0.107177734375
0.168609619140625
0.11279296875
-0.15057373046875
-0.27972412109375
-0.01129150390625
0.352386474609375
0.459991455078125
0.182342529296875
-0.179351806640625
-0.283935546875
-0.0843505859375
0.161407470703125
0.245452880859375
0.19854736328125
0.209930419921875
0.188385009765625
0.09759521484375
-0.105499267578125
-0.19915771484375
0.02978515625
0.326385498046875
0.407318115234375
0.097015380859375
-0.36859130859375
-0.6234130859375
-0.447906494140625
-0.113922119140625
0.063873291015625
-0.06103515625
-0.29315185546875
-0.30560302734375
-0.021148681640625
0.284637451171875
0.337738037109375
0.106292724609375
-0.135955810546875
-0.22930908203125
-0.15997314453125
-0.011505126953125
0.046600341796875
0.04290771484375
0.1112060546875
0.070343017578125
0.03277587890625
-0.063812255859375
-0.059173583984375
0.12078857421875
0.26751708984375
0.31982421875
0.29913330078125
0.310028076171875
0.384185791015625
0.3082275390625
0.0574951171875
-0.230194091796875
-0.35101318359375
-0.23785400390625
-0.057342529296875
-0.002655029296875
-0.072998046875
-0.11053466796875
-0.092132568359375
-0.103668212890625
-0.14263916015625
-0.241912841796875
-0.28009033203125
-0.201019287109375
-0.13482666015625
-0.05328369140625
0.025390625
0.04449462890625
0.02899169921875
0.0018310546875
-0.0411376953125
0.036407470703125
0.12017822265625
0.25567626953125
