Frequency (Hz)	Level (dB)
10.766602	-138.995865
21.533203	-141.994949
32.299805	-133.646164
43.066406	-133.320267
53.833008	-141.645096
64.599609	-136.077164
75.366211	-149.778137
86.132813	-139.868439
96.899414	-144.596527
107.666016	-133.900558
118.432617	-131.723007
129.199219	-138.879349
139.965820	-140.520203
150.732422	-137.840469
161.499023	-133.852997
172.265625	-134.348831
183.032227	-137.150406
193.798828	-142.940125
204.565430	-137.706955
215.332031	-144.432281
226.098633	-144.438889
236.865234	-136.936401
247.631836	-134.871140
258.398438	-136.839401
269.165039	-138.996384
279.931641	-144.111481
290.698242	-138.210052
301.464844	-134.031769
312.231445	-139.713898
322.998047	-139.884262
333.764648	-139.659286
344.531250	-137.498505
355.297852	-137.752289
366.064453	-132.170776
376.831055	-132.915619
387.597656	-136.972366
398.364258	-129.039734
409.130859	-135.138657
419.897461	-135.527588
430.664063	-134.331436
441.430664	-143.035828
452.197266	-149.581268
462.963867	-138.163467
473.730469	-134.541443
484.497070	-143.604752
495.263672	-127.285561
506.030273	-127.223000
516.796875	-146.635834
527.563477	-132.646851
538.330078	-139.728119
549.096680	-138.847763
559.863281	-142.843475
570.629883	-133.592331
581.396484	-134.506851
592.163086	-131.923721
602.929688	-125.876068
613.696289	-133.422440
624.462891	-134.062256
635.229492	-136.573486
645.996094	-143.920609
656.762695	-147.154755
667.529297	-160.304489
678.295898	-135.961624
689.062500	-130.044510
699.829102	-129.615173
710.595703	-135.671173
721.362305	-131.970764
732.128906	-131.344406
742.895508	-137.609131
753.662109	-152.985901
764.428711	-142.935547
775.195313	-136.471191
785.961914	-135.754623
796.728516	-133.930969
807.495117	-133.037720
818.261719	-134.191269
829.028320	-131.723785
839.794922	-132.546112
850.561523	-132.266052
861.328125	-133.955505
872.094727	-145.377457
882.861328	-136.870956
893.627930	-146.649429
904.394531	-134.393616
915.161133	-135.201370
925.927734	-133.980133
936.694336	-131.956299
947.460938	-136.771606
958.227539	-139.372986
968.994141	-139.340225
979.760742	-147.308334
990.527344	-132.819229
1001.293945	-130.259109
1012.060547	-134.022293
1022.827148	-138.140717
1033.593750	-134.427551
1044.360352	-133.353760
1055.126953	-135.569504
1065.893555	-132.117844
1076.660156	-134.216782
1087.426758	-138.155472
1098.193359	-136.918320
1108.959961	-134.140335
1119.726563	-134.884659
1130.493164	-140.108063
1141.259766	-135.587357
1152.026367	-143.159348
1162.792969	-131.911148
1173.559570	-134.730804
1184.326172	-139.536346
1195.092773	-142.771713
1205.859375	-140.121399
1216.625977	-137.311554
1227.392578	-144.291351
1238.159180	-135.362686
1248.925781	-135.053055
1259.692383	-134.882996
1270.458984	-133.226868
1281.225586	-133.198151
1291.992188	-136.908783
1302.758789	-135.213791
1313.525391	-142.363098
1324.291992	-137.227692
1335.058594	-133.327866
1345.825195	-134.622650
1356.591797	-134.368500
1367.358398	-128.660599
1378.125000	-128.977722
1388.891602	-134.150665
1399.658203	-126.778854
1410.424805	-129.995117
1421.191406	-150.092758
1431.958008	-138.446106
1442.724609	-144.517242
1453.491211	-157.255981
1464.257813	-134.209457
1475.024414	-131.961288
1485.791016	-139.346512
1496.557617	-125.860588
1507.324219	-129.743790
1518.090820	-138.411301
1528.857422	-136.145081
1539.624023	-139.915176
1550.390625	-133.568466
1561.157227	-136.782455
1571.923828	-135.539017
1582.690430	-142.811066
1593.457031	-128.179459
1604.223633	-127.062347
1614.990234	-155.170853
1625.756836	-131.068527
1636.523438	-136.053680
1647.290039	-137.597946
1658.056641	-137.311523
1668.823242	-142.868256
1679.589844	-137.551468
1690.356445	-129.713760
1701.123047	-126.735382
1711.889648	-131.115768
1722.656250	-139.900711
1733.422852	-139.590927
1744.189453	-149.782181
1754.956055	-155.248245
1765.722656	-144.138596
1776.489258	-139.663025
1787.255859	-136.399246
1798.022461	-134.540253
1808.789063	-137.407761
1819.555664	-136.013672
1830.322266	-134.212524
1841.088867	-136.173920
1851.855469	-131.892456
1862.622070	-133.813019
1873.388672	-141.365433
1884.155273	-130.828979
1894.921875	-131.781357
1905.688477	-133.813080
1916.455078	-137.076157
1927.221680	-138.768478
1937.988281	-146.088608
1948.754883	-133.524704
1959.521484	-134.247589
1970.288086	-139.271637
1981.054688	-129.646439
1991.821289	-132.233887
2002.587891	-141.325943
2013.354492	-142.857437
2024.121094	-154.605713
2034.887695	-132.514862
2045.654297	-133.060059
2056.420898	-133.080856
2067.187500	-133.228851
2077.954102	-142.730560
2088.720703	-146.383606
2099.487305	-136.491501
2110.253906	-160.140778
2121.020508	-142.403595
2131.787109	-136.493347
2142.553711	-130.629440
2153.320313	-131.200089
2164.086914	-129.188354
2174.853516	-133.393311
2185.620117	-138.777527
2196.386719	-134.459656
2207.153320	-136.178207
2217.919922	-136.372864
2228.686523	-141.449127
2239.453125	-137.736435
2250.219727	-143.559662
2260.986328	-134.295334
2271.752930	-132.075989
2282.519531	-135.761139
2293.286133	-136.241440
2304.052734	-139.119843
2314.819336	-135.143250
2325.585938	-136.907150
2336.352539	-156.090820
2347.119141	-143.683289
2357.885742	-141.643295
2368.652344	-138.000977
2379.418945	-144.707550
2390.185547	-132.919601
2400.952148	-128.890823
2411.718750	-137.494034
2422.485352	-133.441269
2433.251953	-133.236893
2444.018555	-145.192673
2454.785156	-140.757767
2465.551758	-133.787262
2476.318359	-129.858871
2487.084961	-130.946548
2497.851563	-125.143578
2508.618164	-131.067139
2519.384766	-136.831314
2530.151367	-135.941315
2540.917969	-135.121643
2551.684570	-134.972656
2562.451172	-139.751907
2573.217773	-131.928528
2583.984375	-165.821533
2594.750977	-127.260033
2605.517578	-127.604286
2616.284180	-143.070862
2627.050781	-131.773071
2637.817383	-134.293411
2648.583984	-138.465973
2659.350586	-170.044937
2670.117188	-135.366913
2680.883789	-138.171265
2691.650391	-134.097382
2702.416992	-130.013611
2713.183594	-137.824875
2723.950195	-134.276199
2734.716797	-136.182007
2745.483398	-140.212189
2756.250000	-149.982315
2767.016602	-138.848648
2777.783203	-135.905045
2788.549805	-138.483810
2799.316406	-131.510117
2810.083008	-132.104950
2820.849609	-133.941040
2831.616211	-135.991562
2842.382813	-139.906906
2853.149414	-133.345459
2863.916016	-135.593994
2874.682617	-145.139542
2885.449219	-133.233261
2896.215820	-133.104858
2906.982422	-134.674271
2917.749023	-141.645874
2928.515625	-139.496246
2939.282227	-137.392166
2950.048828	-153.557785
2960.815430	-140.563492
2971.582031	-150.065491
2982.348633	-143.385132
2993.115234	-138.734741
3003.881836	-131.398422
3014.648438	-134.021591
3025.415039	-137.666794
3036.181641	-130.459351
3046.948242	-132.151306
3057.714844	-134.418045
3068.481445	-136.857346
3079.248047	-145.645493
3090.014648	-139.304672
3100.781250	-143.710159
3111.547852	-141.438812
3122.314453	-141.972580
3133.081055	-136.525284
3143.847656	-131.028397
3154.614258	-137.451920
3165.380859	-137.111801
3176.147461	-141.992386
3186.914063	-138.676895
3197.680664	-136.985809
3208.447266	-139.088196
3219.213867	-137.990112
3229.980469	-155.160095
3240.747070	-136.030212
3251.513672	-136.558304
3262.280273	-135.500702
3273.046875	-135.043930
3283.813477	-136.772491
3294.580078	-132.567871
3305.346680	-131.352829
3316.113281	-133.999435
3326.879883	-139.911423
3337.646484	-157.316513
3348.413086	-144.856583
3359.179688	-135.968079
3369.946289	-134.179550
3380.712891	-137.628189
3391.479492	-138.081680
3402.246094	-132.363968
3413.012695	-138.911469
3423.779297	-138.817444
3434.545898	-138.028931
3445.312500	-146.025177
3456.079102	-135.529907
3466.845703	-134.787689
3477.612305	-136.196594
3488.378906	-133.966202
3499.145508	-125.905685
3509.912109	-129.514465
3520.678711	-143.246048
3531.445313	-138.286407
3542.211914	-138.358658
3552.978516	-135.229828
3563.745117	-135.001114
3574.511719	-132.149017
3585.278320	-140.948257
3596.044922	-126.223801
3606.811523	-128.075439
3617.578125	-138.958542
3628.344727	-133.075607
3639.111328	-142.811127
3649.877930	-138.219284
3660.644531	-139.931702
3671.411133	-134.410919
3682.177734	-139.138702
3692.944336	-129.714706
3703.710938	-128.019257
3714.477539	-140.599411
3725.244141	-134.656036
3736.010742	-138.961487
3746.777344	-147.299301
3757.543945	-149.595901
3768.310547	-138.941559
3779.077148	-138.567978
3789.843750	-135.554382
3800.610352	-131.229156
3811.376953	-135.941956
3822.143555	-136.806824
3832.910156	-136.446259
3843.676758	-140.372116
3854.443359	-138.033524
3865.209961	-142.565170
3875.976563	-140.517990
3886.743164	-134.016556
3897.509766	-135.937042
3908.276367	-136.391571
3919.042969	-136.172668
3929.809570	-133.931091
3940.576172	-135.545700
3951.342773	-136.542984
3962.109375	-134.589203
3972.875977	-149.824875
3983.642578	-135.347275
3994.409180	-138.371246
4005.175781	-138.951660
4015.942383	-149.856140
4026.708984	-138.977905
4037.475586	-134.046844
4048.242188	-138.345963
4059.008789	-131.932236
4069.775391	-139.568054
4080.541992	-138.610092
4091.308594	-139.684875
4102.075195	-136.355698
4112.841797	-136.790192
4123.608398	-144.058762
4134.375000	-133.901031
4145.141602	-133.218964
4155.908203	-135.924500
4166.674805	-134.800400
4177.441406	-146.699646
4188.208008	-140.776611
4198.974609	-136.579315
4209.741211	-140.721619
4220.507813	-139.129761
4231.274414	-142.404251
4242.041016	-134.716064
4252.807617	-141.763626
4263.574219	-134.874893
4274.340820	-139.200348
4285.107422	-140.348099
4295.874023	-134.908463
4306.640625	-134.752899
4317.407227	-136.505478
4328.173828	-150.329697
4338.940430	-135.541275
4349.707031	-139.383148
4360.473633	-142.558182
4371.240234	-137.695831
4382.006836	-137.461975
4392.773438	-132.339508
4403.540039	-132.238571
4414.306641	-139.376801
4425.073242	-137.797363
4435.839844	-140.686005
4446.606445	-145.494873
4457.373047	-138.991470
4468.139648	-135.385361
4478.906250	-138.201126
4489.672852	-132.101654
4500.439453	-127.387947
4511.206055	-135.317123
4521.972656	-137.247040
4532.739258	-138.301727
4543.505859	-144.977463
4554.272461	-137.684448
4565.039063	-132.181931
4575.805664	-131.043152
4586.572266	-139.575989
4597.338867	-126.232407
4608.105469	-128.794403
4618.872070	-134.386292
4629.638672	-129.675659
4640.405273	-133.478683
4651.171875	-136.064819
4661.938477	-143.009262
4672.705078	-134.121170
4683.471680	-149.351395
4694.238281	-126.703178
4705.004883	-125.669312
4715.771484	-134.473160
4726.538086	-132.071289
4737.304688	-137.681351
4748.071289	-144.988480
4758.837891	-139.153915
4769.604492	-135.592911
4780.371094	-138.165634
4791.137695	-133.217529
4801.904297	-130.578400
4812.670898	-136.659439
4823.437500	-134.037552
4834.204102	-135.817429
4844.970703	-143.842560
4855.737305	-142.376663
4866.503906	-146.403763
4877.270508	-136.737457
4888.037109	-134.801193
4898.803711	-142.383163
4909.570313	-150.313538
4920.336914	-144.405273
4931.103516	-144.365173
4941.870117	-138.976746
4952.636719	-131.398941
4963.403320	-131.795700
4974.169922	-133.614380
4984.936523	-136.529892
4995.703125	-137.376694
5006.469727	-135.748505
5017.236328	-140.231934
5028.002930	-135.714233
5038.769531	-132.974014
5049.536133	-138.521652
5060.302734	-139.871384
5071.069336	-142.870514
5081.835938	-143.930603
5092.602539	-136.336197
5103.369141	-140.224258
5114.135742	-137.744553
5124.902344	-136.654388
5135.668945	-144.538025
5146.435547	-137.813293
5157.202148	-135.835892
5167.968750	-135.357376
5178.735352	-138.123688
5189.501953	-130.092773
5200.268555	-129.967346
5211.035156	-145.228195
5221.801758	-138.416489
5232.568359	-149.054092
5243.334961	-138.477921
5254.101563	-142.803589
5264.868164	-139.299164
5275.634766	-137.380905
5286.401367	-134.863113
5297.167969	-134.272873
5307.934570	-128.039444
5318.701172	-129.047012
5329.467773	-144.858429
5340.234375	-135.725677
5351.000977	-135.850433
5361.767578	-140.790283
5372.534180	-134.934219
5383.300781	-137.426361
5394.067383	-135.853348
5404.833984	-138.818924
5415.600586	-131.102829
5426.367188	-131.052002
5437.133789	-149.898575
5447.900391	-138.303131
5458.666992	-141.628189
5469.433594	-130.743454
5480.200195	-128.177887
5490.966797	-131.472794
5501.733398	-130.755997
5512.500000	-136.332169
5523.266602	-135.694962
5534.033203	-138.600906
5544.799805	-149.332779
5555.566406	-141.269852
5566.333008	-130.584290
5577.099609	-126.620224
5587.866211	-138.242966
5598.632813	-128.266022
5609.399414	-131.396423
5620.166016	-131.529404
5630.932617	-132.586746
5641.699219	-134.293167
5652.465820	-131.975098
5663.232422	-130.220917
5673.999023	-126.690483
5684.765625	-137.148468
5695.532227	-126.926201
5706.298828	-125.558968
5717.065430	-129.417725
5727.832031	-127.539398
5738.598633	-131.007843
5749.365234	-132.168640
5760.131836	-128.323654
5770.898438	-137.602509
5781.665039	-130.332626
5792.431641	-128.364487
5803.198242	-141.774155
5813.964844	-132.232590
5824.731445	-142.065720
5835.498047	-140.079666
5846.264648	-136.137299
5857.031250	-131.449493
5867.797852	-131.637482
5878.564453	-133.157059
5889.331055	-136.267090
5900.097656	-132.230560
5910.864258	-128.301361
5921.630859	-128.201767
5932.397461	-133.680679
5943.164063	-141.772568
5953.930664	-132.792953
5964.697266	-142.127106
5975.463867	-131.622070
5986.230469	-127.959251
5996.997070	-131.066681
6007.763672	-149.144165
6018.530273	-131.757843
6029.296875	-127.613930
6040.063477	-128.731537
6050.830078	-136.015640
6061.596680	-128.679688
6072.363281	-132.463272
6083.129883	-134.012741
6093.896484	-132.705002
6104.663086	-130.548309
6115.429688	-129.026001
6126.196289	-128.926620
6136.962891	-129.019669
6147.729492	-133.894073
6158.496094	-130.739807
6169.262695	-126.611923
6180.029297	-126.324966
6190.795898	-129.001862
6201.562500	-128.040054
6212.329102	-126.634674
6223.095703	-133.888657
6233.862305	-134.915741
6244.628906	-128.657455
6255.395508	-126.176155
6266.162109	-125.166306
6276.928711	-129.792938
6287.695313	-152.910446
6298.461914	-132.979858
6309.228516	-126.460594
6319.995117	-124.158981
6330.761719	-132.609512
6341.528320	-131.545593
6352.294922	-128.309280
6363.061523	-129.521362
6373.828125	-130.961411
6384.594727	-131.259415
6395.361328	-128.047791
6406.127930	-131.238724
6416.894531	-135.636597
6427.661133	-133.967560
6438.427734	-131.244308
6449.194336	-126.233421
6459.960938	-130.096832
6470.727539	-134.813629
6481.494141	-130.419479
6492.260742	-132.463287
6503.027344	-133.818924
6513.793945	-127.504936
6524.560547	-124.810593
6535.327148	-126.115372
6546.093750	-130.316788
6556.860352	-130.606216
6567.626953	-131.031876
6578.393555	-129.941818
6589.160156	-126.515541
6599.926758	-122.926468
6610.693359	-126.950195
6621.459961	-128.960312
6632.226563	-133.191696
6642.993164	-133.913391
6653.759766	-129.479843
6664.526367	-129.870544
6675.292969	-128.560684
6686.059570	-125.573174
6696.826172	-127.429657
6707.592773	-151.224777
6718.359375	-138.829910
6729.125977	-145.573212
6739.892578	-138.003525
6750.659180	-147.209076
6761.425781	-132.693832
6772.192383	-130.295395
6782.958984	-131.114716
6793.725586	-140.707809
6804.492188	-132.741974
6815.258789	-128.822784
6826.025391	-130.893494
6836.791992	-133.713715
6847.558594	-134.655228
6858.325195	-144.295975
6869.091797	-127.736115
6879.858398	-126.355354
6890.625000	-125.101883
6901.391602	-127.474167
6912.158203	-141.163269
6922.924805	-140.792572
6933.691406	-125.931381
6944.458008	-123.899048
6955.224609	-123.892570
6965.991211	-122.117020
6976.757813	-125.897438
6987.524414	-131.046021
6998.291016	-131.826935
7009.057617	-137.046021
7019.824219	-134.299515
7030.590820	-130.313538
7041.357422	-122.020203
7052.124023	-118.276352
7062.890625	-118.227585
7073.657227	-120.259315
7084.423828	-122.146965
7095.190430	-123.981827
7105.957031	-128.109512
7116.723633	-133.274094
7127.490234	-132.158081
7138.256836	-128.048874
7149.023438	-127.458344
7159.790039	-125.642593
7170.556641	-123.164833
7181.323242	-123.105232
7192.089844	-123.477020
7202.856445	-139.834717
7213.623047	-129.324463
7224.389648	-133.491791
7235.156250	-137.224365
7245.922852	-145.567169
7256.689453	-131.737762
7267.456055	-125.749687
7278.222656	-125.749283
7288.989258	-128.060867
7299.755859	-142.582550
7310.522461	-129.434830
7321.289063	-128.094635
7332.055664	-128.739685
7342.822266	-127.425957
7353.588867	-125.519371
7364.355469	-129.746506
7375.122070	-122.210838
7385.888672	-120.507332
7396.655273	-124.409958
7407.421875	-128.663757
7418.188477	-125.003059
7428.955078	-125.379410
7439.721680	-133.786346
7450.488281	-134.798187
7461.254883	-129.168442
7472.021484	-129.723541
7482.788086	-130.221558
7493.554688	-128.535355
7504.321289	-125.848183
7515.087891	-128.352493
7525.854492	-133.185715
7536.621094	-132.563461
7547.387695	-140.313019
7558.154297	-125.472366
7568.920898	-128.923462
7579.687500	-127.008675
7590.454102	-126.730659
7601.220703	-129.053680
7611.987305	-130.949112
7622.753906	-127.542572
7633.520508	-126.452530
7644.287109	-127.465080
7655.053711	-121.417824
7665.820313	-118.204666
7676.586914	-119.904533
7687.353516	-127.875816
7698.120117	-134.018646
7708.886719	-132.275070
7719.653320	-134.694443
7730.419922	-123.724083
7741.186523	-122.819092
7751.953125	-130.153458
7762.719727	-127.499519
7773.486328	-124.131081
7784.252930	-123.229759
7795.019531	-124.918449
7805.786133	-129.622681
7816.552734	-127.949379
7827.319336	-124.032738
7838.085938	-131.242249
7848.852539	-135.076050
7859.619141	-124.128807
7870.385742	-119.554962
7881.152344	-119.352402
7891.918945	-121.718277
7902.685547	-124.461761
7913.452148	-126.924911
7924.218750	-123.023621
7934.985352	-124.073555
7945.751953	-131.435822
7956.518555	-122.856178
7967.285156	-123.512367
7978.051758	-124.755959
7988.818359	-135.678894
7999.584961	-131.650009
8010.351563	-127.309875
8021.118164	-128.352753
8031.884766	-129.093124
8042.651367	-128.251862
8053.417969	-129.451401
8064.184570	-130.764587
8074.951172	-125.766441
8085.717773	-118.887764
8096.484375	-119.413002
8107.250977	-122.974113
8118.017578	-126.448936
8128.784180	-127.511383
8139.550781	-132.784821
8150.317383	-131.203934
8161.083984	-121.765045
8171.850586	-118.939644
8182.617188	-119.626656
8193.383789	-126.308876
8204.150391	-129.100464
8214.916992	-127.189590
8225.683594	-121.765526
8236.450195	-118.715080
8247.216797	-121.649597
8257.983398	-142.339615
8268.750000	-135.096405
8279.516602	-130.115570
8290.283203	-124.098999
8301.049805	-124.364357
8311.816406	-126.852951
8322.583008	-122.067734
8333.349609	-121.863281
8344.116211	-122.211975
8354.882813	-122.929863
8365.649414	-122.290771
8376.416016	-128.835938
8387.182617	-119.065666
8397.949219	-120.767677
8408.715820	-127.779724
8419.482422	-127.992310
8430.249023	-119.362000
8441.015625	-119.315620
8451.782227	-124.630844
8462.548828	-126.250496
8473.315430	-122.969086
8484.082031	-121.070335
8494.848633	-122.476761
8505.615234	-124.977753
8516.381836	-125.666695
8527.148438	-128.152496
8537.915039	-135.850159
8548.681641	-128.319061
8559.448242	-127.416168
8570.214844	-123.195313
8580.981445	-120.070305
8591.748047	-121.658806
8602.514648	-128.290802
8613.281250	-130.085205
8624.047852	-134.006821
8634.814453	-118.967979
8645.581055	-118.108177
8656.347656	-124.194206
8667.114258	-142.082214
8677.880859	-126.344681
8688.647461	-122.253319
8699.414063	-124.120392
8710.180664	-127.146133
8720.947266	-132.595795
8731.713867	-135.120438
8742.480469	-134.794708
8753.247070	-125.758583
8764.013672	-121.960617
8774.780273	-126.146744
8785.546875	-122.600830
8796.313477	-116.304489
8807.080078	-116.553192
8817.846680	-118.511131
8828.613281	-121.706825
8839.379883	-122.984695
8850.146484	-126.657814
8860.913086	-127.492226
8871.679688	-126.246651
8882.446289	-125.802650
8893.212891	-127.568848
8903.979492	-125.314415
8914.746094	-123.839729
8925.512695	-121.955788
8936.279297	-120.566795
8947.045898	-121.157646
8957.812500	-122.887657
8968.579102	-127.410576
8979.345703	-131.196655
8990.112305	-120.548302
9000.878906	-120.133049
9011.645508	-123.987968
9022.412109	-126.597450
9033.178711	-129.834885
9043.945313	-142.335327
9054.711914	-147.275558
9065.478516	-127.696754
9076.245117	-124.557655
9087.011719	-131.203934
9097.778320	-142.025925
9108.544922	-130.454498
9119.311523	-121.950974
9130.078125	-121.009544
9140.844727	-127.363625
9151.611328	-122.056694
9162.377930	-120.290260
9173.144531	-127.927773
9183.911133	-124.383560
9194.677734	-123.393944
9205.444336	-124.965561
9216.210938	-124.064507
9226.977539	-124.957748
9237.744141	-128.463943
9248.510742	-126.483719
9259.277344	-126.057251
9270.043945	-124.466545
9280.810547	-127.640816
9291.577148	-122.648956
9302.343750	-117.621773
9313.110352	-119.583687
9323.876953	-124.979767
9334.643555	-121.075531
9345.410156	-125.561203
9356.176758	-128.650757
9366.943359	-124.350868
9377.709961	-137.305176
9388.476563	-121.113571
9399.243164	-119.894981
9410.009766	-124.391602
9420.776367	-124.606529
9431.542969	-120.212387
9442.309570	-123.895081
9453.076172	-137.368164
9463.842773	-123.650284
9474.609375	-125.283165
9485.375977	-133.158463
9496.142578	-128.875061
9506.909180	-123.339821
9517.675781	-127.747185
9528.442383	-129.457306
9539.208984	-122.864525
9549.975586	-122.161087
9560.742188	-119.925301
9571.508789	-121.282394
9582.275391	-124.609428
9593.041992	-124.525764
9603.808594	-132.995346
9614.575195	-128.378494
9625.341797	-123.891472
9636.108398	-124.989822
9646.875000	-131.767334
9657.641602	-137.646820
9668.408203	-122.880051
9679.174805	-122.290497
9689.941406	-130.715332
9700.708008	-120.567894
9711.474609	-119.404022
9722.241211	-129.607834
9733.007813	-129.474487
9743.774414	-122.558708
9754.541016	-118.645134
9765.307617	-116.032372
9776.074219	-118.849777
9786.840820	-121.560387
9797.607422	-118.503708
9808.374023	-120.078224
9819.140625	-124.156143
9829.907227	-137.436951
9840.673828	-122.330818
9851.440430	-120.746742
9862.207031	-123.010605
9872.973633	-128.891052
9883.740234	-127.054718
9894.506836	-123.624626
9905.273438	-122.927170
9916.040039	-124.598312
9926.806641	-129.324966
9937.573242	-122.345161
9948.339844	-120.237999
9959.106445	-126.395668
9969.873047	-141.775589
9980.639648	-140.935135
9991.406250	-130.621292
10002.172852	-140.542786
10012.939453	-131.507126
10023.706055	-135.289398
10034.472656	-128.367844
10045.239258	-127.035881
10056.005859	-125.663795
10066.772461	-132.501312
10077.539063	-123.233658
10088.305664	-119.739365
10099.072266	-120.104515
10109.838867	-118.325516
10120.605469	-118.565964
10131.372070	-121.604996
10142.138672	-125.258728
10152.905273	-125.008896
10163.671875	-127.758392
10174.438477	-131.410339
10185.205078	-125.930992
10195.971680	-123.852028
10206.738281	-124.842567
10217.504883	-129.083099
10228.271484	-124.719749
10239.038086	-120.881088
10249.804688	-118.265175
10260.571289	-118.471596
10271.337891	-122.096107
10282.104492	-125.608902
10292.871094	-123.863831
10303.637695	-123.803383
10314.404297	-121.836693
10325.170898	-121.236267
10335.937500	-127.948524
10346.704102	-136.349640
10357.470703	-140.812836
10368.237305	-134.355240
10379.003906	-126.986305
10389.770508	-120.295395
10400.537109	-119.711136
10411.303711	-124.905594
10422.070313	-132.824219
10432.836914	-123.135040
10443.603516	-121.027557
10454.370117	-121.421623
10465.136719	-122.703560
10475.903320	-121.823959
10486.669922	-119.618385
10497.436523	-123.568169
10508.203125	-133.583908
10518.969727	-125.863159
10529.736328	-122.965614
10540.502930	-119.494156
10551.269531	-120.929977
10562.036133	-129.519440
10572.802734	-127.399414
10583.569336	-120.651642
10594.335938	-121.845375
10605.102539	-127.547028
10615.869141	-144.379318
10626.635742	-139.511139
10637.402344	-137.713379
10648.168945	-134.945862
10658.935547	-139.206161
10669.702148	-132.960693
10680.468750	-133.386047
10691.235352	-138.938339
10702.001953	-129.101166
10712.768555	-127.566040
10723.535156	-126.393257
10734.301758	-123.340012
10745.068359	-126.548409
10755.834961	-139.760132
10766.601563	-124.819221
10777.368164	-123.553207
10788.134766	-127.000427
10798.901367	-121.110909
10809.667969	-122.905769
10820.434570	-135.726837
10831.201172	-130.059357
10841.967773	-127.043243
10852.734375	-124.880547
10863.500977	-130.053177
10874.267578	-129.121170
10885.034180	-123.045914
10895.800781	-120.590271
10906.567383	-130.700745
10917.333984	-120.093628
10928.100586	-120.492523
10938.867188	-132.232132
10949.633789	-130.248322
10960.400391	-126.143692
10971.166992	-125.767021
10981.933594	-126.539108
10992.700195	-124.970383
11003.466797	-122.083771
11014.233398	-122.444954
11025.000000	-123.348198
11035.766602	-132.958694
11046.533203	-131.405899
11057.299805	-129.430725
11068.066406	-127.446030
11078.833008	-128.351837
11089.599609	-131.973450
11100.366211	-123.447113
11111.132813	-118.656052
11121.899414	-119.363678
11132.666016	-120.734451
11143.432617	-121.979347
11154.199219	-128.237488
11164.965820	-129.183273
11175.732422	-127.638901
11186.499023	-131.293533
11197.265625	-129.494553
11208.032227	-126.147667
11218.798828	-128.251984
11229.565430	-139.152908
11240.332031	-131.400726
11251.098633	-125.718864
11261.865234	-125.497665
11272.631836	-125.283524
11283.398438	-124.594414
11294.165039	-123.101028
11304.931641	-124.258362
11315.698242	-126.386856
11326.464844	-122.036209
11337.231445	-123.876434
11347.998047	-130.520813
11358.764648	-129.825668
11369.531250	-127.908478
11380.297852	-124.991791
11391.064453	-120.960274
11401.831055	-122.109703
11412.597656	-120.991859
11423.364258	-121.554047
11434.130859	-128.870224
11444.897461	-129.805023
11455.664063	-136.552109
11466.430664	-125.435890
11477.197266	-125.237312
11487.963867	-125.158569
11498.730469	-125.257950
11509.497070	-127.832588
11520.263672	-129.298508
11531.030273	-126.083443
11541.796875	-125.858902
11552.563477	-124.086151
11563.330078	-125.304619
11574.096680	-127.570190
11584.863281	-127.467583
11595.629883	-130.598770
11606.396484	-130.680679
11617.163086	-129.121002
11627.929688	-131.642578
11638.696289	-133.373917
11649.462891	-130.912918
11660.229492	-131.166245
11670.996094	-129.236343
11681.762695	-127.919975
11692.529297	-130.516464
11703.295898	-125.568192
11714.062500	-129.677170
11724.829102	-136.243271
11735.595703	-138.064865
11746.362305	-134.583664
11757.128906	-130.040985
11767.895508	-125.360130
11778.662109	-127.146126
11789.428711	-130.151611
11800.195313	-120.988281
11810.961914	-122.607925
11821.728516	-127.468567
11832.495117	-133.209976
11843.261719	-130.579941
11854.028320	-133.200027
11864.794922	-131.342285
11875.561523	-133.281311
11886.328125	-133.462723
11897.094727	-124.307114
11907.861328	-125.432014
11918.627930	-132.859238
11929.394531	-128.267639
11940.161133	-128.482071
11950.927734	-129.575974
11961.694336	-131.216507
11972.460938	-129.710403
11983.227539	-128.412247
11993.994141	-135.156204
12004.760742	-132.414124
12015.527344	-130.268158
12026.293945	-132.085587
12037.060547	-130.929489
12047.827148	-135.886353
12058.593750	-139.802124
12069.360352	-133.467300
12080.126953	-130.096344
12090.893555	-133.464249
12101.660156	-124.946526
12112.426758	-124.303978
12123.193359	-126.605194
12133.959961	-127.594902
12144.726563	-134.918793
12155.493164	-139.418365
12166.259766	-134.298264
12177.026367	-125.155006
12187.792969	-125.711189
12198.559570	-127.894203
12209.326172	-135.784256
12220.092773	-133.509506
12230.859375	-132.646454
12241.625977	-145.523407
12252.392578	-130.208038
12263.159180	-134.295319
12273.925781	-126.712204
12284.692383	-122.759277
12295.458984	-127.311577
12306.225586	-132.607483
12316.992188	-141.603088
12327.758789	-134.972839
12338.525391	-138.265366
12349.291992	-140.846191
12360.058594	-131.887405
12370.825195	-135.235153
12381.591797	-134.958649
12392.358398	-128.585678
12403.125000	-127.043465
12413.891602	-126.722206
12424.658203	-128.738541
12435.424805	-130.484909
12446.191406	-133.082367
12456.958008	-133.636307
12467.724609	-131.126114
12478.491211	-129.134491
12489.257813	-127.943001
12500.024414	-133.721115
12510.791016	-141.331833
12521.557617	-140.693771
12532.324219	-135.794144
12543.090820	-139.383698
12553.857422	-139.075226
12564.624023	-131.158539
12575.390625	-130.212173
12586.157227	-131.270920
12596.923828	-129.174057
12607.690430	-133.052948
12618.457031	-152.141190
12629.223633	-138.603821
12639.990234	-131.416367
12650.756836	-128.522278
12661.523438	-130.762451
12672.290039	-131.050964
12683.056641	-130.369980
12693.823242	-128.505341
12704.589844	-126.281372
12715.356445	-131.502686
12726.123047	-132.715515
12736.889648	-128.531433
12747.656250	-125.981819
12758.422852	-131.634445
12769.189453	-144.209229
12779.956055	-137.918152
12790.722656	-127.019714
12801.489258	-126.813377
12812.255859	-129.419662
12823.022461	-130.665359
12833.789063	-141.644302
12844.555664	-138.675430
12855.322266	-138.066666
12866.088867	-138.547409
12876.855469	-129.670990
12887.622070	-127.241028
12898.388672	-138.839615
12909.155273	-128.373337
12919.921875	-125.078079
12930.688477	-127.630028
12941.455078	-140.012604
12952.221680	-135.992706
12962.988281	-131.484558
12973.754883	-129.187729
12984.521484	-131.972275
12995.288086	-133.875549
13006.054688	-126.760124
13016.821289	-124.452736
13027.587891	-124.860649
13038.354492	-127.285538
13049.121094	-129.912308
13059.887695	-130.432236
13070.654297	-127.363297
13081.420898	-129.125885
13092.187500	-132.515289
13102.954102	-126.101959
13113.720703	-124.230911
13124.487305	-125.745880
13135.253906	-123.045097
13146.020508	-123.401505
13156.787109	-128.747223
13167.553711	-141.940002
13178.320313	-131.232559
13189.086914	-129.692566
13199.853516	-136.500610
13210.620117	-133.283798
13221.386719	-129.988342
13232.153320	-131.086792
13242.919922	-149.540314
13253.686523	-129.477280
13264.453125	-126.667870
13275.219727	-123.699997
13285.986328	-121.090591
13296.752930	-121.926498
13307.519531	-121.505714
13318.286133	-120.525368
13329.052734	-121.458046
13339.819336	-125.883667
13350.585938	-125.543068
13361.352539	-131.731552
13372.119141	-122.583664
13382.885742	-118.823196
13393.652344	-121.522346
13404.418945	-123.787880
13415.185547	-124.774788
13425.952148	-123.550331
13436.718750	-127.853363
13447.485352	-123.065498
13458.251953	-123.443901
13469.018555	-136.347595
13479.785156	-125.074799
13490.551758	-124.108429
13501.318359	-125.777428
13512.084961	-131.281189
13522.851563	-129.342880
13533.618164	-127.474686
13544.384766	-133.731277
13555.151367	-130.187607
13565.917969	-133.999649
13576.684570	-125.115738
13587.451172	-121.978050
13598.217773	-120.442780
13608.984375	-121.266930
13619.750977	-123.233238
13630.517578	-128.706665
13641.284180	-119.370247
13652.050781	-115.959564
13662.817383	-117.510689
13673.583984	-124.138344
13684.350586	-134.356995
13695.117188	-127.528267
13705.883789	-121.296814
13716.650391	-118.822914
13727.416992	-120.606483
13738.183594	-124.556900
13748.950195	-128.359940
13759.716797	-123.651176
13770.483398	-122.750015
13781.250000	-133.957367
13792.016602	-122.619171
13802.783203	-118.421326
13813.549805	-118.316917
13824.316406	-118.814682
13835.083008	-121.404083
13845.849609	-126.755196
13856.616211	-122.621925
13867.382813	-127.684509
13878.149414	-124.338402
13888.916016	-125.717949
13899.682617	-127.771324
13910.449219	-125.875015
13921.215820	-121.743828
13931.982422	-121.109802
13942.749023	-125.159409
13953.515625	-122.821320
13964.282227	-122.536613
13975.048828	-133.910873
13985.815430	-121.798134
13996.582031	-122.982384
14007.348633	-124.144287
14018.115234	-122.572166
14028.881836	-124.017036
14039.648438	-124.936783
14050.415039	-131.166473
14061.181641	-131.718750
14071.948242	-127.549622
14082.714844	-123.164612
14093.481445	-122.721657
14104.248047	-121.392708
14115.014648	-121.080620
14125.781250	-126.257172
14136.547852	-151.922318
14147.314453	-125.026657
14158.081055	-117.440247
14168.847656	-116.496307
14179.614258	-124.118248
14190.380859	-126.901634
14201.147461	-123.699211
14211.914063	-122.116638
14222.680664	-121.822792
14233.447266	-118.847542
14244.213867	-118.046768
14254.980469	-121.635757
14265.747070	-130.395035
14276.513672	-132.861664
14287.280273	-123.666847
14298.046875	-122.621269
14308.813477	-123.024696
14319.580078	-134.268250
14330.346680	-119.880928
14341.113281	-116.394485
14351.879883	-113.316917
14362.646484	-114.125145
14373.413086	-116.980385
14384.179688	-117.847664
14394.946289	-123.235176
14405.712891	-118.949577
14416.479492	-123.436920
14427.246094	-122.282524
14438.012695	-117.421860
14448.779297	-118.627342
14459.545898	-122.113556
14470.312500	-121.348160
14481.079102	-119.077507
14491.845703	-121.195183
14502.612305	-122.477585
14513.378906	-116.094643
14524.145508	-122.141357
14534.912109	-129.846603
14545.678711	-126.588089
14556.445313	-121.678276
14567.211914	-114.678406
14577.978516	-117.868134
14588.745117	-117.984406
14599.511719	-110.971367
14610.278320	-113.588890
14621.044922	-122.068459
14631.811523	-121.663872
14642.578125	-127.982544
14653.344727	-128.096085
14664.111328	-124.898338
14674.877930	-125.555191
14685.644531	-120.483276
14696.411133	-118.156136
14707.177734	-119.724747
14717.944336	-119.222816
14728.710938	-112.836334
14739.477539	-111.075523
14750.244141	-116.596840
14761.010742	-121.015823
14771.777344	-117.768257
14782.543945	-116.544403
14793.310547	-117.539162
14804.077148	-122.996002
14814.843750	-126.037704
14825.610352	-126.544670
14836.376953	-118.662674
14847.143555	-114.619987
14857.910156	-114.634987
14868.676758	-115.163017
14879.443359	-121.248093
14890.209961	-125.465012
14900.976563	-118.400230
14911.743164	-113.828476
14922.509766	-115.891937
14933.276367	-120.092651
14944.042969	-123.083183
14954.809570	-123.226463
14965.576172	-122.042038
14976.342773	-128.688995
14987.109375	-115.139503
14997.875977	-115.093849
15008.642578	-119.546326
15019.409180	-114.635452
15030.175781	-114.991928
15040.942383	-114.964294
15051.708984	-118.553497
15062.475586	-119.366760
15073.242188	-116.487503
15084.008789	-114.658829
15094.775391	-117.511314
15105.541992	-124.579147
15116.308594	-120.513229
15127.075195	-114.108124
15137.841797	-111.512596
15148.608398	-113.168419
15159.375000	-115.123146
15170.141602	-116.517502
15180.908203	-117.770973
15191.674805	-114.339279
15202.441406	-113.795471
15213.208008	-116.356583
15223.974609	-119.705231
15234.741211	-121.904274
15245.507813	-115.498436
15256.274414	-112.919479
15267.041016	-120.507263
15277.807617	-118.513763
15288.574219	-118.375343
15299.340820	-111.005379
15310.107422	-107.159737
15320.874023	-109.467636
15331.640625	-119.847084
15342.407227	-110.847137
15353.173828	-117.243256
15363.940430	-115.224121
15374.707031	-112.638008
15385.473633	-115.392197
15396.240234	-115.677864
15407.006836	-115.251419
15417.773438	-118.563263
15428.540039	-125.773659
15439.306641	-119.092712
15450.073242	-113.542358
15460.839844	-112.855438
15471.606445	-116.304306
15482.373047	-119.120262
15493.139648	-110.266853
15503.906250	-110.510056
15514.672852	-114.226974
15525.439453	-120.718132
15536.206055	-119.066261
15546.972656	-126.085838
15557.739258	-115.760582
15568.505859	-111.245331
15579.272461	-110.794556
15590.039063	-112.105606
15600.805664	-112.547707
15611.572266	-109.075882
15622.338867	-107.849319
15633.105469	-110.169464
15643.872070	-111.172180
15654.638672	-119.050606
15665.405273	-119.416275
15676.171875	-134.870590
15686.938477	-117.422089
15697.705078	-125.276779
15708.471680	-117.221321
15719.238281	-113.970596
15730.004883	-114.399353
15740.771484	-120.538193
15751.538086	-110.930397
15762.304688	-111.570984
15773.071289	-114.656921
15783.837891	-118.443542
15794.604492	-125.457008
15805.371094	-118.113434
15816.137695	-116.717461
15826.904297	-113.061661
15837.670898	-113.575470
15848.437500	-117.315224
15859.204102	-116.280952
15869.970703	-116.028160
15880.737305	-112.692078
15891.503906	-113.417809
15902.270508	-115.292366
15913.037109	-111.346474
15923.803711	-112.312660
15934.570313	-110.991028
15945.336914	-112.915855
15956.103516	-112.834732
15966.870117	-114.209572
15977.636719	-122.392708
15988.403320	-115.496246
15999.169922	-113.085167
16009.936523	-117.749779
16020.703125	-117.283279
16031.469727	-119.725296
16042.236328	-114.369164
16053.002930	-108.471298
16063.769531	-107.866982
16074.536133	-111.338417
16085.302734	-118.072540
16096.069336	-116.439690
16106.835938	-116.218971
16117.602539	-123.914497
16128.369141	-116.959473
16139.135742	-112.326462
16149.902344	-112.767601
16160.668945	-111.590935
16171.435547	-113.010208
16182.202148	-118.828308
16192.968750	-113.470650
16203.735352	-111.392044
16214.501953	-110.183029
16225.268555	-111.338409
16236.035156	-114.349953
16246.801758	-114.412598
16257.568359	-127.246132
16268.334961	-111.622360
16279.101563	-107.685005
16289.868164	-111.118980
16300.634766	-113.357147
16311.401367	-113.566711
16322.167969	-117.674911
16332.934570	-114.926369
16343.701172	-120.190109
16354.467773	-116.709076
16365.234375	-113.041069
16376.000977	-109.599777
16386.767578	-112.173988
16397.534180	-115.136948
16408.300781	-107.645058
16419.067383	-108.865166
16429.833984	-111.414505
16440.600586	-105.486763
16451.367188	-112.679092
16462.133789	-118.066101
16472.900391	-113.361557
16483.666992	-120.135086
16494.433594	-116.081192
16505.200195	-111.998383
16515.966797	-114.429199
16526.733398	-121.040482
16537.500000	-113.794762
16548.266602	-117.874062
16559.033203	-113.237389
16569.799805	-108.492271
16580.566406	-117.955452
16591.333008	-112.248222
16602.099609	-111.826485
16612.866211	-117.357948
16623.632813	-124.698189
16634.399414	-120.306778
16645.166016	-132.935074
16655.932617	-120.675476
16666.699219	-124.321693
16677.465820	-112.207855
16688.232422	-107.580811
16698.999023	-112.426224
16709.765625	-108.708282
16720.532227	-106.684654
16731.298828	-109.212189
16742.065430	-116.721703
16752.832031	-118.103531
16763.598633	-110.946571
16774.365234	-105.835342
16785.131836	-105.159477
16795.898438	-107.927666
16806.665039	-107.495232
16817.431641	-111.682327
16828.198242	-112.807564
16838.964844	-105.495087
16849.731445	-109.549927
16860.498047	-118.430946
16871.264648	-120.333366
16882.031250	-110.605446
16892.797852	-117.987007
16903.564453	-118.573135
16914.331055	-124.048157
16925.097656	-125.438118
16935.864258	-132.295670
16946.630859	-115.478539
16957.397461	-107.839943
16968.164063	-108.632309
16978.930664	-118.397408
16989.697266	-110.018761
17000.463867	-110.463905
17011.230469	-110.812286
17021.997070	-112.119133
17032.763672	-129.182007
17043.530273	-130.809601
17054.296875	-118.048569
17065.063477	-118.544609
17075.830078	-111.868332
17086.596680	-121.163681
17097.363281	-112.833214
17108.129883	-121.350571
17118.896484	-115.995430
17129.663086	-106.931824
17140.429688	-104.958771
17151.196289	-106.517151
17161.962891	-109.224037
17172.729492	-116.957809
17183.496094	-113.186821
17194.262695	-112.825836
17205.029297	-117.501778
17215.795898	-112.515785
17226.562500	-110.750252
17237.329102	-114.518196
17248.095703	-112.422218
17258.862305	-110.530556
17269.628906	-107.108170
17280.395508	-109.701164
17291.162109	-119.022621
17301.928711	-119.519440
17312.695313	-117.743065
17323.461914	-112.763580
17334.228516	-107.947426
17344.995117	-102.242775
17355.761719	-103.335922
17366.528320	-109.916985
17377.294922	-115.230194
17388.061523	-121.011246
17398.828125	-111.983604
17409.594727	-113.168121
17420.361328	-106.782249
17431.127930	-106.775169
17441.894531	-112.725563
17452.661133	-104.756325
17463.427734	-104.358955
17474.194336	-105.785072
17484.960938	-106.811348
17495.727539	-107.580185
17506.494141	-107.155396
17517.260742	-109.881851
17528.027344	-123.425064
17538.793945	-112.837692
17549.560547	-109.098816
17560.327148	-111.574371
17571.093750	-118.340622
17581.860352	-108.971191
17592.626953	-108.864243
17603.393555	-114.622940
17614.160156	-116.895348
17624.926758	-117.324638
17635.693359	-113.311295
17646.459961	-126.918694
17657.226563	-123.457657
17667.993164	-111.210632
17678.759766	-104.145149
17689.526367	-104.471298
17700.292969	-111.284676
17711.059570	-106.858833
17721.826172	-104.239456
17732.592773	-103.348228
17743.359375	-106.707848
17754.125977	-116.406693
17764.892578	-110.393288
17775.659180	-116.013840
17786.425781	-121.857727
17797.192383	-113.236168
17807.958984	-110.141594
17818.725586	-106.082260
17829.492188	-104.755875
17840.258789	-107.575325
17851.025391	-114.617668
17861.791992	-116.812012
17872.558594	-111.123466
17883.325195	-103.925308
17894.091797	-103.626274
17904.858398	-106.747673
17915.625000	-105.873611
17926.391602	-108.025818
17937.158203	-115.742447
17947.924805	-116.544876
17958.691406	-112.119896
17969.458008	-109.685562
17980.224609	-110.321144
17990.991211	-109.160889
18001.757813	-112.939323
18012.524414	-113.544975
18023.291016	-107.007729
18034.057617	-109.573814
18044.824219	-115.486267
18055.590820	-117.160370
18066.357422	-111.793785
18077.124023	-121.357918
18087.890625	-108.106491
18098.657227	-107.965050
18109.423828	-113.924408
18120.190430	-112.406616
18130.957031	-117.081436
18141.723633	-111.528694
18152.490234	-108.901802
18163.256836	-106.705223
18174.023438	-116.198021
18184.790039	-107.460670
18195.556641	-107.079964
18206.323242	-108.577301
18217.089844	-112.497772
18227.856445	-139.368530
18238.623047	-109.537567
18249.389648	-109.780823
18260.156250	-113.248276
18270.922852	-108.044266
18281.689453	-105.889168
18292.456055	-110.001762
18303.222656	-117.645531
18313.989258	-111.033051
18324.755859	-105.917023
18335.522461	-107.037102
18346.289063	-107.702385
18357.055664	-107.411453
18367.822266	-116.131012
18378.588867	-124.179039
18389.355469	-114.826256
18400.122070	-121.979309
18410.888672	-113.156281
18421.655273	-111.714890
18432.421875	-113.097443
18443.188477	-110.225449
18453.955078	-105.664764
18464.721680	-111.886658
18475.488281	-110.752930
18486.254883	-124.153694
18497.021484	-111.627525
18507.788086	-115.936363
18518.554688	-115.391151
18529.321289	-119.587059
18540.087891	-108.027611
18550.854492	-113.071320
18561.621094	-103.958328
18572.387695	-101.518829
18583.154297	-104.466866
18593.920898	-110.114876
18604.687500	-111.479301
18615.454102	-112.050186
18626.220703	-114.861320
18636.987305	-108.125229
18647.753906	-104.064423
18658.520508	-107.183075
18669.287109	-110.027283
18680.053711	-112.619919
18690.820313	-119.336334
18701.586914	-114.239174
18712.353516	-108.816780
18723.120117	-105.638908
18733.886719	-106.971298
18744.653320	-108.478256
18755.419922	-105.192505
18766.186523	-103.466286
18776.953125	-108.076508
18787.719727	-108.722511
18798.486328	-107.765587
18809.252930	-109.947083
18820.019531	-105.467842
18830.786133	-105.908142
18841.552734	-114.365669
18852.319336	-118.832466
18863.085938	-114.067497
18873.852539	-117.772003
18884.619141	-107.478302
18895.385742	-102.627930
18906.152344	-104.441666
18916.918945	-107.193932
18927.685547	-108.909805
18938.452148	-113.113411
18949.218750	-117.604935
18959.985352	-119.022575
18970.751953	-118.447639
18981.518555	-109.458450
18992.285156	-112.994415
19003.051758	-110.367554
19013.818359	-108.295113
19024.584961	-110.947357
19035.351563	-126.305016
19046.118164	-119.873611
19056.884766	-118.459282
19067.651367	-111.280693
19078.417969	-105.882172
19089.184570	-103.754189
19099.951172	-102.660378
19110.717773	-107.609604
19121.484375	-112.193810
19132.250977	-107.099297
19143.017578	-103.908623
19153.784180	-105.285805
19164.550781	-110.912392
19175.317383	-110.819908
19186.083984	-105.390450
19196.850586	-102.693550
19207.617188	-108.209465
19218.383789	-105.254578
19229.150391	-109.058022
19239.916992	-118.364014
19250.683594	-107.834465
19261.450195	-114.491135
19272.216797	-105.442543
19282.983398	-105.893806
19293.750000	-113.051445
19304.516602	-105.822723
19315.283203	-103.989754
19326.049805	-103.599754
19336.816406	-107.707367
19347.583008	-111.772369
19358.349609	-103.868340
19369.116211	-105.453575
19379.882813	-109.803787
19390.649414	-106.397354
19401.416016	-112.296127
19412.182617	-109.854973
19422.949219	-117.837280
19433.715820	-106.632019
19444.482422	-100.275543
19455.249023	-99.959961
19466.015625	-101.404060
19476.782227	-105.401871
19487.548828	-108.360832
19498.315430	-119.152519
19509.082031	-114.087692
19519.848633	-113.520187
19530.615234	-110.939178
19541.381836	-111.882874
19552.148438	-104.563347
19562.915039	-110.061371
19573.681641	-104.668373
19584.448242	-107.478867
19595.214844	-100.545898
19605.981445	-103.573105
19616.748047	-110.387939
19627.514648	-101.481735
19638.281250	-113.269409
19649.047852	-113.108719
19659.814453	-102.511627
19670.581055	-109.263687
19681.347656	-101.732269
19692.114258	-105.025642
19702.880859	-102.415199
19713.647461	-102.660698
19724.414063	-103.587616
19735.180664	-99.479172
19745.947266	-96.391373
19756.713867	-99.506920
19767.480469	-92.543198
19778.247070	-102.683571
19789.013672	-93.991753
19799.780273	-93.296135
19810.546875	-92.842484
19821.313477	-90.899841
19832.080078	-90.043526
19842.846680	-86.963715
19853.613281	-85.834427
19864.379883	-84.507301
19875.146484	-81.740494
19885.913086	-79.279076
19896.679688	-77.128395
19907.446289	-74.411087
19918.212891	-71.187538
19928.979492	-67.876564
19939.746094	-64.257866
19950.512695	-60.206440
19961.279297	-58.270348
19972.045898	-41.627434
19982.812500	-12.166615
19993.579102	-1.567812
20004.345703	-0.713752
20015.112305	-9.191931
20025.878906	-32.862080
20036.645508	-59.382809
20047.412109	-59.616234
20058.178711	-63.428734
20068.945313	-67.201378
20079.711914	-70.695610
20090.478516	-73.729240
20101.245117	-76.725769
20112.011719	-78.976868
20122.778320	-81.744392
20133.544922	-83.130104
20144.311523	-86.089241
20155.078125	-87.339233
20165.844727	-87.805244
20176.611328	-95.163307
20187.377930	-89.027420
20198.144531	-95.107788
20208.911133	-96.989120
20219.677734	-93.676788
20230.444336	-101.034111
20241.210938	-93.882065
20251.977539	-102.541718
20262.744141	-97.807487
20273.510742	-100.083710
20284.277344	-99.727013
20295.043945	-103.292389
20305.810547	-100.213837
20316.577148	-107.210754
20327.343750	-104.522362
20338.110352	-101.300369
20348.876953	-105.600533
20359.643555	-104.625130
20370.410156	-106.866096
20381.176758	-113.491325
20391.943359	-102.178505
20402.709961	-116.562920
20413.476563	-111.068443
20424.243164	-102.727989
20435.009766	-110.497498
20445.776367	-102.303070
20456.542969	-102.542252
20467.309570	-102.396828
20478.076172	-104.045914
20488.842773	-102.306084
20499.609375	-108.405411
20510.375977	-118.970993
20521.142578	-102.318451
20531.909180	-101.288597
20542.675781	-101.094040
20553.442383	-102.764389
20564.208984	-104.906952
20574.975586	-102.287193
20585.742188	-106.385300
20596.508789	-121.164520
20607.275391	-110.662224
20618.041992	-107.292267
20628.808594	-104.717728
20639.575195	-118.452965
20650.341797	-110.431908
20661.108398	-115.788506
20671.875000	-111.270592
20682.641602	-107.191490
20693.408203	-108.927666
20704.174805	-104.238770
20714.941406	-101.500298
20725.708008	-101.957962
20736.474609	-111.826660
20747.241211	-106.404602
20758.007813	-106.077156
20768.774414	-120.122101
20779.541016	-104.262413
20790.307617	-104.335197
20801.074219	-106.177231
20811.840820	-109.498055
20822.607422	-112.859444
20833.374023	-108.513718
20844.140625	-101.346512
20854.907227	-100.455605
20865.673828	-104.449837
20876.440430	-108.221405
20887.207031	-100.418343
20897.973633	-100.088791
20908.740234	-102.526077
20919.506836	-106.110443
20930.273438	-108.971802
20941.040039	-105.715744
20951.806641	-102.683220
20962.573242	-105.041817
20973.339844	-106.836838
20984.106445	-109.084496
20994.873047	-107.993950
21005.639648	-110.890923
21016.406250	-111.091957
21027.172852	-102.756989
21037.939453	-100.300743
21048.706055	-99.634575
21059.472656	-102.101265
21070.239258	-102.708267
21081.005859	-105.098549
21091.772461	-109.918884
21102.539063	-109.185066
21113.305664	-105.313858
21124.072266	-103.716370
21134.838867	-108.268837
21145.605469	-113.514412
21156.372070	-121.512405
21167.138672	-113.235641
21177.905273	-110.744156
21188.671875	-106.415947
21199.438477	-108.790314
21210.205078	-107.634720
21220.971680	-108.048355
21231.738281	-100.118500
21242.504883	-96.285263
21253.271484	-97.339058
21264.038086	-106.837776
21274.804688	-105.174850
21285.571289	-104.301132
21296.337891	-119.360062
21307.104492	-111.237091
21317.871094	-111.600067
21328.637695	-104.423767
21339.404297	-108.886879
21350.170898	-110.681183
21360.937500	-110.773247
21371.704102	-110.374748
21382.470703	-112.943443
21393.237305	-105.311935
21404.003906	-106.359962
21414.770508	-109.767960
21425.537109	-106.492958
21436.303711	-104.909149
21447.070313	-101.412140
21457.836914	-104.474236
21468.603516	-103.346725
21479.370117	-102.301315
21490.136719	-101.732712
21500.903320	-100.040520
21511.669922	-98.832573
21522.436523	-99.382263
21533.203125	-101.926964
21543.969727	-106.825974
21554.736328	-115.554749
21565.502930	-109.552261
21576.269531	-103.574860
21587.036133	-107.555573
21597.802734	-113.193871
21608.569336	-109.499092
21619.335938	-105.616013
21630.102539	-107.129929
21640.869141	-114.448639
21651.635742	-113.115570
21662.402344	-113.896309
21673.168945	-108.722038
21683.935547	-103.935066
21694.702148	-100.617157
21705.468750	-103.550339
21716.235352	-106.347107
21727.001953	-101.643127
21737.768555	-101.488823
21748.535156	-104.966911
21759.301758	-112.988365
21770.068359	-109.987251
21780.834961	-105.456039
21791.601563	-103.810226
21802.368164	-114.879036
21813.134766	-110.791260
21823.901367	-105.165344
21834.667969	-101.147453
21845.434570	-101.106270
21856.201172	-103.418221
21866.967773	-104.327446
21877.734375	-99.887230
21888.500977	-106.247383
21899.267578	-110.491272
21910.034180	-106.415260
21920.800781	-103.898964
21931.567383	-103.279869
21942.333984	-105.796600
21953.100586	-97.519127
21963.867188	-97.847809
21974.633789	-103.680405
21985.400391	-114.384132
21996.166992	-116.258339
22006.933594	-103.824226
22017.700195	-103.021965
22028.466797	-109.562965
22039.233398	-126.088676
