-5.531013e-004  
4.460812e-004  
-2.899617e-004  
1.716502e-004  
-8.687226e-005  
-5.502068e-005  
3.309697e-004  
-4.129410e-004  
6.559095e-005  
1.940787e-004  
-1.533017e-004  
1.800380e-005  
1.817255e-005  
-5.436130e-005  
1.171678e-004  
-2.583861e-005  
-1.396969e-004  
-7.212511e-005  
4.622607e-004  
-5.770745e-004  
3.076872e-004  
-6.850882e-005  
7.185427e-005  
-1.377408e-004  
8.150679e-005  
-5.216664e-005  
-3.511133e-005  
2.739029e-004  
-4.796949e-004  
4.051551e-004  
-1.931489e-004  
1.837015e-004  
-3.637671e-004  
2.372265e-004  
1.938343e-004  
-3.212839e-004  
-2.368563e-005  
2.723454e-004  
-2.994284e-004  
3.622836e-004  
-3.962070e-004  
2.364469e-004  
-1.188059e-004  
7.822632e-005  
-1.148857e-004  
1.571717e-004  
-4.263595e-005  
-1.912806e-004  
3.015679e-004  
-2.823825e-004  
1.788498e-004  
-2.951659e-004  
4.591728e-004  
-3.883773e-004  
1.946616e-004  
-1.439194e-004  
2.195903e-004  
-1.626139e-004  
2.780426e-005  
-1.547092e-004  
2.474546e-004  
-1.550059e-004  
1.477913e-004  
-3.631313e-004  
3.116737e-004  
3.158362e-006  
-1.427401e-004  
-3.239841e-005  
-1.028285e-004  
5.451801e-004  
-7.217226e-004  
4.726734e-004  
-3.028690e-004  
3.562599e-004  
-4.121400e-004  
2.957424e-004  
-1.233647e-004  
5.110854e-005  
2.180028e-005  
-1.844084e-004  
9.629235e-005  
1.148444e-004  
-1.491224e-004  
-5.574222e-005  
2.144892e-004  
-8.814735e-005  
2.104789e-005  
-3.468646e-004  
4.536416e-004  
-2.191085e-004  
1.930073e-004  
-4.256181e-004  
4.888792e-004  
-3.669262e-004  
3.204346e-004  
-2.899170e-004  
1.182556e-004  
-5.912781e-005  
8.409470e-005  
1.822412e-005  
-2.456903e-004  
3.092661e-004  
-2.405811e-004  
1.256540e-004  
-3.068894e-005  
4.023779e-005  
-1.509381e-004  
2.024546e-004  
-3.445032e-005  
-1.841343e-004  
-1.736707e-005  
3.960357e-004  
-4.021877e-004  
1.583104e-004  
-1.538414e-004  
1.672166e-004  
-3.838426e-005  
-6.032357e-005  
6.289640e-005  
-1.587716e-004  
4.388115e-004  
-6.498581e-004  
4.634277e-004  
-1.861620e-004  
2.001110e-004  
-4.342669e-004  
4.967429e-004  
-3.486355e-004  
2.259035e-004  
-1.868363e-004  
1.660315e-005  
-2.884268e-005  
2.876641e-004  
-3.113721e-004  
1.013081e-005  
1.530173e-004  
-5.406071e-005  
-5.679368e-005  
-7.213862e-005  
3.262965e-004  
-4.838861e-004  
4.665577e-004  
-3.527150e-004  
2.750652e-004  
-3.088405e-004  
2.202524e-004  
-1.206659e-004  
1.151103e-004  
-1.014592e-004  
-5.304860e-005  
2.929764e-004  
-3.979154e-004  
2.523157e-004  
-1.945805e-004  
2.575584e-004  
-2.103783e-004  
1.396039e-004  
-2.443744e-004  
3.301632e-004  
-2.756119e-004  
4.444122e-004  
-7.686615e-004  
8.659363e-004  
-6.099939e-004  
2.242662e-004  
-1.136600e-004  
2.139495e-004  
-1.741161e-004  
-4.258170e-005  
1.314073e-004  
-1.498921e-004  
3.590324e-004  
-5.249283e-004  
2.531228e-004  
5.428941e-005  
5.058388e-005  
-3.265749e-004  
2.822565e-004  
-7.506082e-005  
5.213852e-005  
-1.857507e-004  
1.863399e-004  
-1.564408e-004  
2.645528e-004  
-3.485254e-004  
2.572207e-004  
-1.203252e-004  
3.425567e-005  
5.039503e-006  
-1.040580e-004  
2.413488e-004  
-3.559872e-004  
3.613393e-004  
-3.926456e-004  
4.102930e-004  
-4.192431e-004  
2.876712e-004  
-8.815242e-005  
8.557414e-005  
-2.186535e-004  
1.001779e-004  
1.598968e-004  
-2.190081e-004  
-1.062235e-005  
1.846309e-004  
-1.153966e-004  
9.779353e-006  
-7.175724e-006  
-1.146834e-004  
3.194678e-004  
-3.347291e-004  
1.645481e-004  
-3.130787e-004  
7.367600e-004  
-7.632963e-004  
3.171304e-004  
-1.084252e-004  
2.579314e-004  
-2.605579e-004  
4.801434e-005  
3.067078e-006  
2.824330e-005  
6.533315e-005  
-2.826108e-004  
3.033770e-004  
-1.246115e-004  
8.457270e-005  
-1.741038e-004  
1.844720e-004  
-1.724525e-004  
2.397615e-004  
-4.187864e-004  
4.168812e-004  
-2.401965e-004  
2.087667e-004  
-3.634847e-004  
3.284607e-004  
3.838859e-005  
-4.079541e-004  
4.987894e-004  
-4.763808e-004  
4.615684e-004  
-4.679969e-004  
3.713258e-004  
-2.635209e-004  
3.499333e-004  
-5.139764e-004  
3.969945e-004  
-3.035419e-005  
-1.855207e-004  
-6.180734e-005  
3.539932e-004  
-3.061052e-004  
8.504005e-005  
-8.261314e-005  
2.978840e-004  
-3.842034e-004  
2.953995e-004  
-3.288478e-004  
1.432876e-004  
2.325729e-004  
-2.702491e-004  
1.555062e-004  
-3.611349e-004  
7.013317e-004  
-6.301713e-004  
9.489508e-006  
4.697812e-004  
-3.054417e-004  
-2.115835e-004  
4.410057e-004  
-2.119092e-004  
8.761359e-006  
-1.794790e-004  
2.618850e-004  
-3.147145e-004  
4.031769e-004  
-3.066241e-004  
6.586849e-005  
2.153160e-004  
-4.353952e-004  
3.949922e-004  
-2.822839e-004  
3.519474e-004  
-2.415767e-004  
-2.288370e-005  
5.756557e-005  
5.444192e-005  
-1.675332e-004  
-1.145403e-005  
2.585572e-004  
-3.882432e-004  
3.447284e-004  
-1.985403e-004  
2.321836e-004  
-2.802387e-004  
-2.028269e-005  
1.672922e-004  
1.091073e-004  
-2.492881e-004  
1.591011e-004  
-2.610513e-004  
7.523428e-004  
-1.071927e-003  
7.137594e-004  
-3.851157e-004  
2.006288e-004  
2.255858e-005  
1.152410e-004  
-4.578191e-004  
4.307535e-004  
-3.399758e-004  
4.554249e-004  
-4.509872e-004  
2.030709e-004  
1.436369e-004  
-4.557155e-004  
2.306056e-004  
1.022504e-004  
2.791616e-004  
-7.594848e-004  
7.605471e-004  
-7.676665e-004  
6.521669e-004  
-3.482300e-004  
3.061010e-004  
-5.219924e-004  
3.248228e-004  
-9.410142e-005  
1.639979e-005  
3.883594e-004  
-4.262761e-004  
1.744903e-004  
-9.370886e-005  
-1.223891e-004  
-1.598167e-005  
2.391197e-004  
-2.325112e-004  
1.718636e-004  
5.285784e-005  
-2.985237e-004  
4.168604e-004  
-1.102294e-004  
-5.732921e-004  
8.237537e-004  
-6.387499e-004  
4.877829e-004  
-6.659324e-004  
7.675432e-004  
-9.780226e-006  
-9.468918e-004  
8.081224e-004  
-3.937382e-005  
-4.591545e-004  
4.841885e-004  
-4.388407e-004  
4.907092e-004  
-3.165420e-004  
-2.251096e-004  
6.383040e-004  
-6.035633e-004  
8.018415e-005  
7.864829e-004  
-1.143317e-003  
3.043240e-004  
2.404342e-004  
3.541288e-004  
-7.361021e-004  
2.011214e-004  
5.577916e-004  
-5.833548e-004  
-1.788008e-005  
3.143374e-004  
1.445354e-006  
-3.311773e-004  
2.545305e-006  
3.340078e-004  
-4.688471e-004  
6.318045e-004  
-8.774252e-004  
9.518703e-004  
-4.607356e-004  
-4.445946e-005  
-2.927477e-005  
2.473282e-004  
-3.384758e-004  
2.248210e-004  
4.702511e-004  
-1.089757e-003  
7.277414e-004  
-2.480564e-004  
2.288195e-004  
-1.842063e-004  
2.396976e-004  
-6.144732e-004  
5.380536e-004  
-4.588492e-004  
9.237863e-004  
-1.082127e-003  
4.399189e-004  
7.437253e-004  
-1.652500e-003  
1.175749e-003  
-2.547321e-004  
2.807096e-004  
-7.093377e-004  
9.574008e-004  
-1.432878e-003  
1.766978e-003  
-6.075366e-004  
-1.104025e-003  
9.003142e-004  
-5.901605e-005  
3.890134e-005  
9.206310e-005  
-8.959770e-004  
2.906799e-003  
-3.444672e-003  
1.021385e-003  
-1.615286e-004  
1.352306e-003  
-1.188027e-003  
-1.864480e-004  
4.182924e-004  
2.879146e-004  
-3.582672e-004  
-2.973985e-004  
8.613939e-004  
-7.478941e-004  
3.563130e-004  
-2.364626e-004  
7.254831e-004  
-1.622706e-003  
2.105957e-003  
-2.415744e-003  
2.282869e-003  
-1.330080e-003  
6.560946e-004  
-5.855009e-004  
-8.394121e-005  
9.568206e-004  
-9.551824e-004  
4.882818e-004  
-8.036999e-005  
9.207908e-005  
-7.614169e-004  
1.188276e-003  
-6.672301e-004  
-1.963931e-004  
1.940743e-004  
-3.658445e-005  
3.419948e-004  
-5.327197e-004  
9.818503e-004  
-1.428104e-003  
9.211795e-004  
-2.958812e-006  
-1.493067e-004  
-6.073649e-005  
3.407197e-005  
-5.356370e-004  
9.515670e-004  
-1.070099e-003  
1.500565e-003  
-1.374063e-003  
5.031177e-004  
-1.970619e-004  
4.723452e-004  
-5.595519e-004  
7.133905e-004  
-9.354965e-004  
1.054833e-003  
-1.037949e-003  
6.682713e-004  
-6.039474e-004  
4.703834e-004  
1.633591e-004  
-7.780541e-004  
6.410009e-004  
3.548870e-004  
-7.533468e-004  
7.335699e-004  
-9.779562e-004  
4.316208e-004  
4.960356e-004  
-3.918658e-004  
-2.496032e-004  
4.435560e-004  
-6.053358e-004  
7.718971e-004  
-1.053847e-003  
1.195413e-003  
-5.751789e-004  
-2.684621e-004  
6.485549e-004  
-7.567725e-004  
7.554683e-004  
-4.527535e-004  
6.366466e-005  
3.124608e-005  
-3.421461e-004  
4.853159e-004  
-2.895438e-004  
7.905860e-004  
-1.413130e-003  
9.629051e-004  
-9.710691e-005  
-5.496449e-004  
7.170952e-004  
-5.050334e-004  
4.139220e-004  
-4.350580e-004  
5.557140e-004  
-5.408512e-004  
2.796203e-004  
-3.804628e-004  
5.731097e-004  
-6.520144e-004  
5.794514e-004  
-4.193343e-004  
2.309090e-004  
2.503625e-004  
-4.698898e-004  
-3.069052e-004  
7.958552e-004  
-1.560420e-004  
-3.424131e-004  
5.060303e-005  
2.069397e-005  
5.690163e-004  
-1.062764e-003  
7.471167e-004  
-2.318985e-004  
3.125207e-004  
-5.820920e-004  
3.769200e-004  
-4.333263e-004  
9.833926e-004  
-1.093483e-003  
6.404289e-004  
-2.232763e-004  
-3.766066e-005  
6.798771e-006  
1.803345e-004  
-1.545160e-004  
5.585767e-005  
-3.804817e-006  
-4.316041e-004  
6.285749e-004  
-3.202487e-004  
2.983882e-004  
-7.817532e-004  
7.955297e-004  
-1.626220e-004  
-1.746653e-004  
-7.758613e-005  
1.754498e-004  
-3.459120e-005  
2.319852e-004  
-5.451639e-004  
5.380852e-004  
-2.997443e-004  
-1.021046e-004  
7.710810e-005  
2.451570e-004  
-3.029097e-004  
-5.602196e-007  
1.542338e-004  
-6.877612e-005  
1.407481e-004  
-2.714201e-004  
1.610355e-004  
1.141999e-005  
-5.128610e-005  
-7.710485e-005  
1.179872e-004  
1.385827e-005  
-3.061588e-004  
2.790317e-004  
3.479727e-005  
-2.675377e-004  
2.481721e-004  
-6.278072e-005  
-1.784229e-004  
3.413991e-004  
-2.495612e-004  
-9.103683e-005  
1.766846e-004  
1.098085e-004  
-5.734888e-004  
7.244790e-004  
-8.731143e-004  
1.059075e-003  
-9.418000e-004  
6.369549e-004  
-2.595645e-004  
1.622728e-005  
1.294478e-004  
-5.283734e-004  
5.202846e-004  
-1.586232e-004  
1.937958e-004  
-4.279935e-004  
3.718677e-004  
2.134980e-005  
-4.208562e-004  
-5.763388e-005  
7.870103e-004  
-2.710809e-004  
-4.239171e-004  
2.254582e-005  
5.015213e-004  
-7.762321e-004  
3.901420e-004  
4.545675e-004  
-5.607138e-004  
2.208703e-004  
-5.076245e-004  
6.870986e-004  
-7.780701e-004  
1.015830e-003  
-9.264828e-004  
9.179334e-004  
-8.704161e-004  
-1.942302e-006  
6.353208e-004  
-4.073381e-004  
1.841362e-004  
-1.522389e-004  
-1.998491e-005  
2.012777e-005  
-2.385594e-005  
6.609420e-004  
-1.726443e-003  
1.441543e-003  
-2.271385e-005  
-7.646359e-004  
6.740833e-004  
-4.591583e-005  
-5.974710e-004  
-1.509306e-004  
1.314075e-003  
-8.683309e-004  
-2.776156e-004  
4.475664e-004  
3.196028e-004  
-1.050693e-003  
9.294642e-004  
-4.609640e-004  
-2.560616e-004  
8.181352e-004  
-8.819915e-004  
3.152588e-004  
3.076365e-004  
-8.019180e-004  
1.025644e-003  
-4.473454e-005  
-1.735506e-003  
2.967249e-003  
-3.362474e-003  
2.708113e-003  
-1.429207e-003  
2.378786e-004  
2.806228e-004  
1.781590e-005  
3.045828e-004  
-1.229876e-003  
2.312858e-004  
9.852011e-004  
-9.585273e-004  
1.171609e-003  
-2.276634e-003  
4.034696e-003  
-3.255992e-003  
-4.357049e-004  
2.040643e-003  
-1.498212e-003  
2.021320e-003  
-3.175004e-003  
3.244834e-003  
-2.521382e-003  
1.141514e-003  
-1.015158e-003  
2.098581e-003  
-1.446928e-003  
-5.960925e-004  
7.008681e-004  
2.415128e-004  
-5.540173e-004  
2.085771e-003  
-3.195056e-003  
1.837909e-003  
-8.182751e-004  
1.343837e-004  
1.137427e-003  
-2.246691e-003  
2.435412e-003  
-1.025503e-003  
-1.120288e-003  
1.900454e-003  
-1.586455e-003  
1.053080e-003  
7.887959e-005  
-9.169113e-004  
-6.611727e-005  
9.076158e-004  
-1.041164e-003  
6.694685e-004  
-1.164324e-004  
1.834998e-004  
-2.059550e-004  
-7.851623e-004  
2.469690e-003  
-2.884278e-003  
8.228963e-004  
5.462173e-004  
-7.875386e-005  
-3.816013e-004  
1.429706e-003  
-2.629683e-003  
2.218916e-003  
-1.269257e-003  
-6.060344e-004  
1.764793e-003  
-2.800671e-004  
-3.934200e-004  
-1.774138e-003  
4.086220e-003  
-4.993164e-003  
4.414043e-003  
-2.192833e-003  
-2.852948e-004  
7.360571e-004  
-9.535765e-005  
-1.253843e-003  
2.128595e-003  
-1.308736e-004  
-2.239287e-003  
2.223978e-003  
-3.046867e-003  
4.617961e-003  
-2.763311e-003  
-5.840113e-004  
6.247034e-004  
1.256150e-003  
-2.680353e-003  
1.514661e-003  
1.972055e-003  
-3.493599e-003  
2.288961e-003  
-5.926366e-004  
-2.694267e-003  
5.146723e-003  
-3.733599e-003  
6.374618e-004  
1.545185e-003  
-8.691576e-004  
-1.550463e-003  
1.658842e-004  
1.111635e-003  
1.343404e-003  
-2.311378e-003  
7.736331e-004  
1.154975e-003  
-2.600314e-003  
1.976674e-003  
-9.032241e-004  
-1.908233e-003  
5.560325e-003  
-3.767993e-003  
-2.212826e-004  
-1.470663e-004  
6.287061e-004  
1.949780e-003  
-4.145919e-003  
3.931894e-003  
-2.503484e-003  
3.123447e-004  
1.547526e-003  
-1.234494e-003  
-2.639184e-003  
3.931818e-003  
-3.090592e-004  
-2.789616e-003  
1.404090e-003  
2.126009e-003  
-1.988096e-003  
9.403269e-004  
-3.482387e-003  
3.754418e-003  
5.012613e-004  
-4.734023e-003  
5.371312e-003  
-5.040191e-003  
3.119409e-003  
3.889853e-004  
1.083058e-003  
-4.686191e-003  
3.095144e-003  
1.199244e-003  
-3.148407e-003  
2.047686e-004  
2.992411e-003  
-4.947633e-003  
6.844060e-003  
-6.785701e-003  
4.750503e-003  
-1.943406e-004  
-6.462637e-003  
7.997293e-003  
-5.099060e-003  
1.787094e-003  
-7.137993e-004  
2.987126e-003  
-3.946390e-003  
2.942169e-003  
-6.209568e-004  
-3.896896e-003  
5.590891e-003  
-3.613192e-003  
-1.008017e-003  
4.946134e-003  
-2.587846e-003  
-4.661579e-003  
5.485587e-003  
-6.703886e-004  
-1.673329e-003  
1.113427e-003  
7.456752e-004  
-5.414314e-004  
-4.313809e-003  
4.843180e-003  
-1.526422e-003  
3.285907e-004  
-2.432607e-004  
-8.240691e-006  
-3.061979e-004  
-1.114442e-003  
3.160371e-003  
-1.557236e-003  
-2.997388e-003  
3.485344e-003  
-2.962780e-003  
6.067135e-003  
-8.039400e-003  
5.125729e-003  
-2.732942e-003  
1.022885e-003  
1.082938e-004  
-8.490895e-004  
2.238422e-004  
-8.793600e-004  
4.364971e-003  
-7.280712e-003  
6.167383e-003  
-2.483619e-003  
-7.300953e-004  
6.661350e-004  
-1.151805e-003  
1.106637e-003  
-1.215462e-003  
2.272057e-003  
-3.924098e-003  
2.688729e-003  
-2.028577e-004  
-2.730973e-004  
-2.803509e-004  
-1.501081e-003  
4.071141e-003  
-5.107319e-003  
1.912505e-003  
-1.679546e-003  
4.091087e-003  
-2.604067e-003  
-6.159400e-003  
1.161204e-002  
-1.213114e-002  
8.777945e-003  
-3.288119e-003  
-1.526495e-003  
1.742257e-003  
-1.344215e-003  
1.982167e-003  
-5.315983e-003  
4.730409e-003  
-5.328976e-003  
7.225032e-003  
-9.866996e-003  
7.065043e-003  
-1.765054e-003  
6.439531e-005  
-6.429580e-003  
7.057517e-003  
-4.917570e-003  
9.936048e-004  
-1.821414e-003  
2.350055e-003  
-6.713520e-003  
3.931500e-003  
-7.091728e-004  
-3.767430e-003  
2.319094e-003  
-6.174021e-003  
7.254273e-003  
-1.068310e-002  
6.190502e-003  
-7.502035e-003  
1.281220e-003  
-3.740583e-003  
-3.105081e-003  
-1.032777e-003  
-7.479542e-003  
3.129186e-005  
-7.017976e-003  
-9.790466e-003  
2.595242e-004  
-1.342148e-002  
-7.191826e-003  
-2.086621e-002  
-1.921984e-002  
-2.346008e-002  
-4.155728e-002  
-4.728954e-002  
-9.271766e-002  
-1.231024e-001  
-1.876976e-001  
3.950046e-001  
-3.773863e+001  
1.700153e+002  
-2.308744e+002  
1.100796e+002  
-1.188761e+001  
9.596727e-002  
1.637360e-001  
1.116509e-001  
7.118909e-002  
4.127341e-002  
4.185653e-002  
1.244892e-002  
2.561785e-002  
7.037510e-003  
1.947496e-002  
-1.396981e-003  
8.798126e-003  
1.157727e-002  
2.121329e-004  
4.547175e-003  
2.350890e-003  
4.128589e-003  
5.032827e-003  
-4.125970e-003  
8.788671e-003  
-2.392339e-003  
4.565982e-003  
-6.244581e-003  
9.548018e-003  
-3.769740e-003  
1.653565e-003  
4.444682e-003  
-3.136193e-003  
5.435189e-003  
6.824343e-004  
-5.537777e-003  
4.174714e-003  
4.735705e-003  
-7.749940e-003  
7.696695e-003  
-5.104685e-003  
1.203973e-003  
6.727940e-003  
-1.226462e-003  
-9.619268e-003  
1.577828e-002  
-1.450852e-002  
7.000075e-003  
2.015657e-003  
-3.279042e-003  
5.471449e-003  
-6.016185e-003  
5.431682e-003  
-4.076486e-003  
2.795993e-003  
-3.798399e-004  
-1.154352e-003  
4.502852e-005  
6.226953e-003  
-7.148586e-003  
4.266601e-003  
-2.450897e-003  
8.120341e-005  
-9.039091e-004  
9.266110e-003  
-1.118655e-002  
3.499177e-003  
4.414748e-003  
-7.496685e-003  
3.483108e-003  
2.020170e-003  
2.705766e-003  
-8.075081e-003  
6.918138e-003  
-4.180836e-003  
3.404669e-003  
-2.242404e-004  
-3.939384e-003  
4.281722e-003  
1.603549e-004  
-7.683784e-004  
-2.650960e-003  
1.906677e-003  
4.064018e-003  
-5.318509e-003  
1.977909e-003  
9.376660e-004  
3.069438e-004  
-7.489189e-004  
-1.221236e-003  
1.286245e-003  
4.785233e-004  
-3.701063e-003  
5.769130e-003  
-2.582271e-003  
-8.594622e-004  
4.449269e-004  
