Frequency (Hz)	Level (dB)
10.766602	-90.362892
21.533203	-90.378395
32.299805	-90.321892
43.066406	-90.430267
53.833008	-90.374916
64.599609	-90.364578
75.366211	-90.367134
86.132813	-90.395020
96.899414	-90.351685
107.666016	-90.321716
118.432617	-90.444946
129.199219	-90.355576
139.965820	-90.355698
150.732422	-90.397987
161.499023	-90.396248
172.265625	-90.385262
183.032227	-90.341202
193.798828	-90.363487
204.565430	-90.412697
215.332031	-90.362015
226.098633	-90.365898
236.865234	-90.357986
247.631836	-90.382973
258.398438	-90.359642
269.165039	-90.389481
279.931641	-90.370850
290.698242	-90.393051
301.464844	-90.343155
312.231445	-90.370041
322.998047	-90.402145
333.764648	-90.357933
344.531250	-90.377953
355.297852	-90.383522
366.064453	-90.309044
376.831055	-90.432457
387.597656	-90.377792
398.364258	-90.324890
409.130859	-90.403847
419.897461	-90.367188
430.664063	-90.340195
441.430664	-90.384682
452.197266	-90.377457
462.963867	-90.381523
473.730469	-90.330887
484.497070	-90.386818
495.263672	-90.489883
506.030273	-90.253845
516.796875	-90.348122
527.563477	-90.426140
538.330078	-90.368027
549.096680	-90.338440
559.863281	-90.389000
570.629883	-90.396484
581.396484	-90.327263
592.163086	-90.323982
602.929688	-90.448448
613.696289	-90.355675
624.462891	-90.306068
635.229492	-90.402672
645.996094	-90.379311
656.762695	-90.352341
667.529297	-90.351517
678.295898	-90.334213
689.062500	-90.410782
699.829102	-90.366348
710.595703	-90.331726
721.362305	-90.415764
732.128906	-90.294121
742.895508	-90.388588
753.662109	-90.372185
764.428711	-90.348724
775.195313	-90.387230
785.961914	-90.342964
796.728516	-90.301376
807.495117	-90.412704
818.261719	-90.347206
829.028320	-90.403160
839.794922	-90.319336
850.561523	-90.312042
861.328125	-90.383240
872.094727	-90.370949
882.861328	-90.322227
893.627930	-90.364769
904.394531	-90.371460
915.161133	-90.358940
925.927734	-90.329353
936.694336	-90.377754
947.460938	-90.347809
958.227539	-90.318848
968.994141	-90.370316
979.760742	-90.366119
990.527344	-90.366989
1001.293945	-90.268181
1012.060547	-90.391815
1022.827148	-90.338089
1033.593750	-90.394104
1044.360352	-90.314232
1055.126953	-90.376839
1065.893555	-90.296364
1076.660156	-90.387383
1087.426758	-90.326073
1098.193359	-90.364227
1108.959961	-90.379570
1119.726563	-90.284966
1130.493164	-90.321945
1141.259766	-90.390579
1152.026367	-90.351105
1162.792969	-90.303406
1173.559570	-90.355469
1184.326172	-90.354141
1195.092773	-90.319069
1205.859375	-90.313683
1216.625977	-90.359619
1227.392578	-90.360878
1238.159180	-90.321426
1248.925781	-90.323936
1259.692383	-90.356773
1270.458984	-90.350716
1281.225586	-90.309174
1291.992188	-90.307907
1302.758789	-90.382484
1313.525391	-90.324631
1324.291992	-90.302567
1335.058594	-90.339005
1345.825195	-90.325981
1356.591797	-90.321182
1367.358398	-90.399940
1378.125000	-90.248352
1388.891602	-90.340370
1399.658203	-90.334038
1410.424805	-90.330223
1421.191406	-90.316338
1431.958008	-90.322655
1442.724609	-90.339149
1453.491211	-90.311241
1464.257813	-90.274170
1475.024414	-90.397354
1485.791016	-90.334175
1496.557617	-90.189728
1507.324219	-90.385109
1518.090820	-90.361916
1528.857422	-90.288460
1539.624023	-90.296013
1550.390625	-90.357666
1561.157227	-90.291344
1571.923828	-90.291878
1582.690430	-90.328392
1593.457031	-90.412743
1604.223633	-90.181694
1614.990234	-90.294342
1625.756836	-90.389381
1636.523438	-90.271523
1647.290039	-90.283867
1658.056641	-90.328293
1668.823242	-90.293587
1679.589844	-90.328575
1690.356445	-90.240044
1701.123047	-90.367760
1711.889648	-90.274155
1722.656250	-90.279190
1733.422852	-90.325890
1744.189453	-90.294655
1754.956055	-90.296104
1765.722656	-90.284882
1776.489258	-90.311615
1787.255859	-90.270172
1798.022461	-90.340958
1808.789063	-90.263969
1819.555664	-90.301636
1830.322266	-90.246788
1841.088867	-90.317818
1851.855469	-90.310616
1862.622070	-90.283081
1873.388672	-90.284737
1884.155273	-90.328896
1894.921875	-90.219498
1905.688477	-90.315628
1916.455078	-90.278671
1927.221680	-90.303017
1937.988281	-90.265289
1948.754883	-90.218063
1959.521484	-90.334778
1970.288086	-90.305611
1981.054688	-90.186569
1991.821289	-90.329437
2002.587891	-90.294426
2013.354492	-90.265083
2024.121094	-90.263046
2034.887695	-90.259285
2045.654297	-90.288521
2056.420898	-90.227631
2067.187500	-90.318779
2077.954102	-90.293228
2088.720703	-90.258575
2099.487305	-90.212662
2110.253906	-90.257729
2121.020508	-90.295624
2131.787109	-90.294342
2142.553711	-90.178810
2153.320313	-90.298584
2164.086914	-90.270370
2174.853516	-90.230484
2185.620117	-90.257637
2196.386719	-90.275848
2207.153320	-90.274841
2217.919922	-90.210983
2228.686523	-90.256241
2239.453125	-90.278297
2250.219727	-90.222488
2260.986328	-90.196518
2271.752930	-90.298264
2282.519531	-90.218681
2293.286133	-90.275406
2304.052734	-90.213234
2314.819336	-90.227478
2325.585938	-90.254326
2336.352539	-90.238518
2347.119141	-90.241776
2357.885742	-90.250420
2368.652344	-90.203102
2379.418945	-90.241623
2390.185547	-90.231110
2400.952148	-90.242004
2411.718750	-90.238068
2422.485352	-90.188499
2433.251953	-90.246407
2444.018555	-90.214996
2454.785156	-90.232033
2465.551758	-90.270668
2476.318359	-90.136505
2487.084961	-90.251328
2497.851563	-90.268173
2508.618164	-90.196167
2519.384766	-90.187248
2530.151367	-90.215302
2540.917969	-90.259651
2551.684570	-90.166008
2562.451172	-90.187912
2573.217773	-90.283867
2583.984375	-90.192841
2594.750977	-90.081856
2605.517578	-90.314987
2616.284180	-90.217171
2627.050781	-90.144402
2637.817383	-90.212341
2648.583984	-90.213264
2659.350586	-90.189774
2670.117188	-90.154060
2680.883789	-90.227234
2691.650391	-90.240135
2702.416992	-90.117020
2713.183594	-90.179367
2723.950195	-90.240501
2734.716797	-90.158401
2745.483398	-90.207970
2756.250000	-90.173119
2767.016602	-90.158424
2777.783203	-90.221642
2788.549805	-90.166550
2799.316406	-90.146484
2810.083008	-90.221222
2820.849609	-90.129211
2831.616211	-90.212448
2842.382813	-90.168587
2853.149414	-90.149559
2863.916016	-90.168877
2874.682617	-90.156288
2885.449219	-90.146263
2896.215820	-90.211746
2906.982422	-90.113953
2917.749023	-90.164276
2928.515625	-90.138176
2939.282227	-90.198189
2950.048828	-90.161171
2960.815430	-90.124352
2971.582031	-90.152954
2982.348633	-90.163071
2993.115234	-90.163551
3003.881836	-90.089920
3014.648438	-90.189774
3025.415039	-90.135406
3036.181641	-90.118233
3046.948242	-90.150223
3057.714844	-90.186920
3068.481445	-90.100128
3079.248047	-90.117691
3090.014648	-90.143478
3100.781250	-90.153618
3111.547852	-90.142250
3122.314453	-90.110947
3133.081055	-90.098549
3143.847656	-90.169731
3154.614258	-90.095123
3165.380859	-90.129982
3176.147461	-90.113411
3186.914063	-90.143036
3197.680664	-90.086227
3208.447266	-90.094826
3219.213867	-90.149864
3229.980469	-90.113243
3240.747070	-90.067406
3251.513672	-90.141083
3262.280273	-90.106949
3273.046875	-90.107826
3283.813477	-90.098755
3294.580078	-90.062622
3305.346680	-90.164513
3316.113281	-90.055222
3326.879883	-90.101357
3337.646484	-90.090965
3348.413086	-90.095039
3359.179688	-90.050873
3369.946289	-90.122559
3380.712891	-90.089706
3391.479492	-90.110703
3402.246094	-90.026909
3413.012695	-90.092422
3423.779297	-90.110100
3434.545898	-90.050194
3445.312500	-90.079742
3456.079102	-90.100037
3466.845703	-90.025696
3477.612305	-90.097176
3488.378906	-90.065697
3499.145508	-90.056831
3509.912109	-90.069420
3520.678711	-90.045929
3531.445313	-90.076881
3542.211914	-90.033676
3552.978516	-90.064682
3563.745117	-90.085793
3574.511719	-89.981270
3585.278320	-90.061539
3596.044922	-90.161285
3606.811523	-89.957077
3617.578125	-90.022148
3628.344727	-90.070381
3639.111328	-90.041855
3649.877930	-90.003014
3660.644531	-90.047569
3671.411133	-90.074158
3682.177734	-90.006905
3692.944336	-89.943306
3703.710938	-90.133766
3714.477539	-90.030266
3725.244141	-89.972443
3736.010742	-90.028999
3746.777344	-90.025414
3757.543945	-90.011795
3768.310547	-90.015305
3779.077148	-89.991440
3789.843750	-90.039818
3800.610352	-89.992935
3811.376953	-89.993111
3822.143555	-90.037155
3832.910156	-89.967094
3843.676758	-90.016289
3854.443359	-89.980347
3865.209961	-90.004677
3875.976563	-90.013100
3886.743164	-89.973625
3897.509766	-89.963913
3908.276367	-90.024200
3919.042969	-89.963158
3929.809570	-90.029068
3940.576172	-89.935753
3951.342773	-89.966576
3962.109375	-89.992668
3972.875977	-89.977898
3983.642578	-89.934219
3994.409180	-89.998024
4005.175781	-89.967102
4015.942383	-89.956047
4026.708984	-89.940468
4037.475586	-90.005142
4048.242188	-89.967705
4059.008789	-89.884422
4069.775391	-89.975533
4080.541992	-89.990540
4091.308594	-89.936378
4102.075195	-89.902016
4112.841797	-89.971161
4123.608398	-89.934227
4134.375000	-89.953278
4145.141602	-89.923508
4155.908203	-89.967972
4166.674805	-89.892761
4177.441406	-89.924477
4188.208008	-89.908440
4198.974609	-89.971512
4209.741211	-89.928947
4220.507813	-89.884087
4231.274414	-89.903458
4242.041016	-89.961662
4252.807617	-89.899780
4263.574219	-89.901840
4274.340820	-89.903946
4285.107422	-89.915009
4295.874023	-89.897209
4306.640625	-89.868660
4317.407227	-89.938721
4328.173828	-89.899551
4338.940430	-89.852127
4349.707031	-89.917984
4360.473633	-89.910110
4371.240234	-89.868965
4382.006836	-89.892906
4392.773438	-89.819504
4403.540039	-89.937805
4414.306641	-89.877548
4425.073242	-89.844559
4435.839844	-89.882584
4446.606445	-89.874855
4457.373047	-89.839272
4468.139648	-89.896118
4478.906250	-89.847359
4489.672852	-89.885521
4500.439453	-89.813278
4511.206055	-89.865318
4521.972656	-89.873947
4532.739258	-89.830322
4543.505859	-89.851845
4554.272461	-89.861565
4565.039063	-89.785439
4575.805664	-89.904900
4586.572266	-89.825775
4597.338867	-89.754517
4608.105469	-89.892578
4618.872070	-89.822372
4629.638672	-89.822319
4640.405273	-89.790894
4651.171875	-89.862617
4661.938477	-89.820099
4672.705078	-89.759018
4683.471680	-89.831284
4694.238281	-89.925987
4705.004883	-89.669022
4715.771484	-89.807480
4726.538086	-89.839218
4737.304688	-89.800827
4748.071289	-89.779404
4758.837891	-89.799767
4769.604492	-89.797798
4780.371094	-89.798363
4791.137695	-89.739113
4801.904297	-89.833199
4812.670898	-89.783882
4823.437500	-89.728432
4834.204102	-89.795784
4844.970703	-89.764977
4855.737305	-89.780540
4866.503906	-89.755753
4877.270508	-89.726082
4888.037109	-89.804710
4898.803711	-89.747978
4909.570313	-89.751183
4920.336914	-89.733269
4931.103516	-89.755020
4941.870117	-89.724991
4952.636719	-89.785080
4963.403320	-89.697960
4974.169922	-89.786224
4984.936523	-89.718781
4995.703125	-89.691566
5006.469727	-89.761368
5017.236328	-89.714081
5028.002930	-89.750870
5038.769531	-89.669426
5049.536133	-89.733147
5060.302734	-89.738586
5071.069336	-89.692322
5081.835938	-89.695450
5092.602539	-89.739944
5103.369141	-89.693214
5114.135742	-89.667900
5124.902344	-89.737503
5135.668945	-89.709465
5146.435547	-89.644264
5157.202148	-89.649605
5167.968750	-89.732903
5178.735352	-89.712456
5189.501953	-89.666214
5200.268555	-89.634834
5211.035156	-89.666595
5221.801758	-89.705376
5232.568359	-89.682091
5243.334961	-89.649361
5254.101563	-89.669708
5264.868164	-89.629486
5275.634766	-89.668686
5286.401367	-89.612671
5297.167969	-89.687157
5307.934570	-89.722771
5318.701172	-89.566566
5329.467773	-89.635277
5340.234375	-89.677948
5351.000977	-89.599426
5361.767578	-89.642944
5372.534180	-89.618927
5383.300781	-89.635170
5394.067383	-89.652992
5404.833984	-89.586983
5415.600586	-89.599716
5426.367188	-89.633530
5437.133789	-89.610718
5447.900391	-89.623604
5458.666992	-89.586601
5469.433594	-89.540649
5480.200195	-89.661270
5490.966797	-89.550758
5501.733398	-89.651299
5512.500000	-89.593948
5523.266602	-89.540627
5534.033203	-89.601707
5544.799805	-89.571266
5555.566406	-89.555885
5566.333008	-89.612152
5577.099609	-89.501213
5587.866211	-89.573448
5598.632813	-89.602715
5609.399414	-89.528770
5620.166016	-89.593414
5630.932617	-89.499588
5641.699219	-89.562675
5652.465820	-89.558800
5663.232422	-89.489052
5673.999023	-89.661926
5684.765625	-89.499641
5695.532227	-89.425995
5706.298828	-89.646828
5717.065430	-89.468376
5727.832031	-89.516212
5738.598633	-89.543839
5749.365234	-89.570114
5760.131836	-89.458626
5770.898438	-89.509369
5781.665039	-89.443222
5792.431641	-89.602913
5803.198242	-89.487381
5813.964844	-89.419357
5824.731445	-89.503746
5835.498047	-89.523346
5846.264648	-89.493141
5857.031250	-89.450706
5867.797852	-89.486130
5878.564453	-89.523834
5889.331055	-89.442505
5900.097656	-89.469551
5910.864258	-89.434441
5921.630859	-89.488861
5932.397461	-89.457130
5943.164063	-89.442497
5953.930664	-89.471123
5964.697266	-89.441391
5975.463867	-89.397141
5986.230469	-89.474907
5996.997070	-89.393097
6007.763672	-89.433365
6018.530273	-89.481888
6029.296875	-89.334442
6040.063477	-89.504265
6050.830078	-89.399757
6061.596680	-89.375793
6072.363281	-89.447540
6083.129883	-89.414146
6093.896484	-89.357323
6104.663086	-89.439247
6115.429688	-89.355896
6126.196289	-89.456772
6136.962891	-89.320236
6147.729492	-89.408974
6158.496094	-89.451790
6169.262695	-89.290749
6180.029297	-89.421082
6190.795898	-89.341072
6201.562500	-89.413719
6212.329102	-89.351807
6223.095703	-89.335075
6233.862305	-89.346512
6244.628906	-89.417549
6255.395508	-89.247002
6266.162109	-89.426544
6276.928711	-89.311905
6287.695313	-89.335648
6298.461914	-89.353752
6309.228516	-89.233749
6319.995117	-89.478020
6330.761719	-89.273788
6341.528320	-89.246933
6352.294922	-89.393188
6363.061523	-89.246147
6373.828125	-89.360306
6384.594727	-89.281090
6395.361328	-89.267479
6406.127930	-89.335129
6416.894531	-89.252220
6427.661133	-89.280418
6438.427734	-89.256752
6449.194336	-89.399368
6459.960938	-89.200897
6470.727539	-89.234016
6481.494141	-89.265053
6492.260742	-89.324074
6503.027344	-89.242096
6513.793945	-89.194115
6524.560547	-89.390457
6535.327148	-89.165680
6546.093750	-89.283310
6556.860352	-89.174271
6567.626953	-89.280991
6578.393555	-89.172745
6589.160156	-89.301537
6599.926758	-89.259781
6610.693359	-89.207588
6621.459961	-89.123131
6632.226563	-89.258247
6642.993164	-89.246719
6653.759766	-89.274406
6664.526367	-89.141273
6675.292969	-89.253258
6686.059570	-89.071548
6696.826172	-89.259407
6707.592773	-89.201523
6718.359375	-89.158066
6729.125977	-89.174225
6739.892578	-89.206581
6750.659180	-89.168892
6761.425781	-89.120461
6772.192383	-89.208801
6782.958984	-89.122711
6793.725586	-89.180962
6804.492188	-89.183823
6815.258789	-89.088966
6826.025391	-89.198006
6836.791992	-89.105782
6847.558594	-89.164413
6858.325195	-89.128975
6869.091797	-89.132492
6879.858398	-89.065178
6890.625000	-89.241768
6901.391602	-89.014046
6912.158203	-89.079224
6922.924805	-89.119537
6933.691406	-89.196304
6944.458008	-88.979187
6955.224609	-89.193054
6965.991211	-88.962570
6976.757813	-89.123253
6987.524414	-89.122078
6998.291016	-89.016296
7009.057617	-89.088715
7019.824219	-89.081078
7030.590820	-89.114624
7041.357422	-88.910156
7052.124023	-89.274536
7062.890625	-88.887886
7073.657227	-89.160667
7084.423828	-88.915207
7095.190430	-89.129189
7105.957031	-88.942451
7116.723633	-89.041275
7127.490234	-89.066879
7138.256836	-88.931152
7149.023438	-89.085472
7159.790039	-88.918236
7170.556641	-89.155876
7181.323242	-88.902939
7192.089844	-89.018028
7202.856445	-89.001534
7213.623047	-88.944305
7224.389648	-88.934097
7235.156250	-89.013008
7245.922852	-89.002357
7256.689453	-88.998520
7267.456055	-88.916588
7278.222656	-88.917694
7288.989258	-89.011696
7299.755859	-88.944229
7310.522461	-88.877792
7321.289063	-89.003494
7332.055664	-88.850700
7342.822266	-88.894936
7353.588867	-89.022949
7364.355469	-88.972794
7375.122070	-88.758873
7385.888672	-89.096367
7396.655273	-88.776237
7407.421875	-88.889305
7418.188477	-88.979477
7428.955078	-88.786041
7439.721680	-88.936668
7450.488281	-88.948402
7461.254883	-88.885468
7472.021484	-88.878189
7482.788086	-88.815643
7493.554688	-88.857101
7504.321289	-88.889038
7515.087891	-88.892937
7525.854492	-88.815331
7536.621094	-88.889900
7547.387695	-88.850525
7558.154297	-88.724632
7568.920898	-88.933723
7579.687500	-88.927986
7590.454102	-88.725990
7601.220703	-88.810158
7611.987305	-88.894806
7622.753906	-88.803970
7633.520508	-88.753632
7644.287109	-88.791580
7655.053711	-88.969833
7665.820313	-88.549438
7676.586914	-88.969398
7687.353516	-88.759293
7698.120117	-88.792770
7708.886719	-88.737610
7719.653320	-88.747726
7730.419922	-88.902763
7741.186523	-88.604362
7751.953125	-88.800537
7762.719727	-88.826485
7773.486328	-88.697357
7784.252930	-88.732895
7795.019531	-88.725044
7805.786133	-88.762466
7816.552734	-88.668900
7827.319336	-88.727280
7838.085938	-88.759933
7848.852539	-88.741272
7859.619141	-88.593155
7870.385742	-88.784760
7881.152344	-88.755241
7891.918945	-88.542076
7902.685547	-88.810516
7913.452148	-88.682999
7924.218750	-88.675323
7934.985352	-88.572510
7945.751953	-88.704285
7956.518555	-88.725861
7967.285156	-88.683487
7978.051758	-88.526192
7988.818359	-88.670509
7999.584961	-88.700996
8010.351563	-88.602226
8021.118164	-88.639465
8031.884766	-88.553307
8042.651367	-88.702774
8053.417969	-88.611626
8064.184570	-88.601425
8074.951172	-88.521370
8085.717773	-88.802299
8096.484375	-88.427536
8107.250977	-88.736580
8118.017578	-88.555626
8128.784180	-88.525406
8139.550781	-88.600761
8150.317383	-88.570724
8161.083984	-88.559898
8171.850586	-88.654823
8182.617188	-88.343498
8193.383789	-88.614304
8204.150391	-88.531883
8214.916992	-88.558571
8225.683594	-88.582581
8236.450195	-88.473648
8247.216797	-88.527519
8257.983398	-88.509819
8268.750000	-88.534233
8279.516602	-88.466843
8290.283203	-88.563881
8301.049805	-88.426826
8311.816406	-88.557510
8322.583008	-88.351135
8333.349609	-88.613457
8344.116211	-88.327713
8354.882813	-88.587860
8365.649414	-88.405464
8376.416016	-88.521706
8387.182617	-88.406136
8397.949219	-88.464630
8408.715820	-88.471916
8419.482422	-88.464211
8430.249023	-88.199181
8441.015625	-88.620071
8451.782227	-88.358841
8462.548828	-88.499420
8473.315430	-88.295288
8484.082031	-88.501770
8494.848633	-88.388893
8505.615234	-88.344017
8516.381836	-88.370316
8527.148438	-88.435989
8537.915039	-88.385269
8548.681641	-88.289238
8559.448242	-88.440933
8570.214844	-88.296097
8580.981445	-88.445595
8591.748047	-88.220993
8602.514648	-88.416084
8613.281250	-88.348000
8624.047852	-88.330109
8634.814453	-88.297127
8645.581055	-88.444443
8656.347656	-88.200432
8667.114258	-88.269676
8677.880859	-88.280281
8688.647461	-88.336746
8699.414063	-88.200783
8710.180664	-88.382774
8720.947266	-88.287743
8731.713867	-88.243202
8742.480469	-88.206871
8753.247070	-88.239677
8764.013672	-88.345451
8774.780273	-88.264191
8785.546875	-88.361542
8796.313477	-87.996681
8807.080078	-88.499886
8817.846680	-88.009941
8828.613281	-88.281502
8839.379883	-88.274765
8850.146484	-88.174957
8860.913086	-88.205933
8871.679688	-88.162048
8882.446289	-88.250092
8893.212891	-88.106819
8903.979492	-88.244835
8914.746094	-88.154472
8925.512695	-88.108612
8936.279297	-88.272057
8947.045898	-88.079163
8957.812500	-88.223434
8968.579102	-88.073471
8979.345703	-88.113922
8990.112305	-88.196884
9000.878906	-88.139137
9011.645508	-88.092445
9022.412109	-88.135963
9033.178711	-88.086304
9043.945313	-88.078438
9054.711914	-88.101318
9065.478516	-88.110573
9076.245117	-87.965927
9087.011719	-88.113312
9097.778320	-88.096107
9108.544922	-88.049744
9119.311523	-88.136299
9130.078125	-87.939392
9140.844727	-88.028770
9151.611328	-88.154945
9162.377930	-87.931343
9173.144531	-88.054413
9183.911133	-87.938995
9194.677734	-88.142723
9205.444336	-87.933830
9216.210938	-88.119164
9226.977539	-87.888451
9237.744141	-88.017670
9248.510742	-87.966721
9259.277344	-88.040543
9270.043945	-87.859680
9280.810547	-88.032661
9291.577148	-87.915283
9302.343750	-88.162148
9313.110352	-87.786995
9323.876953	-88.002205
9334.643555	-87.844261
9345.410156	-87.975166
9356.176758	-87.995071
9366.943359	-87.790916
9377.709961	-87.946136
9388.476563	-88.097870
9399.243164	-87.726768
9410.009766	-87.915718
9420.776367	-87.792122
9431.542969	-88.069321
9442.309570	-87.770027
9453.076172	-87.820366
9463.842773	-87.926094
9474.609375	-87.767952
9485.375977	-87.867439
9496.142578	-87.823746
9506.909180	-87.976715
9517.675781	-87.739540
9528.442383	-87.748703
9539.208984	-87.929184
9549.975586	-87.679337
9560.742188	-87.954582
9571.508789	-87.624092
9582.275391	-87.830360
9593.041992	-87.796959
9603.808594	-87.776108
9614.575195	-87.700630
9625.341797	-87.867889
9636.108398	-87.660393
9646.875000	-87.776764
9657.641602	-87.749252
9668.408203	-87.763252
9679.174805	-87.671341
9689.941406	-87.719391
9700.708008	-87.896118
9711.474609	-87.495155
9722.241211	-87.735977
9733.007813	-87.749580
9743.774414	-87.689812
9754.541016	-87.707504
9765.307617	-87.432877
9776.074219	-87.812698
9786.840820	-87.691483
9797.607422	-87.722328
9808.374023	-87.681511
9819.140625	-87.500763
9829.907227	-87.618408
9840.673828	-87.766495
9851.440430	-87.452301
9862.207031	-87.696304
9872.973633	-87.607834
9883.740234	-87.539268
9894.506836	-87.687027
9905.273438	-87.469070
9916.040039	-87.680168
9926.806641	-87.535400
9937.573242	-87.605064
9948.339844	-87.426582
9959.106445	-87.613426
9969.873047	-87.541100
9980.639648	-87.537376
9991.406250	-87.543663
10002.172852	-87.515282
10012.939453	-87.536369
10023.706055	-87.508896
10034.472656	-87.412987
10045.239258	-87.531586
10056.005859	-87.419960
10066.772461	-87.515587
10077.539063	-87.595543
10088.305664	-87.265701
10099.072266	-87.546890
10109.838867	-87.354095
10120.605469	-87.599579
10131.372070	-87.343384
10142.138672	-87.435776
10152.905273	-87.353943
10163.671875	-87.460129
10174.438477	-87.458107
10185.205078	-87.319534
10195.971680	-87.484833
10206.738281	-87.340576
10217.504883	-87.407524
10228.271484	-87.284348
10239.038086	-87.428360
10249.804688	-87.350105
10260.571289	-87.378479
10271.337891	-87.343582
10282.104492	-87.333565
10292.871094	-87.238617
10303.637695	-87.360245
10314.404297	-87.321144
10325.170898	-87.289162
10335.937500	-87.302582
10346.704102	-87.326103
10357.470703	-87.282219
10368.237305	-87.234253
10379.003906	-87.232635
10389.770508	-87.423889
10400.537109	-87.094269
10411.303711	-87.283081
10422.070313	-87.235435
10432.836914	-87.152710
10443.603516	-87.350235
10454.370117	-87.071968
10465.136719	-87.300423
10475.903320	-87.110962
10486.669922	-87.384850
10497.436523	-87.078720
10508.203125	-87.155891
10518.969727	-87.240578
10529.736328	-87.065887
10540.502930	-87.152847
10551.269531	-87.114441
10562.036133	-87.178795
10572.802734	-87.154472
10583.569336	-87.068817
10594.335938	-87.183922
10605.102539	-87.042908
10615.869141	-87.081459
10626.635742	-87.061790
10637.402344	-87.090210
10648.168945	-87.117958
10658.935547	-87.060318
10669.702148	-87.041237
10680.468750	-87.085770
10691.235352	-87.021576
10702.001953	-86.959671
10712.768555	-87.051445
10723.535156	-87.054245
10734.301758	-87.020103
10745.068359	-86.984314
10755.834961	-86.999466
10766.601563	-87.088844
10777.368164	-86.851776
10788.134766	-86.975609
10798.901367	-86.985725
10809.667969	-86.997047
10820.434570	-86.912910
10831.201172	-86.874641
10841.967773	-86.896225
10852.734375	-86.980804
10863.500977	-86.950958
10874.267578	-86.853958
10885.034180	-86.882378
10895.800781	-86.987976
10906.567383	-86.838142
10917.333984	-86.672913
10928.100586	-87.021362
10938.867188	-86.844254
10949.633789	-86.821114
10960.400391	-86.872261
10971.166992	-86.813187
10981.933594	-86.800224
10992.700195	-86.770355
11003.466797	-86.917175
11014.233398	-86.718399
11025.000000	-86.770668
11035.766602	-86.746529
11046.533203	-86.787186
11057.299805	-86.803207
11068.066406	-86.688736
11078.833008	-86.812614
11089.599609	-86.724686
11100.366211	-86.809746
11111.132813	-86.522598
11121.899414	-86.862144
11132.666016	-86.576118
11143.432617	-86.796593
11154.199219	-86.658974
11164.965820	-86.695137
11175.732422	-86.621468
11186.499023	-86.680313
11197.265625	-86.607872
11208.032227	-86.728622
11218.798828	-86.580391
11229.565430	-86.626427
11240.332031	-86.614922
11251.098633	-86.657349
11261.865234	-86.574211
11272.631836	-86.589333
11283.398438	-86.515465
11294.165039	-86.669212
11304.931641	-86.491974
11315.698242	-86.519211
11326.464844	-86.688980
11337.231445	-86.440948
11347.998047	-86.550514
11358.764648	-86.471283
11369.531250	-86.570045
11380.297852	-86.443924
11391.064453	-86.626625
11401.831055	-86.371170
11412.597656	-86.551224
11423.364258	-86.430809
11434.130859	-86.435081
11444.897461	-86.509132
11455.664063	-86.440903
11466.430664	-86.326126
11477.197266	-86.483269
11487.963867	-86.326828
11498.730469	-86.467445
11509.497070	-86.376793
11520.263672	-86.351517
11531.030273	-86.456001
11541.796875	-86.318314
11552.563477	-86.455444
11563.330078	-86.272743
11574.096680	-86.322380
11584.863281	-86.367104
11595.629883	-86.304207
11606.396484	-86.352867
11617.163086	-86.250603
11627.929688	-86.327179
11638.696289	-86.264458
11649.462891	-86.276360
11660.229492	-86.292175
11670.996094	-86.282387
11681.762695	-86.200424
11692.529297	-86.182190
11703.295898	-86.301079
11714.062500	-86.231819
11724.829102	-86.177094
11735.595703	-86.172272
11746.362305	-86.208672
11757.128906	-86.168877
11767.895508	-86.183807
11778.662109	-86.174561
11789.428711	-86.181877
11800.195313	-86.029495
11810.961914	-86.221420
11821.728516	-86.069305
11832.495117	-86.148193
11843.261719	-86.128639
11854.028320	-86.070518
11864.794922	-86.112434
11875.561523	-86.093002
11886.328125	-86.041779
11897.094727	-85.993530
11907.861328	-86.098961
11918.627930	-86.018753
11929.394531	-86.075836
11940.161133	-85.966591
11950.927734	-86.045021
11961.694336	-85.969559
11972.460938	-85.949158
11983.227539	-86.031364
11993.994141	-85.974068
12004.760742	-85.915009
12015.527344	-85.971611
12026.293945	-85.906815
12037.060547	-85.969231
12047.827148	-85.898338
12058.593750	-85.914665
12069.360352	-85.867607
12080.126953	-85.933060
12090.893555	-85.852112
12101.660156	-85.864883
12112.426758	-85.840744
12123.193359	-85.898216
12133.959961	-85.770439
12144.726563	-85.844948
12155.493164	-85.823418
12166.259766	-85.823586
12177.026367	-85.722092
12187.792969	-85.798668
12198.559570	-85.827919
12209.326172	-85.752724
12220.092773	-85.770546
12230.859375	-85.703636
12241.625977	-85.741302
12252.392578	-85.755638
12263.159180	-85.704620
12273.925781	-85.673653
12284.692383	-85.730438
12295.458984	-85.620110
12306.225586	-85.693199
12316.992188	-85.678780
12327.758789	-85.636765
12338.525391	-85.629219
12349.291992	-85.616943
12360.058594	-85.629425
12370.825195	-85.631371
12381.591797	-85.593468
12392.358398	-85.559357
12403.125000	-85.620262
12413.891602	-85.508720
12424.658203	-85.605713
12435.424805	-85.513496
12446.191406	-85.548195
12456.958008	-85.494316
12467.724609	-85.543793
12478.491211	-85.456711
12489.257813	-85.532021
12500.024414	-85.468857
12510.791016	-85.456589
12521.557617	-85.458473
12532.324219	-85.463425
12543.090820	-85.430092
12553.857422	-85.420120
12564.624023	-85.382980
12575.390625	-85.443871
12586.157227	-85.357765
12596.923828	-85.405693
12607.690430	-85.356819
12618.457031	-85.354988
12629.223633	-85.343529
12639.990234	-85.368752
12650.756836	-85.284920
12661.523438	-85.333702
12672.290039	-85.269325
12683.056641	-85.318016
12693.823242	-85.333130
12704.589844	-85.199081
12715.356445	-85.286270
12726.123047	-85.245483
12736.889648	-85.286217
12747.656250	-85.150063
12758.422852	-85.240494
12769.189453	-85.203690
12779.956055	-85.187798
12790.722656	-85.146393
12801.489258	-85.185852
12812.255859	-85.196945
12823.022461	-85.098473
12833.789063	-85.130287
12844.555664	-85.107224
12855.322266	-85.131264
12866.088867	-85.103836
12876.855469	-85.048615
12887.622070	-85.124878
12898.388672	-85.048668
12909.155273	-85.013664
12919.921875	-85.108231
12930.688477	-84.968544
12941.455078	-85.016022
12952.221680	-85.002884
12962.988281	-84.957771
12973.754883	-85.023392
12984.521484	-84.960258
12995.288086	-84.930687
13006.054688	-84.997414
13016.821289	-84.851715
13027.587891	-84.982178
13038.354492	-84.864861
13049.121094	-84.921349
13059.887695	-84.840607
13070.654297	-84.870293
13081.420898	-84.848206
13092.187500	-84.874107
13102.954102	-84.793617
13113.720703	-84.867912
13124.487305	-84.767235
13135.253906	-84.893608
13146.020508	-84.701088
13156.787109	-84.814934
13167.553711	-84.754517
13178.320313	-84.712181
13189.086914	-84.780571
13199.853516	-84.705383
13210.620117	-84.695038
13221.386719	-84.743492
13232.153320	-84.655891
13242.919922	-84.674278
13253.686523	-84.700928
13264.453125	-84.588219
13275.219727	-84.659920
13285.986328	-84.582291
13296.752930	-84.687386
13307.519531	-84.509293
13318.286133	-84.676414
13329.052734	-84.492531
13339.819336	-84.615654
13350.585938	-84.504974
13361.352539	-84.563988
13372.119141	-84.506287
13382.885742	-84.538925
13393.652344	-84.416794
13404.418945	-84.559502
13415.185547	-84.417252
13425.952148	-84.486748
13436.718750	-84.426437
13447.485352	-84.520668
13458.251953	-84.332169
13469.018555	-84.395554
13479.785156	-84.405762
13490.551758	-84.449242
13501.318359	-84.304741
13512.084961	-84.374008
13522.851563	-84.380432
13533.618164	-84.265205
13544.384766	-84.286148
13555.151367	-84.342621
13565.917969	-84.278885
13576.684570	-84.240753
13587.451172	-84.315132
13598.217773	-84.211845
13608.984375	-84.288948
13619.750977	-84.122894
13630.517578	-84.195541
13641.284180	-84.321198
13652.050781	-83.997673
13662.817383	-84.282913
13673.583984	-84.142273
13684.350586	-84.127991
13695.117188	-84.075401
13705.883789	-84.183067
13716.650391	-84.023529
13727.416992	-84.192947
13738.183594	-84.004936
13748.950195	-84.062035
13759.716797	-83.975334
13770.483398	-84.121033
13781.250000	-84.037910
13792.016602	-84.009567
13802.783203	-83.945450
13813.549805	-83.870346
13824.316406	-84.094162
13835.083008	-83.854904
13845.849609	-83.961700
13856.616211	-83.969040
13867.382813	-83.853035
13878.149414	-83.903679
13888.916016	-83.872246
13899.682617	-83.801544
13910.449219	-83.884079
13921.215820	-83.741600
13931.982422	-83.925896
13942.749023	-83.760040
13953.515625	-83.831390
13964.282227	-83.737282
13975.048828	-83.781898
13985.815430	-83.856888
13996.582031	-83.631203
14007.348633	-83.669090
14018.115234	-83.662781
14028.881836	-83.768715
14039.648438	-83.643272
14050.415039	-83.667610
14061.181641	-83.605461
14071.948242	-83.641876
14082.714844	-83.586250
14093.481445	-83.590248
14104.248047	-83.646721
14115.014648	-83.463799
14125.781250	-83.600113
14136.547852	-83.538086
14147.314453	-83.485237
14158.081055	-83.601784
14168.847656	-83.454918
14179.614258	-83.475723
14190.380859	-83.468300
14201.147461	-83.509285
14211.914063	-83.360451
14222.680664	-83.493645
14233.447266	-83.303787
14244.213867	-83.514427
14254.980469	-83.282356
14265.747070	-83.374634
14276.513672	-83.344719
14287.280273	-83.231735
14298.046875	-83.351974
14308.813477	-83.307205
14319.580078	-83.246460
14330.346680	-83.247940
14341.113281	-83.164848
14351.879883	-83.474510
14362.646484	-83.016190
14373.413086	-83.312202
14384.179688	-83.112846
14394.946289	-83.203629
14405.712891	-83.024445
14416.479492	-83.224953
14427.246094	-83.197441
14438.012695	-82.987106
14448.779297	-83.140541
14459.545898	-83.115990
14470.312500	-82.975594
14481.079102	-83.113098
14491.845703	-82.947220
14502.612305	-82.913063
14513.378906	-83.070396
14524.145508	-83.004189
14534.912109	-82.995186
14545.678711	-82.880096
14556.445313	-82.815826
14567.211914	-83.025757
14577.978516	-82.805168
14588.745117	-82.920891
14599.511719	-82.928261
14610.278320	-82.769806
14621.044922	-82.871964
14631.811523	-82.726967
14642.578125	-82.847641
14653.344727	-82.841705
14664.111328	-82.720734
14674.877930	-82.783104
14685.644531	-82.635315
14696.411133	-82.814148
14707.177734	-82.693466
14717.944336	-82.597191
14728.710938	-82.550751
14739.477539	-82.869202
14750.244141	-82.542427
14761.010742	-82.532104
14771.777344	-82.706902
14782.543945	-82.444679
14793.310547	-82.690216
14804.077148	-82.486961
14814.843750	-82.505341
14825.610352	-82.532135
14836.376953	-82.441772
14847.143555	-82.307480
14857.910156	-82.496819
14868.676758	-82.542686
14879.443359	-82.450157
14890.209961	-82.363678
14900.976563	-82.257637
14911.743164	-82.556168
14922.509766	-82.195435
14933.276367	-82.393555
14944.042969	-82.254791
14954.809570	-82.282303
14965.576172	-82.372803
14976.342773	-82.236404
14987.109375	-82.047653
14997.875977	-82.380333
15008.642578	-82.237541
15019.409180	-81.990181
15030.175781	-82.310898
15040.942383	-82.088196
15051.708984	-82.180267
15062.475586	-82.000938
15073.242188	-82.031158
15084.008789	-82.162903
15094.775391	-82.011024
15105.541992	-81.994644
15116.308594	-82.082375
15127.075195	-81.840088
15137.841797	-82.235344
15148.608398	-81.810081
15159.375000	-82.068626
15170.141602	-81.787842
15180.908203	-81.984375
15191.674805	-81.733490
15202.441406	-81.989922
15213.208008	-81.852623
15223.974609	-81.739075
15234.741211	-81.716713
15245.507813	-81.725876
15256.274414	-81.889847
15267.041016	-81.737068
15277.807617	-81.598602
15288.574219	-81.807655
15299.340820	-81.700974
15310.107422	-81.485695
15320.874023	-81.813835
15331.640625	-81.718193
15342.407227	-81.357300
15353.173828	-81.658745
15363.940430	-81.715874
15374.707031	-81.397881
15385.473633	-81.636765
15396.240234	-81.370155
15407.006836	-81.610527
15417.773438	-81.380577
15428.540039	-81.449707
15439.306641	-81.330109
15450.073242	-81.427139
15460.839844	-81.350098
15471.606445	-81.408737
15482.373047	-81.300240
15493.139648	-81.299675
15503.906250	-81.357010
15514.672852	-81.144066
15525.439453	-81.233299
15536.206055	-81.320847
15546.972656	-81.241028
15557.739258	-81.075806
15568.505859	-81.329956
15579.272461	-81.095970
15590.039063	-81.085495
15600.805664	-81.138527
15611.572266	-80.954773
15622.338867	-81.210953
15633.105469	-80.810814
15643.872070	-81.249359
15654.638672	-80.897308
15665.405273	-80.863945
15676.171875	-80.977242
15686.938477	-81.072906
15697.705078	-80.847252
15708.471680	-80.761436
15719.238281	-81.005394
15730.004883	-80.694550
15740.771484	-80.802498
15751.538086	-81.077286
15762.304688	-80.605034
15773.071289	-80.789833
15783.837891	-80.724342
15794.604492	-80.744987
15805.371094	-80.692749
15816.137695	-80.742279
15826.904297	-80.469887
15837.670898	-80.793816
15848.437500	-80.535538
15859.204102	-80.625122
15869.970703	-80.429527
15880.737305	-80.673561
15891.503906	-80.311646
15902.270508	-80.503876
15913.037109	-80.604080
15923.803711	-80.466560
15934.570313	-80.192314
15945.336914	-80.476723
15956.103516	-80.359169
15966.870117	-80.375565
15977.636719	-80.293091
15988.403320	-80.386665
15999.169922	-80.128906
16009.936523	-80.321144
16020.703125	-80.350685
16031.469727	-80.084229
16042.236328	-80.033455
16053.002930	-80.399651
16063.769531	-79.827515
16074.536133	-80.289940
16085.302734	-80.032753
16096.069336	-79.937531
16106.835938	-80.132431
16117.602539	-79.979546
16128.369141	-79.884010
16139.135742	-80.146088
16149.902344	-79.805367
16160.668945	-80.012383
16171.435547	-79.790291
16182.202148	-79.931244
16192.968750	-79.780823
16203.735352	-79.797791
16214.501953	-79.590065
16225.268555	-79.969795
16236.035156	-79.688049
16246.801758	-79.760048
16257.568359	-79.602310
16268.334961	-79.462189
16279.101563	-79.939713
16289.868164	-79.476624
16300.634766	-79.506172
16311.401367	-79.642067
16322.167969	-79.453102
16332.934570	-79.541107
16343.701172	-79.528824
16354.467773	-79.364281
16365.234375	-79.553085
16376.000977	-79.181000
16386.767578	-79.461411
16397.534180	-79.366158
16408.300781	-79.048332
16419.067383	-79.527405
16429.833984	-79.437279
16440.600586	-78.803772
16451.367188	-79.326500
16462.133789	-79.286835
16472.900391	-79.127663
16483.666992	-79.056755
16494.433594	-79.011215
16505.200195	-79.130989
16515.966797	-79.118286
16526.733398	-78.956886
16537.500000	-78.818848
16548.266602	-78.989670
16559.033203	-79.026016
16569.799805	-78.730774
16580.566406	-78.892151
16591.333008	-78.754280
16602.099609	-78.985497
16612.866211	-78.713242
16623.632813	-78.767082
16634.399414	-78.750000
16645.166016	-78.679237
16655.932617	-78.598320
16666.699219	-78.656609
16677.465820	-78.734848
16688.232422	-78.267090
16698.999023	-78.593491
16709.765625	-78.724060
16720.532227	-78.297318
16731.298828	-78.544228
16742.065430	-78.402199
16752.832031	-78.417213
16763.598633	-78.274620
16774.365234	-78.479561
16785.131836	-78.152924
16795.898438	-78.260361
16806.665039	-78.465607
16817.431641	-78.032280
16828.198242	-78.083611
16838.964844	-78.532967
16849.731445	-77.930794
16860.498047	-77.957123
16871.264648	-78.063232
16882.031250	-78.236107
16892.797852	-77.990211
16903.564453	-77.842606
16914.331055	-77.883644
16925.097656	-77.897339
16935.864258	-77.840446
16946.630859	-77.786835
16957.397461	-77.854996
16968.164063	-77.796112
16978.930664	-77.696625
16989.697266	-77.863152
17000.463867	-77.523331
17011.230469	-77.739853
17021.997070	-77.479927
17032.763672	-77.516693
17043.530273	-77.552055
17054.296875	-77.614693
17065.063477	-77.494972
17075.830078	-77.264801
17086.596680	-77.409004
17097.363281	-77.428558
17108.129883	-77.347488
17118.896484	-77.361870
17129.663086	-77.051186
17140.429688	-77.438057
17151.196289	-77.047722
17161.962891	-77.347755
17172.729492	-77.047081
17183.496094	-77.001030
17194.262695	-77.044403
17205.029297	-77.112556
17215.795898	-76.961617
17226.562500	-77.034981
17237.329102	-76.829826
17248.095703	-76.977829
17258.862305	-76.827759
17269.628906	-76.714867
17280.395508	-76.721283
17291.162109	-76.799873
17301.928711	-76.766640
17312.695313	-76.583580
17323.461914	-76.541290
17334.228516	-76.761940
17344.995117	-76.289406
17355.761719	-76.704712
17366.528320	-76.442154
17377.294922	-76.375191
17388.061523	-76.372292
17398.828125	-76.361977
17409.594727	-76.433067
17420.361328	-76.145073
17431.127930	-76.205627
17441.894531	-76.176704
17452.661133	-76.479691
17463.427734	-75.895287
17474.194336	-76.227486
17484.960938	-75.791992
17495.727539	-76.089378
17506.494141	-75.777832
17517.260742	-76.064377
17528.027344	-75.849319
17538.793945	-75.754532
17549.560547	-75.838264
17560.327148	-75.677940
17571.093750	-75.732475
17581.860352	-75.643501
17592.626953	-75.723747
17603.393555	-75.498901
17614.160156	-75.557533
17624.926758	-75.448547
17635.693359	-75.554474
17646.459961	-75.407707
17657.226563	-75.346512
17667.993164	-75.229797
17678.759766	-75.557808
17689.526367	-74.971931
17700.292969	-75.255524
17711.059570	-75.328331
17721.826172	-74.855614
17732.592773	-75.275002
17743.359375	-74.987373
17754.125977	-75.013199
17764.892578	-74.792862
17775.659180	-74.909920
17786.425781	-74.857063
17797.192383	-74.689835
17807.958984	-74.827461
17818.725586	-74.627869
17829.492188	-74.796265
17840.258789	-74.490753
17851.025391	-74.604736
17861.791992	-74.442009
17872.558594	-74.375359
17883.325195	-74.587364
17894.091797	-74.272156
17904.858398	-74.417137
17915.625000	-74.052002
17926.391602	-74.349342
17937.158203	-74.140358
17947.924805	-74.075417
17958.691406	-74.155159
17969.458008	-73.974571
17980.224609	-73.888718
17990.991211	-74.087379
18001.757813	-73.882866
18012.524414	-73.841003
18023.291016	-73.563095
18034.057617	-73.787201
18044.824219	-73.653999
18055.590820	-73.575905
18066.357422	-73.670784
18077.124023	-73.537415
18087.890625	-73.380226
18098.657227	-73.493713
18109.423828	-73.255966
18120.190430	-73.245522
18130.957031	-73.266953
18141.723633	-73.150833
18152.490234	-73.236992
18163.256836	-72.908287
18174.023438	-73.004730
18184.790039	-72.981773
18195.556641	-72.998909
18206.323242	-72.760628
18217.089844	-72.706779
18227.856445	-72.725388
18238.623047	-72.778809
18249.389648	-72.496658
18260.156250	-72.548492
18270.922852	-72.393730
18281.689453	-72.555496
18292.456055	-72.425026
18303.222656	-72.274086
18313.989258	-72.175758
18324.755859	-72.340683
18335.522461	-72.086571
18346.289063	-72.193008
18357.055664	-71.875710
18367.822266	-71.957512
18378.588867	-71.901611
18389.355469	-71.800323
18400.122070	-71.760574
18410.888672	-71.688385
18421.655273	-71.561073
18432.421875	-71.626228
18443.188477	-71.482674
18453.955078	-71.528023
18464.721680	-71.345329
18475.488281	-71.182007
18486.254883	-71.247345
18497.021484	-71.259338
18507.788086	-71.078072
18518.554688	-70.992561
18529.321289	-70.970383
18540.087891	-70.927498
18550.854492	-70.842979
18561.621094	-70.605202
18572.387695	-70.786613
18583.154297	-70.625237
18593.920898	-70.569489
18604.687500	-70.492027
18615.454102	-70.357582
18626.220703	-70.307518
18636.987305	-70.156029
18647.753906	-70.329239
18658.520508	-69.999344
18669.287109	-70.060234
18680.053711	-69.864380
18690.820313	-69.850410
18701.586914	-69.810661
18712.353516	-69.627319
18723.120117	-69.732872
18733.886719	-69.457764
18744.653320	-69.500343
18755.419922	-69.304787
18766.186523	-69.381767
18776.953125	-69.144173
18787.719727	-69.188019
18798.486328	-68.968788
18809.252930	-69.028313
18820.019531	-68.868637
18830.786133	-68.846481
18841.552734	-68.652901
18852.319336	-68.581917
18863.085938	-68.561615
18873.852539	-68.457420
18884.619141	-68.374680
18895.385742	-68.170906
18906.152344	-68.228981
18916.918945	-67.991310
18927.685547	-68.042328
18938.452148	-67.894287
18949.218750	-67.765785
18959.985352	-67.642677
18970.751953	-67.565712
18981.518555	-67.545090
18992.285156	-67.373230
19003.051758	-67.304138
19013.818359	-67.122963
19024.584961	-67.124290
19035.351563	-66.974884
19046.118164	-66.862640
19056.884766	-66.747093
19067.651367	-66.637413
19078.417969	-66.601639
19089.184570	-66.409874
19099.951172	-66.317619
19110.717773	-66.202957
19121.484375	-66.124062
19132.250977	-65.923584
19143.017578	-65.949501
19153.784180	-65.659103
19164.550781	-65.650261
19175.317383	-65.530640
19186.083984	-65.309601
19196.850586	-65.360733
19207.617188	-65.094383
19218.383789	-64.966919
19229.150391	-64.890541
19239.916992	-64.740417
19250.683594	-64.675911
19261.450195	-64.469254
19272.216797	-64.258598
19282.983398	-64.252220
19293.750000	-64.046021
19304.516602	-63.937206
19315.283203	-63.726727
19326.049805	-63.690975
19336.816406	-63.429665
19347.583008	-63.296436
19358.349609	-63.236290
19369.116211	-63.012150
19379.882813	-62.811890
19390.649414	-62.729820
19401.416016	-62.500729
19412.182617	-62.384155
19422.949219	-62.196899
19433.715820	-61.995747
19444.482422	-61.886971
19455.249023	-61.567085
19466.015625	-61.532307
19476.782227	-61.310944
19487.548828	-61.105324
19498.315430	-60.898537
19509.082031	-60.701897
19519.848633	-60.506351
19530.615234	-60.305504
19541.381836	-60.074455
19552.148438	-59.903610
19562.915039	-59.627396
19573.681641	-59.447536
19584.448242	-59.179016
19595.214844	-58.964947
19605.981445	-58.694870
19616.748047	-58.457031
19627.514648	-58.244572
19638.281250	-57.924782
19649.047852	-57.651070
19659.814453	-57.403187
19670.581055	-57.078651
19681.347656	-56.822594
19692.114258	-56.499577
19702.880859	-56.187614
19713.647461	-55.856514
19724.414063	-55.506569
19735.180664	-55.165920
19745.947266	-54.807919
19756.713867	-54.386715
19767.480469	-54.059010
19778.247070	-53.582783
19789.013672	-53.185936
19799.780273	-52.733383
19810.546875	-52.246643
19821.313477	-51.746536
19832.080078	-51.212681
19842.846680	-50.671345
19853.613281	-50.070000
19864.379883	-49.428741
19875.146484	-48.771976
19885.913086	-48.061306
19896.679688	-47.283035
19907.446289	-46.460739
19918.212891	-45.598640
19928.979492	-44.690815
19939.746094	-43.809364
19950.512695	-43.205124
19961.279297	-43.867290
19972.045898	-76.166962
19982.812500	-22.300924
19993.579102	-2.510156
20004.345703	-1.133444
20015.112305	-16.022604
20025.878906	-48.541988
20036.645508	-44.267609
20047.412109	-42.961334
20058.178711	-43.464367
20068.945313	-44.299637
20079.711914	-45.179329
20090.478516	-46.034721
20101.245117	-46.833252
20112.011719	-47.590916
20122.778320	-48.283623
20133.544922	-48.948879
20144.311523	-49.544170
20155.078125	-50.124870
20165.844727	-50.671829
20176.611328	-51.132633
20187.377930	-51.673996
20198.144531	-52.084240
20208.911133	-52.506008
20219.677734	-52.944157
20230.444336	-53.296158
20241.210938	-53.711189
20251.977539	-54.011826
20262.744141	-54.389580
20273.510742	-54.708992
20284.277344	-55.026001
20295.043945	-55.320534
20305.810547	-55.625004
20316.577148	-55.857529
20327.343750	-56.162632
20338.110352	-56.437519
20348.876953	-56.650558
20359.643555	-56.920994
20370.410156	-57.152939
20381.176758	-57.353680
20391.943359	-57.633175
20402.709961	-57.810814
20413.476563	-58.001087
20424.243164	-58.258492
20435.009766	-58.400646
20445.776367	-58.649296
20456.542969	-58.788952
20467.309570	-58.996086
20478.076172	-59.149239
20488.842773	-59.361790
20499.609375	-59.503132
20510.375977	-59.661346
20521.142578	-59.875103
20531.909180	-59.982391
20542.675781	-60.172298
20553.442383	-60.232105
20564.208984	-60.464710
20574.975586	-60.631611
20585.742188	-60.686920
20596.508789	-60.859901
20607.275391	-61.018127
20618.041992	-61.118073
20628.808594	-61.292591
20639.575195	-61.379364
20650.341797	-61.522968
20661.108398	-61.611526
20671.875000	-61.757431
20682.641602	-61.912601
20693.408203	-61.956028
20704.174805	-62.131676
20714.941406	-62.189861
20725.708008	-62.270164
20736.474609	-62.435513
20747.241211	-62.541771
20758.007813	-62.567959
20768.774414	-62.719738
20779.541016	-62.883160
20790.307617	-62.857338
20801.074219	-63.056202
20811.840820	-63.075340
20822.607422	-63.229248
20833.374023	-63.320831
20844.140625	-63.272846
20854.907227	-63.555969
20865.673828	-63.474091
20876.440430	-63.628952
20887.207031	-63.766701
20897.973633	-63.743450
20908.740234	-63.954155
20919.506836	-63.901207
20930.273438	-64.051697
20941.040039	-64.054276
20951.806641	-64.261688
20962.573242	-64.188408
20973.339844	-64.366882
20984.106445	-64.356339
20994.873047	-64.491066
21005.639648	-64.503387
21016.406250	-64.573692
21027.172852	-64.742111
21037.939453	-64.624893
21048.706055	-64.924759
21059.472656	-64.771484
21070.239258	-64.927910
21081.005859	-64.966461
21091.772461	-65.070869
21102.539063	-65.045799
21113.305664	-65.179131
21124.072266	-65.188095
21134.838867	-65.291260
21145.605469	-65.284561
21156.372070	-65.374924
21167.138672	-65.469582
21177.905273	-65.484406
21188.671875	-65.477631
21199.438477	-65.552536
21210.205078	-65.688667
21220.971680	-65.652710
21231.738281	-65.857727
21242.504883	-65.555298
21253.271484	-66.017654
21264.038086	-65.808205
21274.804688	-65.846939
21285.571289	-66.031609
21296.337891	-65.998833
21307.104492	-66.016922
21317.871094	-66.087708
21328.637695	-66.007591
21339.404297	-66.211555
21350.170898	-66.261986
21360.937500	-66.205666
21371.704102	-66.310936
21382.470703	-66.337982
21393.237305	-66.241714
21404.003906	-66.418251
21414.770508	-66.378845
21425.537109	-66.519791
21436.303711	-66.413895
21447.070313	-66.564423
21457.836914	-66.576645
21468.603516	-66.473442
21479.370117	-66.720184
21490.136719	-66.529449
21500.903320	-66.823433
21511.669922	-66.580643
21522.436523	-66.856422
21533.203125	-66.618744
21543.969727	-66.829643
21554.736328	-66.766129
21565.502930	-66.786156
21576.269531	-66.942863
21587.036133	-66.844772
21597.802734	-66.877197
21608.569336	-66.973518
21619.335938	-66.878693
21630.102539	-66.994789
21640.869141	-67.001854
21651.635742	-67.059601
21662.402344	-67.002716
21673.168945	-67.033379
21683.935547	-67.044128
21694.702148	-67.225395
21705.468750	-67.006180
21716.235352	-67.154594
21727.001953	-67.134315
21737.768555	-67.077911
21748.535156	-67.221306
21759.301758	-67.152634
21770.068359	-67.231430
21780.834961	-67.132126
21791.601563	-67.360397
21802.368164	-67.228058
21813.134766	-67.195221
21823.901367	-67.274445
21834.667969	-67.304306
21845.434570	-67.264565
21856.201172	-67.349365
21866.967773	-67.212418
21877.734375	-67.440453
21888.500977	-67.273521
21899.267578	-67.288986
21910.034180	-67.352829
21920.800781	-67.395065
21931.567383	-67.208359
21942.333984	-67.360176
21953.100586	-67.420647
21963.867188	-67.326866
21974.633789	-67.361435
21985.400391	-67.411865
21996.166992	-67.391037
22006.933594	-67.368263
22017.700195	-67.265251
22028.466797	-67.436684
22039.233398	-67.410660
