1.698461e-002  
1.804721e-002  
1.732715e-002  
1.778124e-002  
1.753242e-002  
1.761215e-002  
1.797268e-002  
1.706730e-002  
1.763142e-002  
1.787888e-002  
1.745249e-002  
1.761220e-002  
1.764918e-002  
1.759947e-002  
1.779218e-002  
1.758650e-002  
1.740536e-002  
1.759815e-002  
1.815283e-002  
1.695156e-002  
1.792013e-002  
1.762151e-002  
1.769235e-002  
1.745375e-002  
1.769039e-002  
1.757176e-002  
1.764334e-002  
1.791536e-002  
1.709783e-002  
1.808412e-002  
1.749775e-002  
1.777631e-002  
1.723397e-002  
1.799750e-002  
1.794553e-002  
1.723972e-002  
1.762161e-002  
1.802474e-002  
1.742776e-002  
1.806381e-002  
1.724149e-002  
1.791131e-002  
1.759341e-002  
1.777176e-002  
1.760835e-002  
1.790418e-002  
1.763256e-002  
1.748458e-002  
1.802601e-002  
1.738071e-002  
1.782273e-002  
1.744674e-002  
1.826506e-002  
1.732977e-002  
1.790933e-002  
1.764751e-002  
1.800788e-002  
1.754854e-002  
1.768949e-002  
1.759350e-002  
1.807714e-002  
1.765020e-002  
1.787557e-002  
1.740865e-002  
1.822492e-002  
1.785781e-002  
1.756246e-002  
1.768830e-002  
1.780131e-002  
1.843818e-002  
1.699983e-002  
1.827734e-002  
1.760440e-002  
1.821604e-002  
1.740783e-002  
1.817986e-002  
1.778221e-002  
1.793036e-002  
1.786071e-002  
1.764809e-002  
1.804622e-002  
1.808241e-002  
1.772426e-002  
1.787497e-002  
1.824094e-002  
1.786010e-002  
1.783797e-002  
1.755276e-002  
1.853460e-002  
1.783764e-002  
1.811308e-002  
1.751059e-002  
1.853418e-002  
1.766253e-002  
1.829720e-002  
1.766968e-002  
1.810455e-002  
1.798797e-002  
1.814388e-002  
1.801974e-002  
1.775497e-002  
1.839873e-002  
1.783410e-002  
1.823357e-002  
1.810922e-002  
1.813866e-002  
1.796995e-002  
1.839806e-002  
1.808099e-002  
1.785982e-002  
1.820497e-002  
1.869556e-002  
1.771687e-002  
1.825128e-002  
1.803277e-002  
1.842345e-002  
1.820195e-002  
1.814489e-002  
1.828591e-002  
1.814559e-002  
1.870471e-002  
1.751291e-002  
1.875962e-002  
1.818317e-002  
1.845764e-002  
1.784353e-002  
1.889195e-002  
1.804914e-002  
1.856227e-002  
1.813253e-002  
1.836481e-002  
1.846295e-002  
1.878220e-002  
1.803844e-002  
1.840888e-002  
1.867531e-002  
1.840945e-002  
1.835399e-002  
1.843500e-002  
1.884845e-002  
1.798632e-002  
1.900016e-002  
1.817761e-002  
1.878569e-002  
1.819529e-002  
1.877777e-002  
1.848074e-002  
1.870479e-002  
1.846978e-002  
1.858345e-002  
1.894239e-002  
1.816955e-002  
1.887804e-002  
1.852137e-002  
1.899431e-002  
1.849849e-002  
1.881760e-002  
1.849711e-002  
1.914888e-002  
1.853943e-002  
1.915979e-002  
1.795483e-002  
1.973319e-002  
1.816730e-002  
1.898475e-002  
1.878906e-002  
1.912159e-002  
1.866628e-002  
1.881863e-002  
1.907448e-002  
1.883944e-002  
1.929561e-002  
1.830881e-002  
1.923572e-002  
1.916165e-002  
1.902673e-002  
1.861547e-002  
1.936631e-002  
1.903873e-002  
1.909684e-002  
1.887362e-002  
1.932220e-002  
1.903577e-002  
1.944843e-002  
1.878794e-002  
1.945529e-002  
1.910283e-002  
1.925179e-002  
1.923430e-002  
1.916346e-002  
1.952203e-002  
1.893454e-002  
1.965904e-002  
1.891498e-002  
1.973756e-002  
1.890505e-002  
1.969296e-002  
1.936092e-002  
1.946200e-002  
1.916493e-002  
1.960545e-002  
1.969467e-002  
1.921744e-002  
1.950861e-002  
1.979997e-002  
1.945310e-002  
1.955781e-002  
1.957242e-002  
1.954029e-002  
2.000706e-002  
1.926200e-002  
1.976638e-002  
1.948320e-002  
2.056242e-002  
1.885232e-002  
2.000428e-002  
1.978023e-002  
2.012277e-002  
1.950059e-002  
1.983535e-002  
1.988295e-002  
1.994625e-002  
1.993325e-002  
1.961881e-002  
2.032788e-002  
1.990443e-002  
2.005606e-002  
1.981793e-002  
2.022827e-002  
1.990082e-002  
2.028513e-002  
1.965274e-002  
2.060875e-002  
1.996663e-002  
2.034460e-002  
1.981275e-002  
2.065481e-002  
2.030049e-002  
1.979917e-002  
2.082068e-002  
1.985206e-002  
2.079510e-002  
1.987537e-002  
2.078537e-002  
2.021144e-002  
2.076398e-002  
1.988046e-002  
2.095170e-002  
2.051135e-002  
2.023157e-002  
2.050748e-002  
2.104063e-002  
2.028673e-002  
2.068671e-002  
2.065937e-002  
2.107320e-002  
2.028371e-002  
2.097405e-002  
2.038964e-002  
2.104188e-002  
2.119105e-002  
2.056715e-002  
2.096154e-002  
2.060065e-002  
2.173464e-002  
2.019514e-002  
2.096673e-002  
2.164532e-002  
2.066962e-002  
2.078852e-002  
2.164461e-002  
2.092361e-002  
2.101981e-002  
2.090988e-002  
2.145393e-002  
2.094938e-002  
2.173600e-002  
2.098732e-002  
2.142204e-002  
2.160537e-002  
2.091371e-002  
2.186891e-002  
2.127348e-002  
2.191091e-002  
2.121578e-002  
2.141830e-002  
2.160021e-002  
2.160192e-002  
2.136149e-002  
2.162527e-002  
2.195117e-002  
2.129743e-002  
2.213978e-002  
2.164557e-002  
2.202605e-002  
2.145240e-002  
2.182981e-002  
2.222497e-002  
2.213223e-002  
2.168320e-002  
2.213005e-002  
2.186874e-002  
2.281499e-002  
2.079068e-002  
2.275058e-002  
2.179042e-002  
2.243960e-002  
2.235126e-002  
2.230398e-002  
2.170436e-002  
2.276011e-002  
2.211034e-002  
2.289820e-002  
2.192163e-002  
2.266718e-002  
2.261210e-002  
2.194894e-002  
2.288453e-002  
2.296266e-002  
2.296337e-002  
2.175959e-002  
2.341284e-002  
2.193525e-002  
2.349981e-002  
2.253513e-002  
2.306766e-002  
2.223419e-002  
2.329727e-002  
2.303244e-002  
2.324667e-002  
2.360638e-002  
2.259612e-002  
2.316550e-002  
2.291222e-002  
2.290730e-002  
2.322646e-002  
2.359436e-002  
2.312542e-002  
2.360470e-002  
2.347231e-002  
2.312706e-002  
2.395311e-002  
2.323768e-002  
2.280534e-002  
2.445761e-002  
2.295655e-002  
2.403402e-002  
2.302942e-002  
2.469934e-002  
2.363458e-002  
2.250086e-002  
2.472398e-002  
2.388692e-002  
2.330649e-002  
2.440766e-002  
2.358022e-002  
2.456029e-002  
2.364128e-002  
2.384258e-002  
2.489115e-002  
2.351382e-002  
2.441139e-002  
2.513150e-002  
2.284098e-002  
2.460948e-002  
2.503339e-002  
2.497019e-002  
2.362003e-002  
2.484488e-002  
2.535506e-002  
2.390586e-002  
2.456374e-002  
2.516135e-002  
2.471342e-002  
2.423812e-002  
2.480635e-002  
2.529714e-002  
2.452901e-002  
2.565625e-002  
2.423114e-002  
2.627422e-002  
2.473668e-002  
2.503426e-002  
2.528499e-002  
2.560523e-002  
2.503438e-002  
2.578337e-002  
2.588218e-002  
2.407880e-002  
2.621743e-002  
2.544442e-002  
2.587694e-002  
2.544483e-002  
2.576600e-002  
2.494350e-002  
2.634836e-002  
2.560255e-002  
2.694991e-002  
2.472750e-002  
2.657565e-002  
2.680305e-002  
2.409582e-002  
2.745957e-002  
2.628985e-002  
2.653031e-002  
2.555344e-002  
2.727926e-002  
2.507319e-002  
2.862166e-002  
2.567659e-002  
2.486566e-002  
2.764949e-002  
2.699180e-002  
2.697021e-002  
2.690691e-002  
2.633637e-002  
2.997971e-002  
2.242279e-002  
2.731419e-002  
2.736744e-002  
2.887654e-002  
2.562147e-002  
2.664962e-002  
2.792454e-002  
2.784476e-002  
2.690593e-002  
2.715039e-002  
2.856048e-002  
2.676855e-002  
2.789465e-002  
2.750676e-002  
2.827585e-002  
2.591869e-002  
2.985668e-002  
2.537571e-002  
3.046011e-002  
2.674826e-002  
2.848100e-002  
2.729871e-002  
2.817786e-002  
2.946457e-002  
2.729628e-002  
2.882457e-002  
2.838787e-002  
2.836240e-002  
2.769923e-002  
2.999886e-002  
2.791614e-002  
2.822455e-002  
2.901444e-002  
2.904524e-002  
2.945445e-002  
2.862010e-002  
3.003667e-002  
2.746463e-002  
3.025269e-002  
2.947994e-002  
2.905952e-002  
2.911726e-002  
2.923277e-002  
2.892143e-002  
3.068476e-002  
2.880182e-002  
3.143369e-002  
2.822003e-002  
3.020624e-002  
2.990934e-002  
3.062274e-002  
2.957989e-002  
3.083424e-002  
2.919285e-002  
3.127217e-002  
2.909298e-002  
3.088604e-002  
2.983121e-002  
3.117512e-002  
3.082580e-002  
2.982538e-002  
3.170929e-002  
3.141849e-002  
3.001375e-002  
3.147479e-002  
2.975840e-002  
3.163134e-002  
3.194019e-002  
3.069204e-002  
3.082580e-002  
3.173600e-002  
3.080091e-002  
3.226852e-002  
3.058654e-002  
3.313172e-002  
3.118294e-002  
3.147124e-002  
3.263525e-002  
3.129331e-002  
3.290417e-002  
3.163525e-002  
3.213230e-002  
3.221827e-002  
3.202442e-002  
3.313940e-002  
3.251620e-002  
3.338302e-002  
3.097354e-002  
3.378139e-002  
3.282105e-002  
3.233922e-002  
3.388702e-002  
3.271376e-002  
3.363631e-002  
3.292391e-002  
3.387929e-002  
3.271232e-002  
3.357917e-002  
3.314985e-002  
3.423438e-002  
3.306303e-002  
3.444489e-002  
3.355424e-002  
3.434043e-002  
3.434829e-002  
3.339095e-002  
3.389459e-002  
3.549804e-002  
3.437786e-002  
3.397328e-002  
3.461674e-002  
3.488699e-002  
3.537105e-002  
3.359229e-002  
3.576504e-002  
3.500198e-002  
3.540918e-002  
3.448201e-002  
3.565259e-002  
3.518168e-002  
3.667130e-002  
3.440974e-002  
3.633124e-002  
3.561921e-002  
3.582577e-002  
3.607234e-002  
3.638709e-002  
3.604734e-002  
3.629277e-002  
3.624533e-002  
3.601528e-002  
3.739675e-002  
3.648859e-002  
3.696602e-002  
3.603832e-002  
3.801619e-002  
3.707010e-002  
3.690014e-002  
3.720329e-002  
3.771382e-002  
3.762687e-002  
3.783798e-002  
3.710992e-002  
3.834154e-002  
3.751813e-002  
3.778087e-002  
3.828243e-002  
3.857169e-002  
3.797398e-002  
3.844069e-002  
3.885724e-002  
3.872056e-002  
3.896078e-002  
3.859906e-002  
3.923211e-002  
3.921662e-002  
3.918914e-002  
3.930236e-002  
3.973014e-002  
3.954852e-002  
3.932375e-002  
4.018421e-002  
4.003631e-002  
3.977074e-002  
4.048163e-002  
4.025077e-002  
4.026634e-002  
4.092905e-002  
4.031695e-002  
4.057953e-002  
4.111714e-002  
4.104140e-002  
4.043687e-002  
4.196623e-002  
4.059855e-002  
4.268949e-002  
4.070328e-002  
4.245123e-002  
4.168786e-002  
4.199322e-002  
4.216214e-002  
4.164258e-002  
4.309040e-002  
4.256540e-002  
4.286881e-002  
4.232572e-002  
4.340005e-002  
4.306440e-002  
4.257482e-002  
4.342692e-002  
4.468612e-002  
4.331816e-002  
4.291616e-002  
4.374757e-002  
4.445889e-002  
4.318396e-002  
4.479552e-002  
4.505251e-002  
4.383031e-002  
4.461196e-002  
4.418398e-002  
4.567645e-002  
4.446715e-002  
4.646371e-002  
4.456776e-002  
4.643869e-002  
4.460439e-002  
4.578039e-002  
4.690538e-002  
4.582435e-002  
4.645791e-002  
4.623663e-002  
4.652658e-002  
4.680374e-002  
4.704579e-002  
4.755159e-002  
4.518101e-002  
4.917880e-002  
4.785063e-002  
4.688549e-002  
4.871139e-002  
4.798824e-002  
4.739576e-002  
4.844888e-002  
5.039402e-002  
4.774357e-002  
4.835966e-002  
4.967628e-002  
4.949297e-002  
4.803126e-002  
5.044501e-002  
4.913209e-002  
4.957230e-002  
5.096441e-002  
4.924356e-002  
5.078766e-002  
5.105212e-002  
5.012570e-002  
5.244484e-002  
5.100486e-002  
4.949012e-002  
5.466403e-002  
4.819502e-002  
5.480541e-002  
5.076247e-002  
5.246454e-002  
5.305540e-002  
5.282429e-002  
5.278068e-002  
5.111106e-002  
5.349110e-002  
5.492687e-002  
5.297982e-002  
5.503485e-002  
5.219288e-002  
5.886913e-002  
5.027655e-002  
5.341575e-002  
5.733471e-002  
5.387705e-002  
5.698381e-002  
5.176169e-002  
5.878601e-002  
5.291179e-002  
5.678693e-002  
5.561582e-002  
5.907905e-002  
5.482910e-002  
5.574305e-002  
5.816746e-002  
5.817768e-002  
5.758928e-002  
5.991249e-002  
5.396323e-002  
5.971270e-002  
5.770648e-002  
5.908494e-002  
6.021580e-002  
5.690007e-002  
6.227871e-002  
5.846180e-002  
5.843184e-002  
6.233610e-002  
5.894113e-002  
6.193772e-002  
6.098187e-002  
5.978662e-002  
6.115900e-002  
6.274966e-002  
6.091765e-002  
6.313112e-002  
6.274979e-002  
6.310621e-002  
6.273463e-002  
6.285949e-002  
6.634312e-002  
6.031256e-002  
6.477841e-002  
6.562620e-002  
6.498218e-002  
6.489118e-002  
6.658456e-002  
6.243150e-002  
6.794108e-002  
6.457675e-002  
6.584962e-002  
6.945481e-002  
6.711377e-002  
6.622984e-002  
6.578914e-002  
7.238092e-002  
6.302898e-002  
7.329315e-002  
6.644335e-002  
6.821482e-002  
7.024767e-002  
6.952973e-002  
6.893621e-002  
7.342473e-002  
7.050104e-002  
6.795119e-002  
7.321218e-002  
6.910564e-002  
7.768177e-002  
6.916941e-002  
7.108640e-002  
7.396638e-002  
7.476494e-002  
7.066339e-002  
7.645091e-002  
7.716259e-002  
7.075436e-002  
7.732183e-002  
7.452855e-002  
7.341670e-002  
8.269997e-002  
7.292770e-002  
7.767087e-002  
7.963412e-002  
7.627483e-002  
7.543682e-002  
7.897697e-002  
8.182305e-002  
8.187930e-002  
7.739204e-002  
8.128530e-002  
8.206262e-002  
7.815921e-002  
8.373732e-002  
8.125115e-002  
8.191162e-002  
9.050597e-002  
7.929826e-002  
8.228873e-002  
8.416460e-002  
8.643074e-002  
8.748250e-002  
8.098222e-002  
9.022440e-002  
8.386283e-002  
8.724247e-002  
8.927600e-002  
8.565746e-002  
8.532828e-002  
9.452781e-002  
8.987755e-002  
8.682300e-002  
9.312910e-002  
9.478786e-002  
8.957537e-002  
9.194227e-002  
8.866442e-002  
9.831306e-002  
9.460510e-002  
8.899383e-002  
1.007083e-001  
9.089391e-002  
1.007999e-001  
9.932716e-002  
9.834684e-002  
9.210567e-002  
1.023945e-001  
1.011229e-001  
9.574225e-002  
1.009650e-001  
1.051567e-001  
9.792327e-002  
1.107087e-001  
9.685721e-002  
1.096497e-001  
1.041606e-001  
9.807745e-002  
1.157635e-001  
1.027927e-001  
1.102821e-001  
1.099543e-001  
1.138904e-001  
1.066151e-001  
1.146028e-001  
1.106614e-001  
1.081000e-001  
1.199292e-001  
1.104827e-001  
1.145667e-001  
1.226652e-001  
1.130793e-001  
1.117312e-001  
1.261669e-001  
1.206868e-001  
1.191840e-001  
1.236280e-001  
1.239977e-001  
1.217945e-001  
1.194687e-001  
1.325751e-001  
1.269880e-001  
1.289233e-001  
1.292697e-001  
1.304256e-001  
1.310589e-001  
1.321549e-001  
1.380878e-001  
1.327657e-001  
1.320742e-001  
1.414364e-001  
1.372140e-001  
1.465962e-001  
1.319791e-001  
1.473807e-001  
1.415823e-001  
1.469271e-001  
1.474913e-001  
1.476562e-001  
1.505170e-001  
1.521048e-001  
1.582268e-001  
1.469995e-001  
1.634139e-001  
1.559839e-001  
1.582799e-001  
1.619548e-001  
1.622594e-001  
1.668124e-001  
1.667190e-001  
1.717005e-001  
1.670934e-001  
1.769914e-001  
1.767048e-001  
1.778606e-001  
1.796176e-001  
1.815064e-001  
1.893857e-001  
1.810917e-001  
1.911399e-001  
1.921871e-001  
2.006371e-001  
1.938355e-001  
1.942367e-001  
2.175684e-001  
1.956548e-001  
2.210549e-001  
2.119656e-001  
2.162196e-001  
2.238665e-001  
2.244482e-001  
2.303840e-001  
2.268760e-001  
2.421723e-001  
2.374518e-001  
2.541370e-001  
2.412686e-001  
2.650945e-001  
2.613201e-001  
2.653025e-001  
2.652311e-001  
2.873366e-001  
2.812001e-001  
2.934730e-001  
2.997672e-001  
3.096602e-001  
3.078153e-001  
3.289772e-001  
3.335086e-001  
3.388976e-001  
3.554750e-001  
3.590251e-001  
3.848542e-001  
3.781126e-001  
4.088804e-001  
4.098162e-001  
4.350578e-001  
4.479663e-001  
4.681025e-001  
4.919542e-001  
5.104586e-001  
5.444667e-001  
5.655337e-001  
5.969964e-001  
6.479045e-001  
6.763147e-001  
7.297829e-001  
7.723569e-001  
8.451220e-001  
9.235423e-001  
1.002611e+000  
1.112436e+000  
1.201969e+000  
1.307829e+000  
1.246463e+000  
4.201733e-001  
-7.582522e+000  
1.788606e+002  
-2.924244e+002  
8.477915e+001  
2.153852e+000  
-8.101442e-001  
-1.159343e+000  
-1.116722e+000  
-1.018926e+000  
-9.202738e-001  
-8.106030e-001  
-7.508667e-001  
-6.614727e-001  
-6.143504e-001  
-5.480227e-001  
-5.242982e-001  
-4.716842e-001  
-4.292432e-001  
-4.108958e-001  
-3.788376e-001  
-3.544927e-001  
-3.283494e-001  
-3.074761e-001  
-2.985151e-001  
-2.674267e-001  
-2.632355e-001  
-2.434748e-001  
-2.398265e-001  
-2.089880e-001  
-2.107820e-001  
-1.937099e-001  
-1.797203e-001  
-1.794453e-001  
-1.602460e-001  
-1.581428e-001  
-1.576706e-001  
-1.367312e-001  
-1.286609e-001  
-1.361481e-001  
-1.128858e-001  
-1.195250e-001  
-1.047356e-001  
-9.141119e-002  
-9.893742e-002  
-1.029182e-001  
-6.987739e-002  
-9.753412e-002  
-6.898782e-002  
-6.761558e-002  
-6.954018e-002  
-5.667336e-002  
-6.473169e-002  
-4.901167e-002  
-5.447721e-002  
-4.324488e-002  
-4.255813e-002  
-4.007389e-002  
-3.294151e-002  
-2.320484e-002  
-3.580587e-002  
-2.110828e-002  
-2.415104e-002  
-1.783923e-002  
-1.242300e-002  
2.526641e-004  
-2.154789e-002  
-1.897417e-003  
3.396839e-003  
-7.674798e-003  
9.040467e-003  
1.305704e-002  
1.356395e-002  
3.319092e-003  
2.308628e-002  
1.564330e-002  
2.608979e-002  
2.405234e-002  
2.264062e-002  
3.588420e-002  
3.409997e-002  
3.319002e-002  
3.429786e-002  
4.461719e-002  
4.956718e-002  
4.037478e-002  
5.117103e-002  
5.407381e-002  
5.506281e-002  
5.523656e-002  
5.756041e-002  
6.392533e-002  
6.553951e-002  
6.463813e-002  
7.857279e-002  
7.171295e-002  
7.524644e-002  
8.066788e-002  
