-0.00055495
-0.00029340
-0.00008656
0.00032295
0.00006253
-0.00015618
0.00001784
0.00009925
-0.00013662
0.00045712
0.00030818
0.00006684
0.00007952
-0.00003929
-0.00047952
-0.00022520
-0.00046934
0.00013945
-0.00002294
-0.00030508
-0.00039669
-0.00012127
-0.00011400
-0.00005290
0.00029996
0.00017546
0.00045983
0.00018968
0.00021777
0.00002530
0.00024834
0.00012485
0.00031356
-0.00014537
-0.00010288
-0.00072732
-0.00030251
-0.00041496
-0.00012438
0.00001208
0.00009931
-0.00015233
0.00021438
0.00001734
0.00045467
0.00018892
0.00048857
0.00025480
-0.00002757
0.00003334
-0.00024556
-0.00024731
-0.00003051
-0.00015570
-0.00003337
-0.00002641
-0.00040596
-0.00015757
-0.00003761
0.00005690
0.00043767
0.00045919
0.00019959
0.00048387
0.00022063
0.00001346
0.00028778
0.00000578
-0.00005522
-0.00007690
-0.00048467
-0.00035988
-0.00030865
-0.00012462
-0.00010177
0.00028763
0.00025238
0.00025425
0.00013998
0.00033108
-0.00003705
0.00055809
0.00022408
0.00020909
-0.00004187
-0.00015478
-0.00052538
0.00004970
-0.00032548
-0.00007970
-0.00018568
-0.00016017
-0.00034791
-0.00012321
0.00000646
0.00023805
0.00036301
0.00040684
0.00028606
0.00008059
0.00010235
-0.00022246
0.00018444
0.00000646
-0.00011583
-0.00033819
-0.00031217
-0.00076716
-0.00010721
-0.00026470
0.00000283
0.00006492
0.00022116
-0.00000127
0.00018360
0.00023666
0.00041658
0.00020415
0.00032901
-0.00040875
-0.00047648
-0.00047166
-0.00026387
-0.00051844
-0.00002937
-0.00006673
-0.00030472
-0.00008136
-0.00038390
-0.00033322
0.00023178
0.00015062
0.00070240
0.00000491
-0.00030462
0.00043958
0.00000956
0.00025765
0.00040218
0.00006403
-0.00043483
-0.00028606
-0.00024222
0.00006393
-0.00029993
0.00014741
0.00034531
0.00022933
-0.00002182
0.00010525
0.00015968
0.00075276
0.00071365
0.00019578
0.00011508
0.00043051
0.00045561
0.00019785
-0.00045421
0.00010738
-0.00075951
-0.00077210
-0.00034839
-0.00052582
-0.00009335
0.00038217
0.00017461
-0.00011849
0.00023781
0.00016745
-0.00029808
-0.00011239
0.00082358
0.00048226
0.00076796
-0.00088867
-0.00007152
0.00037275
0.00049045
-0.00022775
-0.00060378
0.00078043
0.00030369
0.00035875
0.00020052
-0.00058968
0.00031485
-0.00033466
0.00033605
0.00062709
0.00095208
-0.00002761
0.00024889
0.00021813
-0.00108876
-0.00025093
-0.00018356
-0.00061953
-0.00045799
-0.00107832
0.00074351
0.00116860
0.00027947
0.00095510
0.00176565
-0.00110862
-0.00005626
0.00011011
0.00036219
-0.00067325
0.00135123
-0.00019041
0.00028722
-0.00030359
-0.00074829
-0.00023145
-0.00162375
-0.00242427
-0.00133004
-0.00058680
0.00095692
0.00048129
0.00009273
0.00121036
-0.00020238
-0.00004309
-0.00053188
-0.00143029
-0.00000303
-0.00006729
-0.00053628
-0.00106441
-0.00137335
-0.00020407
-0.00055995
-0.00093903
-0.00103851
-0.00061128
0.00016355
0.00076528
-0.00081162
-0.00115373
0.00049532
-0.00025497
-0.00060521
-0.00106159
-0.00057554
0.00065906
0.00075728
0.00005418
-0.00034363
-0.00029117
-0.00141417
-0.00010511
0.00071590
0.00044336
0.00055508
0.00026978
0.00057323
0.00057754
0.00023006
-0.00047907
0.00079607
-0.00033135
0.00001940
-0.00107284
-0.00023197
-0.00058428
-0.00043229
-0.00110335
-0.00022244
0.00004252
-0.00039744
-0.00021886
0.00062883
0.00029621
0.00079628
-0.00018636
0.00017595
0.00023977
0.00053434
-0.00011077
0.00024559
-0.00000513
-0.00007123
-0.00028231
0.00001119
-0.00003877
0.00001505
0.00027032
-0.00026749
-0.00006333
0.00034289
-0.00010213
0.00010936
0.00073487
0.00105780
0.00062835
0.00001655
-0.00053460
-0.00015810
-0.00044019
0.00002133
0.00009032
-0.00041969
-0.00026210
-0.00077643
0.00044961
0.00022020
0.00067371
0.00101568
0.00092989
-0.00000228
-0.00042082
-0.00015396
0.00001574
0.00066024
0.00143016
-0.00076558
-0.00000304
-0.00014608
-0.00088418
0.00044812
-0.00105577
-0.00046161
0.00080496
0.00031548
-0.00078961
-0.00004414
0.00295334
0.00270918
0.00023172
0.00001668
-0.00124560
0.00098748
0.00122638
0.00154573
-0.00213587
-0.00149964
-0.00318363
-0.00252378
-0.00103106
-0.00144722
0.00071518
-0.00055487
-0.00321180
-0.00081656
0.00113188
0.00243774
-0.00113730
-0.00158596
0.00013036
-0.00006728
-0.00105728
-0.00011645
-0.00021502
0.00246926
0.00080063
-0.00007947
0.00143969
0.00222132
-0.00063091
-0.00027945
-0.00178130
-0.00499403
-0.00220994
0.00073689
-0.00101174
-0.00039047
0.00175744
0.00461744
-0.00059625
0.00125561
0.00149687
-0.00349484
-0.00058339
0.00514911
0.00060943
-0.00086951
0.00015050
0.00134470
0.00075215
-0.00260009
-0.00083924
0.00555856
-0.00025876
0.00062864
-0.00416332
-0.00250314
0.00151978
-0.00263807
-0.00030371
0.00140499
-0.00203172
-0.00348349
0.00047963
0.00537268
0.00308864
0.00108360
0.00316362
-0.00398099
0.00230299
0.00684422
0.00472112
-0.00646259
-0.00514623
-0.00071245
-0.00394288
-0.00061914
0.00554904
-0.00100775
-0.00261987
0.00548488
-0.00171524
0.00074650
-0.00425248
-0.00152857
-0.00030301
-0.00030724
0.00311776
-0.00299720
-0.00303353
-0.00803935
-0.00274846
0.00010847
0.00016433
0.00436546
0.00611533
-0.00072991
-0.00121078
-0.00121472
-0.00367054
-0.00194707
-0.00186339
0.00407010
0.00183788
0.00409143
-0.00626465
-0.01213103
-0.00333335
0.00174290
0.00184886
0.00473099
0.00711226
0.00706482
-0.00009712
0.00706100
0.00097791
0.00234585
0.00374510
-0.00376686
-0.00635869
-0.01068294
-0.00774369
-0.00373824
-0.00128325
0.00003089
-0.01013458
-0.01342232
-0.02132430
-0.02346241
-0.04799401
-0.12311858
0.39369941
170.02886963
110.09012604
0.09597359
0.11327838
0.04127896
0.01315945
0.00703737
-0.00078118
0.01157847
0.00492367
0.00412996
-0.00377944
-0.00239083
-0.00598299
-0.00377273
0.00490274
0.00543573
-0.00532242
0.00473589
0.00791200
0.00120600
-0.00103900
0.01577923
0.00725390
-0.00328191
-0.00585055
-0.00407737
-0.00021125
0.00004678
-0.00701116
-0.00245175
-0.00002100
-0.00750267
0.00613449
0.00348432
0.00285898
0.00691704
0.00349277
-0.00394042
0.00038484
-0.00265297
0.00415223
0.00197824
0.00044410
-0.00122120
0.00057635
0.00577032
-0.00045075
