0.0001220703125
-6.103515625e-05
-3.0517578125e-05
6.103515625e-05
-0.000244140625
0.00030517578125
-0.000457763671875
0.00054931640625
-0.000579833984375
0.000518798828125
-0.000885009765625
0.0010986328125
-0.00115966796875
0.0013427734375
-0.001556396484375
0.001953125
-0.00244140625
0.002777099609375
-0.0032958984375
0.004608154296875
-0.0079345703125
0.026519775390625
0.09259033203125
0.041412353515625
-0.02679443359375
-0.106414794921875
-0.157989501953125
-0.2564697265625
-0.355712890625
-0.43560791015625
-0.50750732421875
-0.541961669921875
-0.466461181640625
-0.316986083984375
-0.2169189453125
-0.16900634765625
-0.12799072265625
-0.0076904296875
0.069610595703125
0.100738525390625
0.13604736328125
0.15777587890625
0.221435546875
0.362518310546875
0.38934326171875
0.373992919921875
0.40771484375
0.441802978515625
0.37677001953125
0.263427734375
0.28057861328125
0.343536376953125
0.3690185546875
0.322662353515625
0.313934326171875
0.341644287109375
0.3037109375
0.22314453125
0.19915771484375
0.240570068359375
0.228240966796875
0.144134521484375
0.089447021484375
0.104248046875
0.167449951171875
0.150146484375
0.01385498046875
-0.09197998046875
-0.118011474609375
-0.15313720703125
-0.2158203125
-0.246978759765625
-0.1976318359375
-0.12139892578125
-0.1478271484375
-0.361053466796875
-0.359283447265625
-0.09710693359375
-0.04351806640625
-0.12347412109375
-0.185455322265625
-0.171661376953125
-0.068115234375
0.0068359375
-0.01715087890625
-0.04730224609375
-0.0968017578125
-0.187530517578125
-0.333221435546875
-0.4444580078125
-0.467437744140625
-0.525634765625
-0.702667236328125
-0.827423095703125
-0.737396240234375
-0.5655517578125
-0.43756103515625
-0.388916015625
-0.348480224609375
-0.214752197265625
-0.100616455078125
-0.12841796875
-0.111480712890625
0.04095458984375
0.197479248046875
0.201934814453125
0.209930419921875
0.322967529296875
0.462799072265625
0.517181396484375
0.466949462890625
0.458831787109375
0.47998046875
0.437255859375
0.36322021484375
0.36773681640625
0.4649658203125
0.4747314453125
0.341033935546875
0.245880126953125
0.271575927734375
0.374298095703125
0.31884765625
0.155517578125
0.164764404296875
0.27252197265625
0.35546875
0.28662109375
0.09869384765625
0.0576171875
0.04486083984375
-0.143218994140625
-0.37652587890625
-0.32818603515625
-0.101806640625
-0.0836181640625
-0.21466064453125
-0.35009765625
-0.3428955078125
-0.16748046875
-0.11968994140625
-0.205841064453125
-0.246307373046875
-0.196746826171875
-0.084716796875
-0.02850341796875
0.02532958984375
0.105010986328125
0.127532958984375
0.0689697265625
-0.025604248046875
-0.085479736328125
-0.155914306640625
-0.308563232421875
-0.55987548828125
-0.782684326171875
-0.77691650390625
-0.674285888671875
-0.64593505859375
-0.55963134765625
-0.37811279296875
-0.214752197265625
-0.186981201171875
-0.215606689453125
-0.137939453125
0.010040283203125
0.135772705078125
0.20574951171875
0.26861572265625
0.339263916015625
0.395416259765625
0.449798583984375
0.52398681640625
0.6136474609375
0.636383056640625
0.56939697265625
0.496856689453125
0.51898193359375
0.552215576171875
0.433868408203125
0.310791015625
0.272918701171875
0.320068359375
0.42559814453125
0.3548583984375
0.25164794921875
0.316619873046875
0.404083251953125
0.365264892578125
0.274627685546875
0.32904052734375
0.375152587890625
0.215911865234375
-0.06365966796875
-0.29998779296875
-0.31439208984375
-0.189300537109375
-0.176910400390625
-0.275238037109375
-0.343963623046875
-0.28643798828125
-0.208038330078125
-0.21771240234375
-0.23272705078125
-0.169677734375
-0.094207763671875
-0.075469970703125
-0.07373046875
-0.04156494140625
0.012298583984375
0.019561767578125
-0.0654296875
-0.084259033203125
-0.026031494140625
-0.0889892578125
-0.260498046875
-0.464630126953125
-0.61041259765625
-0.773773193359375
-0.8890380859375
-0.8553466796875
-0.722991943359375
-0.5438232421875
-0.44464111328125
-0.3929443359375
-0.318756103515625
-0.259796142578125
-0.236968994140625
-0.175048828125
-0.095001220703125
-0.031341552734375
-0.012054443359375
-0.02337646484375
0.062286376953125
0.217681884765625
0.31365966796875
0.313751220703125
0.311981201171875
0.363983154296875
0.5126953125
0.568359375
0.40350341796875
0.319976806640625
0.3731689453125
0.40045166015625
0.341278076171875
0.307708740234375
0.375
0.425323486328125
0.380462646484375
0.30804443359375
0.292205810546875
0.4237060546875
0.48687744140625
0.322723388671875
0.080902099609375
-0.0816650390625
-0.09515380859375
-0.12103271484375
-0.181671142578125
-0.199554443359375
-0.204620361328125
-0.21337890625
-0.191436767578125
-0.173187255859375
-0.146453857421875
-0.10888671875
-0.112030029296875
-0.13067626953125
-0.071044921875
0.013153076171875
0.02490234375
-0.015777587890625
-0.043304443359375
-0.0081787109375
0.031829833984375
-0.023773193359375
-0.109588623046875
-0.2001953125
-0.330657958984375
-0.572357177734375
-0.784210205078125
-0.789093017578125
-0.715789794921875
-0.59149169921875
-0.492401123046875
-0.361175537109375
-0.27349853515625
-0.297607421875
-0.289947509765625
-0.187652587890625
-0.081268310546875
-0.08203125
-0.123992919921875
-0.1173095703125
-0.01739501953125
0.143798828125
0.2142333984375
0.208221435546875
0.312957763671875
0.492095947265625
0.6129150390625
0.577972412109375
0.536956787109375
0.576171875
0.57940673828125
0.526123046875
0.442169189453125
0.482391357421875
0.616668701171875
0.592742919921875
0.43548583984375
0.31414794921875
0.38360595703125
0.573760986328125
0.577880859375
0.455230712890625
0.30889892578125
0.156097412109375
0.061798095703125
-0.040191650390625
-0.121978759765625
-0.149658203125
-0.1688232421875
-0.220672607421875
-0.275665283203125
-0.26080322265625
-0.25518798828125
-0.301422119140625
-0.3419189453125
-0.32568359375
-0.246429443359375
-0.218231201171875
-0.23004150390625
-0.204437255859375
-0.1683349609375
-0.178131103515625
-0.170135498046875
-0.1402587890625
-0.126739501953125
-0.172210693359375
-0.326995849609375
-0.578399658203125
-0.783416748046875
-0.850341796875
-0.852935791015625
-0.71929931640625
-0.510498046875
-0.351837158203125
-0.305694580078125
-0.310089111328125
-0.270050048828125
-0.155609130859375
-0.01763916015625
-0.042022705078125
-0.13116455078125
-0.07696533203125
0.065582275390625
0.124481201171875
0.118072509765625
0.197967529296875
0.352691650390625
0.482818603515625
0.527313232421875
0.517913818359375
0.573150634765625
0.65850830078125
0.613677978515625
0.4781494140625
0.407562255859375
0.525054931640625
0.6204833984375
0.539459228515625
0.412200927734375
0.33837890625
0.38592529296875
0.51043701171875
0.568084716796875
0.506683349609375
0.431304931640625
0.34271240234375
0.22125244140625
0.1087646484375
0.075836181640625
0.0509033203125
0.005950927734375
-0.058074951171875
-0.063751220703125
-0.0487060546875
-0.168853759765625
-0.243988037109375
-0.2216796875
-0.184722900390625
-0.17431640625
-0.173980712890625
-0.152252197265625
-0.128814697265625
-0.1356201171875
-0.2205810546875
-0.22381591796875
-0.14813232421875
-0.14215087890625
-0.197540283203125
-0.28643798828125
-0.467132568359375
-0.748687744140625
-0.9351806640625
-1.0
-0.934326171875
-0.73486328125
-0.5648193359375
-0.56622314453125
-0.53619384765625
-0.3642578125
-0.2078857421875
-0.173187255859375
-0.226593017578125
-0.177001953125
-0.07586669921875
-0.00634765625
-0.0128173828125
-0.02484130859375
0.114044189453125
0.266357421875
0.30230712890625
0.30718994140625
0.382476806640625
0.514739990234375
0.552886962890625
0.443939208984375
0.35302734375
0.352386474609375
0.429229736328125
0.5013427734375
0.43353271484375
0.320220947265625
0.262054443359375
0.2445068359375
0.30810546875
0.383544921875
0.41156005859375
0.409027099609375
0.3182373046875
0.217620849609375
0.173248291015625
0.1080322265625
0.022064208984375
-0.01409912109375
-0.00665283203125
-0.001708984375
-0.05352783203125
-0.13385009765625
-0.174713134765625
-0.1737060546875
-0.202606201171875
-0.233489990234375
-0.18975830078125
-0.13482666015625
-0.148956298828125
-0.222076416015625
-0.2559814453125
-0.249847412109375
-0.196441650390625
-0.124267578125
-0.10052490234375
-0.13671875
-0.215576171875
-0.509613037109375
-0.838623046875
-0.942596435546875
-0.87005615234375
-0.730377197265625
-0.7119140625
-0.677215576171875
-0.544403076171875
-0.371795654296875
-0.266876220703125
-0.28375244140625
-0.283660888671875
-0.1602783203125
-0.053314208984375
-0.058624267578125
-0.1123046875
-0.071258544921875
0.087890625
0.162841796875
0.18487548828125
0.251556396484375
0.389556884765625
0.542510986328125
0.544647216796875
0.44354248046875
0.394561767578125
0.4130859375
0.495025634765625
0.547698974609375
0.516845703125
0.45184326171875
0.36962890625
0.302520751953125
0.349273681640625
0.504730224609375
0.5706787109375
0.56146240234375
0.544525146484375
0.52667236328125
0.4730224609375
0.324493408203125
0.23773193359375
0.247344970703125
0.27880859375
0.245880126953125
0.160308837890625
0.149078369140625
0.12335205078125
0.05029296875
-0.006805419921875
-0.004119873046875
0.0159912109375
0.016876220703125
-0.020111083984375
-0.080657958984375
-0.124420166015625
-0.1292724609375
-0.146453857421875
-0.13671875
-0.006011962890625
0.1097412109375
0.037445068359375
-0.325042724609375
-0.6370849609375
-0.74688720703125
-0.782562255859375
-0.8026123046875
-0.842376708984375
-0.79632568359375
-0.65032958984375
-0.522735595703125
-0.506256103515625
-0.49041748046875
-0.37921142578125
-0.2371826171875
-0.17803955078125
-0.194854736328125
-0.199127197265625
-0.12109375
-0.015350341796875
0.0196533203125
0.054840087890625
0.160858154296875
0.3487548828125
0.516357421875
0.530792236328125
0.47344970703125
0.436798095703125
0.413299560546875
0.450775146484375
0.541168212890625
0.55181884765625
0.4498291015625
0.339935302734375
0.292327880859375
0.318634033203125
0.39080810546875
0.427520751953125
0.4351806640625
0.4541015625
0.45855712890625
0.351959228515625
0.224090576171875
0.17376708984375
0.130645751953125
0.089202880859375
0.075347900390625
0.06158447265625
0.032928466796875
-0.006622314453125
-0.0784912109375
-0.156158447265625
-0.15576171875
-0.085205078125
-0.1053466796875
-0.14385986328125
-0.1285400390625
-0.12420654296875
-0.22265625
-0.3341064453125
-0.2454833984375
-0.06817626953125
0.058868408203125
0.024383544921875
-0.27618408203125
-0.508148193359375
-0.592864990234375
-0.746063232421875
-0.9212646484375
-0.999908447265625
-0.918701171875
-0.824188232421875
-0.788543701171875
-0.762939453125
-0.6890869140625
-0.558197021484375
-0.45062255859375
-0.413421630859375
-0.392730712890625
-0.34356689453125
-0.237640380859375
-0.193145751953125
-0.19805908203125
-0.1417236328125
-0.0181884765625
0.159088134765625
0.336456298828125
0.4398193359375
0.412017822265625
0.35430908203125
0.380462646484375
0.469146728515625
0.5867919921875
0.619476318359375
0.528289794921875
0.46392822265625
0.452423095703125
0.4263916015625
0.399383544921875
0.46209716796875
0.5411376953125
0.553375244140625
0.531341552734375
0.50604248046875
0.42181396484375
0.3211669921875
0.27911376953125
0.23797607421875
0.211761474609375
0.223388671875
0.19573974609375
0.122589111328125
0.0638427734375
0.05859375
0.070709228515625
0.04315185546875
0.070526123046875
0.137481689453125
0.16070556640625
0.118194580078125
-0.033782958984375
-0.1900634765625
-0.11260986328125
0.07269287109375
0.173858642578125
0.170379638671875
0.05511474609375
-0.11163330078125
-0.29876708984375
-0.51678466796875
-0.69757080078125
-0.78521728515625
-0.79937744140625
-0.7763671875
-0.781341552734375
-0.77520751953125
-0.680267333984375
-0.53424072265625
-0.46234130859375
-0.44439697265625
-0.37353515625
-0.287628173828125
-0.22821044921875
-0.212371826171875
-0.233489990234375
-0.2288818359375
-0.14227294921875
0.040496826171875
0.25750732421875
0.422210693359375
0.400604248046875
0.338165283203125
0.39288330078125
0.507049560546875
0.57684326171875
0.58782958984375
0.58697509765625
0.550323486328125
0.464141845703125
0.387237548828125
0.35498046875
0.37445068359375
0.46368408203125
0.506866455078125
0.508636474609375
0.484100341796875
0.451416015625
0.363861083984375
0.24298095703125
0.206817626953125
0.23870849609375
0.2242431640625
0.159759521484375
0.1202392578125
0.09271240234375
0.0777587890625
0.022308349609375
-0.041778564453125
0.008331298828125
0.138702392578125
0.19964599609375
0.1143798828125
-0.09844970703125
-0.227325439453125
-0.162139892578125
-0.0606689453125
0.036346435546875
0.142730712890625
0.16180419921875
0.062957763671875
-0.13134765625
-0.35394287109375
-0.559234619140625
-0.6717529296875
-0.74029541015625
-0.842498779296875
-0.876861572265625
-0.85052490234375
-0.7933349609375
-0.711151123046875
-0.641143798828125
-0.616485595703125
-0.555389404296875
-0.465423583984375
-0.38507080078125
-0.354949951171875
-0.4146728515625
-0.47064208984375
-0.424957275390625
-0.2281494140625
0.0001220703125
0.10113525390625
0.139923095703125
0.187530517578125
0.23529052734375
0.313140869140625
0.391571044921875
0.471893310546875
0.50970458984375
0.494537353515625
0.448638916015625
0.34136962890625
0.286224365234375
0.330230712890625
0.37127685546875
0.398101806640625
0.460418701171875
0.51336669921875
0.488800048828125
0.393951416015625
0.31195068359375
0.304840087890625
0.32904052734375
0.290740966796875
0.200164794921875
0.191497802734375
0.201141357421875
0.1524658203125
0.007171630859375
-0.095123291015625
0.005401611328125
0.147125244140625
0.192413330078125
0.118988037109375
-0.003997802734375
-0.12628173828125
-0.150970458984375
-0.102752685546875
-0.04986572265625
0.08026123046875
0.224090576171875
0.20166015625
0.040771484375
-0.112762451171875
-0.2877197265625
-0.4439697265625
-0.584381103515625
-0.726715087890625
-0.784210205078125
-0.805023193359375
-0.79180908203125
-0.74310302734375
-0.673095703125
-0.634857177734375
-0.612884521484375
-0.497467041015625
-0.311920166015625
-0.263671875
-0.41070556640625
-0.476806640625
-0.41009521484375
-0.269927978515625
-0.11260986328125
0.01898193359375
0.11212158203125
0.157257080078125
0.216888427734375
0.2669677734375
0.3184814453125
0.469512939453125
0.5546875
0.517791748046875
0.47015380859375
0.409820556640625
0.3543701171875
0.310455322265625
0.311737060546875
0.372589111328125
0.46270751953125
0.50830078125
0.47735595703125
0.40667724609375
0.379486083984375
0.382659912109375
0.3526611328125
0.264434814453125
0.242462158203125
0.30419921875
0.304534912109375
0.18670654296875
0.0230712890625
-0.064605712890625
0.014923095703125
0.155242919921875
0.209381103515625
0.17022705078125
0.094329833984375
-0.011016845703125
-0.144989013671875
-0.17767333984375
-0.12017822265625
0.029205322265625
0.18408203125
0.23541259765625
0.15386962890625
0.030364990234375
-0.085662841796875
-0.247100830078125
-0.428924560546875
-0.593231201171875
-0.70318603515625
-0.7794189453125
-0.764678955078125
-0.705322265625
-0.714752197265625
-0.738861083984375
-0.6485595703125
-0.488128662109375
-0.357666015625
-0.30377197265625
-0.382415771484375
-0.460540771484375
-0.42578125
-0.3067626953125
-0.212982177734375
-0.081451416015625
0.07861328125
0.128448486328125
0.15185546875
0.200531005859375
0.28179931640625
0.413177490234375
0.519439697265625
0.541595458984375
0.54034423828125
0.506103515625
0.451751708984375
0.35009765625
0.310333251953125
0.387420654296875
0.485321044921875
0.509307861328125
0.433807373046875
0.431060791015625
0.472686767578125
0.439208984375
0.352081298828125
0.28497314453125
0.3165283203125
0.387542724609375
0.3619384765625
0.228179931640625
0.063262939453125
-0.023529052734375
0.005279541015625
0.072174072265625
0.13385009765625
0.17681884765625
0.1658935546875
0.073883056640625
-0.080841064453125
-0.16558837890625
-0.143585205078125
-0.033966064453125
0.085479736328125
0.194091796875
0.215667724609375
0.13787841796875
0.043243408203125
-0.051544189453125
-0.1585693359375
-0.428955078125
-0.615509033203125
-0.630096435546875
-0.641815185546875
-0.674285888671875
-0.73443603515625
-0.779541015625
-0.716400146484375
-0.558319091796875
-0.4306640625
-0.378265380859375
-0.41912841796875
-0.470458984375
-0.486602783203125
-0.46832275390625
-0.39361572265625
-0.261138916015625
-0.122711181640625
-0.051544189453125
-0.034698486328125
0.00872802734375
0.083953857421875
0.2064208984375
0.325927734375
0.385467529296875
0.434906005859375
0.451324462890625
0.377288818359375
0.262603759765625
0.260986328125
0.328857421875
0.373992919921875
0.365386962890625
0.331024169921875
0.380859375
0.435272216796875
0.388214111328125
0.289093017578125
0.226409912109375
0.293731689453125
0.37811279296875
0.347991943359375
0.260650634765625
0.122344970703125
0.01177978515625
-0.0462646484375
-0.05279541015625
0.018951416015625
0.112762451171875
0.155029296875
0.069183349609375
-0.082794189453125
-0.16741943359375
-0.219390869140625
-0.1820068359375
-0.02593994140625
0.09747314453125
0.124969482421875
0.133056640625
0.141845703125
0.089630126953125
-0.026031494140625
-0.274658203125
-0.453643798828125
-0.48260498046875
-0.524200439453125
-0.59149169921875
-0.71478271484375
-0.75927734375
-0.669097900390625
-0.5604248046875
-0.4600830078125
-0.364105224609375
-0.326934814453125
-0.37115478515625
-0.419677734375
-0.410888671875
-0.36419677734375
-0.26788330078125
-0.139251708984375
-0.068817138671875
-0.024139404296875
0.05224609375
0.11614990234375
0.1529541015625
0.257568359375
0.386444091796875
0.4696044921875
0.4671630859375
0.40338134765625
0.3487548828125
0.345001220703125
0.37945556640625
0.3861083984375
0.36834716796875
0.386077880859375
0.460052490234375
0.479400634765625
0.41265869140625
0.330322265625
0.302032470703125
0.38525390625
0.4776611328125
0.463653564453125
0.41302490234375
0.327606201171875
0.190093994140625
0.04547119140625
0.00933837890625
0.079010009765625
0.15008544921875
0.218231201171875
0.230865478515625
0.073028564453125
-0.0848388671875
-0.13238525390625
-0.11383056640625
-0.030029296875
0.042022705078125
0.105224609375
0.18682861328125
0.251800537109375
0.250762939453125
0.149169921875
-0.077362060546875
-0.23016357421875
-0.291168212890625
-0.36785888671875
-0.48980712890625
-0.637481689453125
-0.740936279296875
-0.74090576171875
-0.659637451171875
-0.571685791015625
-0.47528076171875
-0.40460205078125
-0.416748046875
-0.492218017578125
-0.497344970703125
-0.451690673828125
-0.38916015625
-0.320709228515625
-0.236297607421875
-0.14154052734375
-0.077911376953125
-0.03546142578125
-0.011260986328125
0.1165771484375
0.2965087890625
0.38372802734375
0.374359130859375
0.343963623046875
0.352264404296875
0.3612060546875
0.33367919921875
0.2877197265625
0.267486572265625
0.302337646484375
0.389923095703125
0.3936767578125
0.3214111328125
0.2598876953125
0.23724365234375
0.227691650390625
0.279693603515625
0.3394775390625
0.31402587890625
0.241546630859375
0.146026611328125
0.004638671875
-0.123077392578125
-0.11065673828125
-0.0294189453125
0.07244873046875
0.108001708984375
-0.0032958984375
-0.13726806640625
-0.191864013671875
-0.199859619140625
-0.18115234375
-0.17608642578125
-0.090301513671875
0.066070556640625
0.18438720703125
0.205078125
0.136444091796875
0.02545166015625
-0.11273193359375
-0.178131103515625
-0.248016357421875
-0.374847412109375
-0.522003173828125
-0.663970947265625
-0.72515869140625
-0.699432373046875
-0.61962890625
-0.48486328125
-0.40753173828125
-0.421905517578125
-0.447021484375
-0.44677734375
-0.4156494140625
-0.402862548828125
-0.380767822265625
-0.24749755859375
-0.11981201171875
-0.079071044921875
-0.078704833984375
-0.0576171875
0.09112548828125
0.257659912109375
0.338592529296875
0.362823486328125
0.374420166015625
0.433380126953125
0.48651123046875
0.41693115234375
0.33233642578125
0.351409912109375
0.40216064453125
0.43878173828125
0.4659423828125
0.43756103515625
0.36273193359375
0.288238525390625
0.2554931640625
0.309722900390625
0.37579345703125
0.411285400390625
0.391815185546875
0.324432373046875
0.171173095703125
0.0057373046875
-0.032318115234375
0.039825439453125
0.133880615234375
0.179107666015625
0.099517822265625
-0.008697509765625
-0.018829345703125
-0.05621337890625
-0.118377685546875
-0.15533447265625
-0.084381103515625
0.063995361328125
0.181610107421875
0.221405029296875
0.198699951171875
0.142730712890625
0.079071044921875
0.002777099609375
-0.07781982421875
-0.174468994140625
-0.3096923828125
-0.50787353515625
-0.68524169921875
-0.691802978515625
-0.628875732421875
-0.52569580078125
-0.4638671875
-0.439697265625
-0.40997314453125
-0.410491943359375
-0.439483642578125
-0.476287841796875
-0.425506591796875
-0.286834716796875
-0.191864013671875
-0.15899658203125
-0.160064697265625
-0.151214599609375
0.013763427734375
0.1580810546875
0.19940185546875
0.254119873046875
0.329437255859375
0.406524658203125
0.42620849609375
0.39202880859375
0.3358154296875
0.319580078125
0.349212646484375
0.42132568359375
0.454864501953125
0.419403076171875
0.361053466796875
0.2962646484375
0.238677978515625
0.22332763671875
0.27996826171875
0.3521728515625
0.37847900390625
0.326080322265625
0.19384765625
-0.00445556640625
-0.068695068359375
-0.00457763671875
0.048583984375
0.069976806640625
0.055755615234375
0.0321044921875
-0.003570556640625
-0.05450439453125
-0.150146484375
-0.246002197265625
-0.194671630859375
-0.0430908203125
0.0615234375
0.12078857421875
0.16351318359375
0.1754150390625
0.1552734375
0.101806640625
0.056732177734375
-0.0107421875
-0.13916015625
-0.368743896484375
-0.58880615234375
-0.6278076171875
-0.604522705078125
-0.583953857421875
-0.5379638671875
-0.43975830078125
-0.38250732421875
-0.385162353515625
-0.4190673828125
-0.47100830078125
-0.45086669921875
-0.31451416015625
-0.23773193359375
-0.2540283203125
-0.22979736328125
-0.169158935546875
-0.074188232421875
0.0162353515625
0.080108642578125
0.160797119140625
0.25689697265625
0.3485107421875
0.41766357421875
0.396087646484375
0.33648681640625
0.3109130859375
0.34283447265625
0.406768798828125
0.4525146484375
0.4517822265625
0.423675537109375
0.374786376953125
0.303985595703125
0.242706298828125
0.2734375
0.38446044921875
0.45367431640625
0.412078857421875
0.279449462890625
0.11016845703125
0.016204833984375
0.011810302734375
0.025909423828125
0.034881591796875
0.0457763671875
0.08160400390625
0.0552978515625
-0.019256591796875
-0.133880615234375
-0.2423095703125
-0.265167236328125
-0.198272705078125
-0.094482421875
-0.0035400390625
0.0726318359375
0.10504150390625
0.10009765625
0.102325439453125
0.121612548828125
0.079864501953125
-0.035736083984375
-0.226806640625
-0.4498291015625
-0.5645751953125
-0.625518798828125
-0.64947509765625
-0.630401611328125
-0.52056884765625
-0.395050048828125
-0.434600830078125
-0.501922607421875
-0.505706787109375
-0.447601318359375
-0.363739013671875
-0.32208251953125
-0.31549072265625
-0.2779541015625
-0.22332763671875
-0.148223876953125
-0.06939697265625
-0.02557373046875
0.0506591796875
0.1790771484375
0.303436279296875
0.377593994140625
0.38067626953125
0.33941650390625
0.3204345703125
0.336395263671875
0.372528076171875
0.41241455078125
0.446868896484375
0.463043212890625
0.41351318359375
0.289794921875
0.1988525390625
0.2391357421875
0.357421875
0.44122314453125
0.4307861328125
0.339324951171875
0.20794677734375
0.119384765625
0.068145751953125
0.019195556640625
0.0008544921875
0.039642333984375
0.107696533203125
0.102142333984375
0.039031982421875
-0.06268310546875
-0.163970947265625
-0.23846435546875
-0.242889404296875
-0.1292724609375
-0.028656005859375
0.020965576171875
0.031158447265625
0.068389892578125
0.130096435546875
0.1787109375
0.17987060546875
0.079315185546875
-0.056549072265625
-0.232513427734375
-0.392364501953125
-0.529937744140625
-0.614349365234375
-0.6016845703125
-0.507232666015625
-0.42779541015625
-0.449859619140625
-0.47027587890625
-0.468292236328125
-0.439239501953125
-0.372406005859375
-0.336669921875
-0.333160400390625
-0.29107666015625
-0.21722412109375
-0.1448974609375
-0.102294921875
-0.07440185546875
-0.011444091796875
0.1094970703125
0.250396728515625
0.34527587890625
0.371673583984375
0.379852294921875
0.384033203125
0.361663818359375
0.35528564453125
0.422393798828125
0.503173828125
0.534423828125
0.480743408203125
0.3447265625
0.23138427734375
0.245941162109375
0.357269287109375
0.436248779296875
0.444671630859375
0.404266357421875
0.3238525390625
0.225799560546875
0.1448974609375
0.06280517578125
0.039093017578125
0.074981689453125
0.11395263671875
0.13421630859375
0.117401123046875
0.04290771484375
-0.09283447265625
-0.2113037109375
-0.25439453125
-0.19390869140625
-0.117919921875
-0.062530517578125
-0.05560302734375
-0.01934814453125
0.08935546875
0.143218994140625
0.14178466796875
0.10455322265625
0.073272705078125
-0.05987548828125
-0.288238525390625
-0.4808349609375
-0.59527587890625
-0.61248779296875
-0.554901123046875
-0.4918212890625
-0.484130859375
-0.49920654296875
-0.489166259765625
-0.46038818359375
-0.431060791015625
-0.4017333984375
-0.3841552734375
-0.351898193359375
-0.286376953125
-0.209442138671875
-0.2030029296875
-0.19573974609375
-0.116455078125
0.0010986328125
0.111053466796875
0.203643798828125
0.28924560546875
0.335113525390625
0.335845947265625
0.314422607421875
0.28179931640625
0.324676513671875
0.44451904296875
0.489044189453125
0.4437255859375
0.329437255859375
0.214874267578125
0.196502685546875
0.27777099609375
0.34869384765625
0.386688232421875
0.409423828125
0.377685546875
0.271240234375
0.178680419921875
0.11181640625
0.05908203125
0.045440673828125
0.085662841796875
0.15521240234375
0.1715087890625
0.127349853515625
-0.009735107421875
-0.156036376953125
-0.222381591796875
-0.1744384765625
-0.1341552734375
-0.13934326171875
-0.1290283203125
-0.05267333984375
0.040069580078125
0.081298828125
0.114227294921875
0.1563720703125
0.189422607421875
0.086761474609375
-0.12396240234375
-0.339996337890625
-0.488677978515625
-0.53912353515625
-0.53680419921875
-0.5333251953125
-0.52960205078125
-0.5142822265625
-0.483856201171875
-0.4398193359375
-0.43035888671875
-0.4324951171875
-0.401397705078125
-0.342620849609375
-0.280487060546875
-0.23858642578125
-0.2259521484375
-0.2073974609375
-0.168609619140625
-0.09173583984375
0.015289306640625
0.1275634765625
0.272613525390625
0.366912841796875
0.3614501953125
0.33477783203125
0.29034423828125
0.331207275390625
0.468963623046875
0.534210205078125
0.501983642578125
0.414337158203125
0.332611083984375
0.27685546875
0.27093505859375
0.3277587890625
0.391082763671875
0.43182373046875
0.444854736328125
0.38818359375
0.2974853515625
0.21551513671875
0.13934326171875
0.083587646484375
0.09918212890625
0.19110107421875
0.236968994140625
0.181243896484375
0.0458984375
-0.0712890625
-0.13580322265625
-0.164764404296875
-0.1802978515625
-0.185516357421875
-0.1572265625
-0.113494873046875
-0.051788330078125
-0.0135498046875
0.030426025390625
0.124786376953125
0.221160888671875
0.1978759765625
0.01458740234375
-0.191986083984375
-0.349151611328125
-0.443115234375
-0.49127197265625
-0.54180908203125
-0.567596435546875
-0.538360595703125
-0.48809814453125
-0.459381103515625
-0.47113037109375
-0.468780517578125
-0.427093505859375
-0.37408447265625
-0.325286865234375
-0.30401611328125
-0.288177490234375
-0.26348876953125
-0.24560546875
-0.206817626953125
-0.1219482421875
-0.005218505859375
0.16595458984375
0.29180908203125
0.288238525390625
0.230010986328125
0.197357177734375
0.268951416015625
0.390625
0.46392822265625
0.480712890625
0.430755615234375
0.363983154296875
0.294952392578125
0.260101318359375
0.2867431640625
0.329345703125
0.378021240234375
0.40716552734375
0.39404296875
0.3548583984375
0.277313232421875
0.16131591796875
0.06365966796875
0.0802001953125
0.188140869140625
0.220672607421875
0.17919921875
0.095550537109375
-0.0013427734375
-0.0850830078125
-0.1640625
-0.20733642578125
-0.215606689453125
-0.18634033203125
-0.154541015625
-0.14501953125
-0.132537841796875
-0.063323974609375
0.0645751953125
0.209075927734375
0.25579833984375
0.130889892578125
-0.048828125
-0.181884765625
-0.285491943359375
-0.388671875
-0.483306884765625
-0.5345458984375
-0.511322021484375
-0.48016357421875
-0.468902587890625
-0.479888916015625
-0.46881103515625
-0.436920166015625
-0.4033203125
-0.362579345703125
-0.331298828125
-0.313507080078125
-0.286163330078125
-0.268218994140625
-0.277679443359375
-0.23968505859375
-0.12115478515625
0.092742919921875
0.222198486328125
0.24627685546875
0.23773193359375
0.227783203125
0.2568359375
0.368560791015625
0.475555419921875
0.51220703125
0.51171875
0.470458984375
0.3956298828125
0.324249267578125
0.331756591796875
0.3472900390625
0.36431884765625
0.3914794921875
0.45062255859375
0.443634033203125
0.34326171875
0.22125244140625
0.126617431640625
0.110198974609375
0.1761474609375
0.2154541015625
0.188262939453125
0.1348876953125
0.071685791015625
-0.015380859375
-0.140533447265625
-0.2025146484375
-0.2125244140625
-0.1920166015625
-0.182647705078125
-0.214385986328125
-0.232177734375
-0.164703369140625
-0.027191162109375
0.1138916015625
0.198394775390625
0.1761474609375
0.083221435546875
-0.01483154296875
-0.1361083984375
-0.27288818359375
-0.39129638671875
-0.459442138671875
-0.47125244140625
-0.47528076171875
-0.471832275390625
-0.486846923828125
-0.502044677734375
-0.461669921875
-0.421966552734375
-0.405792236328125
-0.381561279296875
-0.33343505859375
-0.292694091796875
-0.310791015625
-0.36260986328125
-0.349761962890625
-0.248321533203125
-0.05255126953125
0.14263916015625
0.19549560546875
0.192657470703125
0.203277587890625
0.231475830078125
0.308380126953125
0.412261962890625
0.501373291015625
0.534515380859375
0.4993896484375
0.454925537109375
0.424041748046875
0.38690185546875
0.342041015625
0.341552734375
0.39703369140625
0.491790771484375
0.52117919921875
0.429168701171875
0.30816650390625
0.218719482421875
0.19024658203125
0.200836181640625
0.219329833984375
0.230743408203125
0.21820068359375
0.177520751953125
0.07855224609375
-0.0621337890625
-0.147430419921875
-0.16143798828125
-0.146484375
-0.14788818359375
-0.214630126953125
-0.274932861328125
-0.233367919921875
-0.126861572265625
0.003265380859375
0.1103515625
0.182037353515625
0.17529296875
0.104461669921875
0.0050048828125
-0.11834716796875
-0.2652587890625
-0.382537841796875
-0.4085693359375
-0.43017578125
-0.4622802734375
-0.487640380859375
-0.478607177734375
-0.458526611328125
-0.449066162109375
-0.428955078125
-0.386199951171875
-0.330322265625
-0.3033447265625
-0.330169677734375
-0.397216796875
-0.415924072265625
-0.3502197265625
-0.172637939453125
0.00982666015625
0.096954345703125
0.14447021484375
0.156005859375
0.159515380859375
0.2225341796875
0.3551025390625
0.440887451171875
0.48394775390625
0.49957275390625
0.495880126953125
0.462127685546875
0.389312744140625
0.309844970703125
0.280487060546875
0.338714599609375
0.448699951171875
0.49652099609375
0.436126708984375
0.34735107421875
0.260833740234375
0.19921875
0.1568603515625
0.147003173828125
0.169158935546875
0.20745849609375
0.20269775390625
0.118988037109375
-0.028656005859375
-0.117645263671875
-0.1123046875
-0.10791015625
-0.142578125
-0.225616455078125
-0.2987060546875
-0.29931640625
-0.23944091796875
-0.130767822265625
-0.01849365234375
0.083984375
0.149566650390625
0.14898681640625
0.08819580078125
-0.044219970703125
-0.16131591796875
-0.265625
-0.35467529296875
-0.420928955078125
-0.478973388671875
-0.49169921875
-0.493072509765625
-0.508270263671875
-0.525665283203125
-0.524139404296875
-0.48162841796875
-0.390472412109375
-0.344085693359375
-0.3873291015625
-0.44207763671875
-0.46990966796875
-0.4453125
-0.352264404296875
-0.162322998046875
-0.0045166015625
0.054046630859375
0.087860107421875
0.103515625
0.15850830078125
0.27490234375
0.361297607421875
0.41607666015625
0.471435546875
0.5206298828125
0.499908447265625
0.401611328125
0.312774658203125
0.271636962890625
0.31158447265625
0.396026611328125
0.467193603515625
0.45367431640625
0.403900146484375
0.344635009765625
0.27130126953125
0.18902587890625
0.13543701171875
0.178680419921875
0.240966796875
0.260406494140625
0.194122314453125
0.072113037109375
-0.001800537109375
-0.01531982421875
-0.025665283203125
-0.057037353515625
-0.13330078125
-0.229248046875
-0.25030517578125
-0.23651123046875
-0.187896728515625
-0.111297607421875
0.017822265625
0.169921875
0.2049560546875
0.166900634765625
0.091583251953125
0.001922607421875
-0.11773681640625
-0.2254638671875
-0.303924560546875
-0.372955322265625
-0.39288330078125
-0.411224365234375
-0.468414306640625
-0.522308349609375
-0.51690673828125
-0.45465087890625
-0.376312255859375
-0.32696533203125
-0.32464599609375
-0.385162353515625
-0.448211669921875
-0.4683837890625
-0.418731689453125
-0.2467041015625
-0.086151123046875
-0.013824462890625
0.02923583984375
0.075408935546875
0.152191162109375
0.21807861328125
0.269500732421875
0.338592529296875
0.416290283203125
0.507568359375
0.52496337890625
0.437591552734375
0.3399658203125
0.295745849609375
0.314788818359375
0.366455078125
0.42303466796875
0.44970703125
0.45184326171875
0.41082763671875
0.315338134765625
0.201934814453125
0.1407470703125
0.174530029296875
0.22271728515625
0.233184814453125
0.198822021484375
0.106414794921875
0.024749755859375
0.01239013671875
0.005462646484375
-0.0390625
-0.109100341796875
-0.2021484375
-0.25494384765625
-0.289642333984375
-0.282501220703125
-0.2218017578125
-0.09539794921875
0.071624755859375
0.154296875
0.16802978515625
0.139434814453125
0.100677490234375
0.00225830078125
-0.12811279296875
-0.23016357421875
-0.28582763671875
-0.31207275390625
-0.348175048828125
-0.429046630859375
-0.499176025390625
-0.511444091796875
-0.47991943359375
-0.410125732421875
-0.3414306640625
-0.306549072265625
-0.362274169921875
-0.449462890625
-0.513031005859375
-0.487762451171875
-0.348236083984375
-0.229095458984375
-0.155517578125
-0.08892822265625
-0.016448974609375
0.0599365234375
0.109893798828125
0.152252197265625
0.21728515625
0.317413330078125
0.42645263671875
0.47698974609375
0.427093505859375
0.36968994140625
0.340850830078125
0.33648681640625
0.3406982421875
0.384857177734375
0.459564208984375
0.4913330078125
0.467498779296875
0.3768310546875
0.2706298828125
0.183013916015625
0.17755126953125
0.2215576171875
0.245849609375
0.222076416015625
0.1474609375
0.089569091796875
0.0635986328125
0.044952392578125
0.01019287109375
-0.03826904296875
-0.1260986328125
-0.2076416015625
-0.271484375
-0.31292724609375
-0.284454345703125
-0.191741943359375
-0.0394287109375
0.06280517578125
0.116302490234375
0.15814208984375
0.15625
0.081024169921875
-0.051025390625
-0.145782470703125
-0.200469970703125
-0.240570068359375
-0.280517578125
-0.36810302734375
-0.449432373046875
-0.491241455078125
-0.5015869140625
-0.45501708984375
-0.359405517578125
-0.299652099609375
-0.339935302734375
-0.41253662109375
-0.4716796875
-0.481170654296875
-0.422882080078125
-0.327423095703125
-0.248016357421875
-0.160980224609375
-0.060089111328125
0.01123046875
0.032623291015625
0.052032470703125
0.125579833984375
0.243988037109375
0.358154296875
0.416473388671875
0.428192138671875
0.404449462890625
0.368865966796875
0.33837890625
0.318450927734375
0.351837158203125
0.43511962890625
0.48602294921875
0.494171142578125
0.43475341796875
0.316375732421875
0.21881103515625
0.199676513671875
0.22454833984375
0.237579345703125
0.2359619140625
0.195953369140625
0.15081787109375
0.115570068359375
0.091339111328125
0.052490234375
0.025054931640625
-0.008087158203125
-0.108489990234375
-0.211517333984375
-0.283843994140625
-0.287109375
-0.248046875
-0.157867431640625
-0.0484619140625
0.049163818359375
0.132232666015625
0.178375244140625
0.1396484375
0.037933349609375
-0.039703369140625
-0.10162353515625
-0.15435791015625
-0.192779541015625
-0.26123046875
-0.3819580078125
-0.477569580078125
-0.5206298828125
-0.478607177734375
-0.387176513671875
-0.32232666015625
-0.339324951171875
-0.3988037109375
-0.443206787109375
-0.4716796875
-0.465179443359375
-0.4324951171875
-0.36614990234375
-0.2646484375
-0.1446533203125
-0.07464599609375
-0.062744140625
-0.0445556640625
0.01800537109375
0.119232177734375
0.237945556640625
0.33489990234375
0.41351318359375
0.420166015625
0.37744140625
0.34710693359375
0.3118896484375
0.315460205078125
0.395172119140625
0.490142822265625
0.5205078125
0.48004150390625
0.391845703125
0.30755615234375
0.2779541015625
0.2803955078125
0.269317626953125
0.25048828125
0.225738525390625
0.18756103515625
0.140655517578125
0.114501953125
0.10595703125
0.106903076171875
0.076019287109375
-0.012908935546875
-0.11614990234375
-0.20404052734375
-0.242340087890625
-0.2618408203125
-0.234649658203125
-0.15093994140625
-0.036407470703125
0.071014404296875
0.147308349609375
0.170318603515625
0.127288818359375
0.05352783203125
-0.001312255859375
-0.035430908203125
-0.064666748046875
-0.13580322265625
-0.28594970703125
-0.40533447265625
-0.474639892578125
-0.47052001953125
-0.41094970703125
-0.33782958984375
-0.328369140625
-0.35650634765625
-0.376220703125
-0.414459228515625
-0.462738037109375
-0.491058349609375
-0.428070068359375
-0.32208251953125
-0.220672607421875
-0.15655517578125
-0.12274169921875
-0.09197998046875
-0.049713134765625
0.02301025390625
0.125946044921875
0.22760009765625
0.33282470703125
0.398193359375
0.387786865234375
0.347015380859375
0.2894287109375
0.277496337890625
0.3438720703125
0.429168701171875
0.482421875
0.4742431640625
0.41571044921875
0.3594970703125
0.307647705078125
0.279052734375
0.267120361328125
0.2640380859375
0.260894775390625
0.222625732421875
0.1649169921875
0.131683349609375
0.123779296875
0.133514404296875
0.1201171875
0.05120849609375
-0.023223876953125
-0.097625732421875
-0.17755126953125
-0.2486572265625
-0.270355224609375
-0.222137451171875
-0.135711669921875
-0.033447265625
0.069915771484375
0.138641357421875
0.133941650390625
0.076416015625
0.0350341796875
0.019378662109375
0.02362060546875
-0.02703857421875
-0.1785888671875
-0.3240966796875
-0.4219970703125
-0.451324462890625
-0.433807373046875
-0.401458740234375
-0.365325927734375
-0.3350830078125
-0.337982177734375
-0.393829345703125
-0.47174072265625
-0.519744873046875
-0.489532470703125
-0.420684814453125
-0.334716796875
-0.25701904296875
-0.206207275390625
-0.172210693359375
-0.130584716796875
-0.075592041015625
0.006622314453125
0.103729248046875
0.22979736328125
0.359222412109375
0.389373779296875
0.3551025390625
0.28900146484375
0.25445556640625
0.3204345703125
0.39947509765625
0.434295654296875
0.450958251953125
0.44140625
0.404052734375
0.344085693359375
0.304107666015625
0.290374755859375
0.29876708984375
0.302459716796875
0.255035400390625
0.194427490234375
0.1619873046875
0.1580810546875
0.151031494140625
0.144622802734375
0.125518798828125
0.078582763671875
0.006744384765625
-0.087188720703125
-0.17596435546875
-0.236419677734375
-0.259918212890625
-0.2154541015625
-0.1168212890625
-0.004180908203125
0.082916259765625
0.104827880859375
0.076324462890625
0.05224609375
0.07025146484375
0.0958251953125
0.08001708984375
-0.06201171875
-0.216461181640625
-0.30767822265625
-0.3800048828125
-0.4281005859375
-0.429962158203125
-0.376708984375
-0.32958984375
-0.316497802734375
-0.351165771484375
-0.4122314453125
-0.486480712890625
-0.499298095703125
-0.456787109375
-0.394073486328125
-0.3258056640625
-0.2733154296875
-0.224884033203125
-0.177734375
-0.135986328125
-0.08184814453125
-0.005767822265625
0.134765625
0.307342529296875
0.362884521484375
0.34942626953125
0.306182861328125
0.279449462890625
0.307342529296875
0.35516357421875
0.4012451171875
0.439849853515625
0.4605712890625
0.4498291015625
0.38031005859375
0.3255615234375
0.32635498046875
0.32891845703125
0.322540283203125
0.286468505859375
0.234588623046875
0.189849853515625
0.15673828125
0.148345947265625
0.163482666015625
0.170440673828125
0.137969970703125
0.077056884765625
-0.001495361328125
-0.087432861328125
-0.185699462890625
-0.2742919921875
-0.27069091796875
-0.203094482421875
-0.0914306640625
0.020599365234375
0.066009521484375
0.05548095703125
0.052520751953125
0.09527587890625
0.131134033203125
0.117279052734375
0.026885986328125
-0.089599609375
-0.19921875
-0.307342529296875
-0.3974609375
-0.42852783203125
-0.398895263671875
-0.35333251953125
-0.31329345703125
-0.329254150390625
-0.3822021484375
-0.453125
-0.5018310546875
-0.4864501953125
-0.450714111328125
-0.411163330078125
-0.3651123046875
-0.290130615234375
-0.230926513671875
-0.222198486328125
-0.199005126953125
-0.1339111328125
0.01129150390625
0.183349609375
0.26416015625
0.2886962890625
0.279998779296875
0.2720947265625
0.27581787109375
0.303314208984375
0.3626708984375
0.432037353515625
0.4793701171875
0.47265625
0.418914794921875
0.378387451171875
0.36834716796875
0.356781005859375
0.349700927734375
0.321258544921875
0.270294189453125
0.216094970703125
0.179931640625
0.1680908203125
0.17559814453125
0.190765380859375
0.183807373046875
0.15777587890625
0.1058349609375
0.01702880859375
-0.08673095703125
-0.22845458984375
-0.296875
-0.24432373046875
-0.14971923828125
-0.056060791015625
-0.012542724609375
0.01416015625
0.046966552734375
0.08624267578125
0.121917724609375
0.14215087890625
0.104034423828125
0.01556396484375
-0.085418701171875
-0.20404052734375
-0.317596435546875
-0.391021728515625
-0.3985595703125
-0.35028076171875
-0.295623779296875
-0.29461669921875
-0.3419189453125
-0.4071044921875
-0.450714111328125
-0.463470458984375
-0.468475341796875
-0.452850341796875
-0.4012451171875
-0.322906494140625
-0.281463623046875
-0.288726806640625
-0.28509521484375
-0.2283935546875
-0.116607666015625
0.04864501953125
0.165985107421875
0.216827392578125
0.25189208984375
0.24835205078125
0.2327880859375
0.252716064453125
0.319854736328125
0.38775634765625
0.43426513671875
0.45037841796875
0.42852783203125
0.3973388671875
0.372955322265625
0.364166259765625
0.36016845703125
0.348114013671875
0.301300048828125
0.23529052734375
0.194000244140625
0.172210693359375
0.17822265625
0.191009521484375
0.197296142578125
0.20440673828125
0.201904296875
0.14453125
0.030242919921875
-0.144134521484375
-0.237152099609375
-0.227325439453125
-0.197723388671875
-0.14093017578125
-0.09539794921875
-0.045013427734375
-0.008209228515625
0.034759521484375
0.09002685546875
0.14044189453125
0.15020751953125
0.101806640625
0.017913818359375
-0.0863037109375
-0.209381103515625
-0.324005126953125
-0.370208740234375
-0.34136962890625
-0.305206298828125
-0.306365966796875
-0.322723388671875
-0.360626220703125
-0.411956787109375
-0.458526611328125
-0.484832763671875
-0.470733642578125
-0.419891357421875
-0.352874755859375
-0.3173828125
-0.331085205078125
-0.327880859375
-0.285888671875
-0.21246337890625
-0.076934814453125
0.063385009765625
0.16265869140625
0.226318359375
0.2406005859375
0.233734130859375
0.248870849609375
0.296875
0.353057861328125
0.399383544921875
0.436676025390625
0.44329833984375
0.409271240234375
0.385101318359375
0.381317138671875
0.38458251953125
0.38934326171875
0.348297119140625
0.28558349609375
0.24859619140625
0.22296142578125
0.20330810546875
0.17205810546875
0.177947998046875
0.23272705078125
0.27191162109375
0.23406982421875
0.141937255859375
-0.0023193359375
-0.134735107421875
-0.177001953125
-0.18359375
-0.163726806640625
-0.13201904296875
-0.095489501953125
-0.05853271484375
-0.018585205078125
0.048675537109375
0.110626220703125
0.1536865234375
0.177703857421875
0.133941650390625
0.036376953125
-0.1002197265625
-0.22540283203125
-0.29925537109375
-0.32220458984375
-0.31268310546875
-0.31011962890625
-0.31134033203125
-0.320068359375
-0.375091552734375
-0.45538330078125
-0.4989013671875
-0.497314453125
-0.454010009765625
-0.403472900390625
-0.36883544921875
-0.361328125
-0.35528564453125
-0.34576416015625
-0.316986083984375
-0.207244873046875
-0.062713623046875
0.04754638671875
0.122222900390625
0.16064453125
0.167633056640625
0.17620849609375
0.213897705078125
0.26513671875
0.31866455078125
0.3682861328125
0.39239501953125
0.377960205078125
0.351837158203125
0.352752685546875
0.38482666015625
0.395843505859375
0.35845947265625
0.327606201171875
0.30682373046875
0.2750244140625
0.225372314453125
0.179290771484375
0.188934326171875
0.2353515625
0.281158447265625
0.27862548828125
0.223602294921875
0.107696533203125
-0.037689208984375
-0.1175537109375
-0.1484375
-0.159423828125
-0.1634521484375
-0.152557373046875
-0.1156005859375
-0.07818603515625
-0.038238525390625
0.01806640625
0.092742919921875
0.1767578125
0.18280029296875
0.107879638671875
-0.004638671875
-0.11767578125
-0.204193115234375
-0.27740478515625
-0.2999267578125
-0.293243408203125
-0.272216796875
-0.264251708984375
-0.328643798828125
-0.412445068359375
-0.469818115234375
-0.49017333984375
-0.47113037109375
-0.439605712890625
-0.391693115234375
-0.3653564453125
-0.371185302734375
-0.373809814453125
-0.366302490234375
-0.300567626953125
-0.166107177734375
-0.055206298828125
0.02789306640625
0.09130859375
0.11572265625
0.135711669921875
0.165771484375
0.216888427734375
0.282867431640625
0.353118896484375
0.386566162109375
0.378509521484375
0.374847412109375
0.38812255859375
0.396026611328125
0.385986328125
0.379791259765625
0.381988525390625
0.37744140625
0.33587646484375
0.273834228515625
0.231353759765625
0.235748291015625
0.270294189453125
0.319915771484375
0.34381103515625
0.32373046875
0.22125244140625
0.08160400390625
-0.00311279296875
-0.066131591796875
-0.119293212890625
-0.14752197265625
-0.143310546875
-0.1217041015625
-0.110748291015625
-0.10260009765625
-0.052001953125
0.029449462890625
0.144622802734375
0.1839599609375
0.146453857421875
0.081268310546875
0.001007080078125
-0.09942626953125
-0.21636962890625
-0.256561279296875
-0.257080078125
-0.23944091796875
-0.243377685546875
-0.282135009765625
-0.3565673828125
-0.427764892578125
-0.46978759765625
-0.48077392578125
-0.458099365234375
-0.411712646484375
-0.387420654296875
-0.394989013671875
-0.403533935546875
-0.42340087890625
-0.388580322265625
-0.287261962890625
-0.183624267578125
-0.089569091796875
-0.005950927734375
0.04913330078125
0.061676025390625
0.078216552734375
0.141815185546875
0.214935302734375
0.27728271484375
0.30975341796875
0.331298828125
0.353515625
0.36029052734375
0.3572998046875
0.345306396484375
0.3570556640625
0.377593994140625
0.38043212890625
0.357147216796875
0.314239501953125
0.2525634765625
0.204315185546875
0.229217529296875
0.290557861328125
0.33050537109375
0.32794189453125
0.283843994140625
0.181182861328125
0.07427978515625
-0.011199951171875
-0.090118408203125
-0.133697509765625
-0.142791748046875
-0.144866943359375
-0.166229248046875
-0.17498779296875
-0.133392333984375
-0.053466796875
0.068206787109375
0.1436767578125
0.153533935546875
0.14251708984375
0.07452392578125
-0.02099609375
-0.154815673828125
-0.239532470703125
-0.254913330078125
-0.25396728515625
-0.2442626953125
-0.25775146484375
-0.3109130859375
-0.38067626953125
-0.433746337890625
-0.46734619140625
-0.462310791015625
-0.422119140625
-0.39306640625
-0.401580810546875
-0.425750732421875
-0.443023681640625
-0.44122314453125
-0.3895263671875
-0.286834716796875
-0.176361083984375
-0.07489013671875
-0.016510009765625
0.004852294921875
0.04095458984375
0.102081298828125
0.163909912109375
0.2158203125
0.260345458984375
0.3209228515625
0.357391357421875
0.34942626953125
0.346527099609375
0.352294921875
0.35858154296875
0.38092041015625
0.41143798828125
0.41351318359375
0.371917724609375
0.296234130859375
0.242706298828125
0.23724365234375
0.2708740234375
0.310302734375
0.333526611328125
0.33331298828125
0.275970458984375
0.173065185546875
0.065521240234375
-0.01763916015625
-0.07379150390625
-0.100006103515625
-0.142364501953125
-0.178131103515625
-0.194854736328125
-0.175750732421875
-0.11822509765625
-0.02813720703125
0.085845947265625
0.1524658203125
0.180145263671875
0.151153564453125
0.083770751953125
-0.044219970703125
-0.150634765625
-0.190826416015625
-0.2088623046875
-0.206451416015625
-0.21533203125
-0.25115966796875
-0.310516357421875
-0.37042236328125
-0.415924072265625
-0.42498779296875
-0.4124755859375
-0.395233154296875
-0.391448974609375
-0.398712158203125
-0.425994873046875
-0.460113525390625
-0.444244384765625
-0.352508544921875
-0.239715576171875
-0.13909912109375
-0.081939697265625
-0.034576416015625
0.022705078125
0.058868408203125
0.096038818359375
0.152496337890625
0.21826171875
0.271240234375
0.314117431640625
0.334442138671875
0.3441162109375
0.336883544921875
0.338043212890625
0.377960205078125
0.427520751953125
0.442779541015625
0.400238037109375
0.33087158203125
0.2752685546875
0.24725341796875
0.2513427734375
0.2789306640625
0.319000244140625
0.366058349609375
0.349029541015625
0.246978759765625
0.154876708984375
0.081024169921875
0.0159912109375
-0.028411865234375
-0.102752685546875
-0.1568603515625
-0.18853759765625
-0.2022705078125
-0.1866455078125
-0.118316650390625
0.003143310546875
0.093536376953125
0.1531982421875
0.175079345703125
0.1409912109375
0.032257080078125
-0.07305908203125
-0.138641357421875
-0.18011474609375
-0.1895751953125
-0.1885986328125
-0.21234130859375
-0.27093505859375
-0.32501220703125
-0.377593994140625
-0.415283203125
-0.424102783203125
-0.40545654296875
-0.38250732421875
-0.381195068359375
-0.4210205078125
-0.47259521484375
-0.467926025390625
-0.399444580078125
-0.321807861328125
-0.240478515625
-0.153228759765625
-0.086822509765625
-0.0391845703125
-0.003570556640625
0.03607177734375
0.082794189453125
0.13037109375
0.188812255859375
0.262420654296875
0.3087158203125
0.31500244140625
0.308135986328125
0.31500244140625
0.363311767578125
0.412384033203125
0.42596435546875
0.406768798828125
0.36407470703125
0.317657470703125
0.25457763671875
0.225341796875
0.251220703125
0.300689697265625
0.360595703125
0.362030029296875
0.30389404296875
0.235076904296875
0.169158935546875
0.100830078125
0.03369140625
-0.0352783203125
-0.1038818359375
-0.15814208984375
-0.201568603515625
-0.209808349609375
-0.187835693359375
-0.092559814453125
0.025634765625
0.114044189453125
0.165252685546875
0.17315673828125
0.12164306640625
0.009368896484375
-0.0697021484375
-0.11676025390625
-0.13720703125
-0.1385498046875
-0.15936279296875
-0.2060546875
-0.252471923828125
-0.310699462890625
-0.377838134765625
-0.40960693359375
-0.38543701171875
-0.359649658203125
-0.372283935546875
-0.40631103515625
-0.439208984375
-0.4622802734375
-0.457611083984375
-0.400848388671875
-0.3231201171875
-0.236846923828125
-0.167755126953125
-0.10931396484375
-0.05133056640625
-0.013458251953125
0.020538330078125
0.0618896484375
0.13311767578125
0.22564697265625
0.271453857421875
0.274383544921875
0.279388427734375
0.299163818359375
0.339447021484375
0.38800048828125
0.40716552734375
0.413299560546875
0.39910888671875
0.355560302734375
0.281463623046875
0.234771728515625
0.245941162109375
0.279754638671875
0.331634521484375
0.35614013671875
0.3482666015625
0.299163818359375
0.24798583984375
0.19085693359375
0.129730224609375
0.055450439453125
-0.029571533203125
-0.09271240234375
-0.156402587890625
-0.20245361328125
-0.21490478515625
-0.158966064453125
-0.06561279296875
0.0325927734375
0.11688232421875
0.176910400390625
0.17034912109375
0.080352783203125
-0.003021240234375
-0.05609130859375
-0.09112548828125
-0.118011474609375
-0.13427734375
-0.147430419921875
-0.18621826171875
-0.25604248046875
-0.31732177734375
-0.349151611328125
-0.34478759765625
-0.332489013671875
-0.330413818359375
-0.344329833984375
-0.3770751953125
-0.427337646484375
-0.45001220703125
-0.417510986328125
-0.367462158203125
-0.305267333984375
-0.24310302734375
-0.160614013671875
-0.092742919921875
-0.058837890625
-0.029144287109375
0.012176513671875
0.079193115234375
0.171142578125
0.219329833984375
0.2242431640625
0.23699951171875
0.244171142578125
0.271331787109375
0.3114013671875
0.353179931640625
0.389251708984375
0.40069580078125
0.369964599609375
0.2978515625
0.2435302734375
0.2271728515625
0.234222412109375
0.276947021484375
0.317230224609375
0.331146240234375
0.317474365234375
0.28570556640625
0.23858642578125
0.187042236328125
0.126800537109375
0.0479736328125
-0.021759033203125
-0.09619140625
-0.168487548828125
-0.2174072265625
-0.214935302734375
-0.15667724609375
-0.063079833984375
0.041961669921875
0.12554931640625
0.148712158203125
0.123626708984375
0.067352294921875
0.003570556640625
-0.05145263671875
-0.0887451171875
-0.0947265625
-0.11138916015625
-0.154876708984375
-0.20660400390625
-0.26312255859375
-0.313629150390625
-0.33880615234375
-0.337127685546875
-0.322784423828125
-0.328521728515625
-0.362701416015625
-0.409637451171875
-0.44793701171875
-0.445953369140625
-0.42193603515625
-0.385040283203125
-0.33074951171875
-0.255126953125
-0.18414306640625
-0.15032958984375
-0.110992431640625
-0.051788330078125
0.018951416015625
0.10638427734375
0.164642333984375
0.194427490234375
0.21795654296875
0.22528076171875
0.236663818359375
0.273529052734375
0.31903076171875
0.360809326171875
0.392303466796875
0.398956298828125
0.3529052734375
0.28369140625
0.25537109375
0.24462890625
0.261627197265625
0.29071044921875
0.32342529296875
0.331390380859375
0.311248779296875
0.281036376953125
0.241180419921875
0.200164794921875
0.138397216796875
0.058624267578125
-0.014801025390625
-0.084259033203125
-0.166290283203125
-0.225433349609375
-0.210968017578125
-0.134918212890625
-0.04766845703125
0.035919189453125
0.105133056640625
0.14337158203125
0.1102294921875
0.045928955078125
-0.00897216796875
-0.043975830078125
-0.060882568359375
-0.086761474609375
-0.11553955078125
-0.15478515625
-0.212249755859375
-0.276641845703125
-0.32049560546875
-0.33026123046875
-0.31719970703125
-0.32244873046875
-0.3460693359375
-0.369537353515625
-0.397491455078125
-0.422027587890625
-0.430084228515625
-0.40399169921875
-0.356048583984375
-0.29345703125
-0.238189697265625
-0.2010498046875
-0.160125732421875
-0.0997314453125
-0.039337158203125
0.03631591796875
0.130615234375
0.173736572265625
0.194976806640625
0.212432861328125
0.21844482421875
0.243499755859375
0.284393310546875
0.337066650390625
0.380401611328125
0.397552490234375
0.37176513671875
0.3155517578125
0.280059814453125
0.262939453125
0.25628662109375
0.265777587890625
0.31170654296875
0.3310546875
0.31878662109375
0.305908203125
0.286956787109375
0.25323486328125
0.191192626953125
0.13446044921875
0.07476806640625
-0.01416015625
-0.120391845703125
-0.20355224609375
-0.237335205078125
-0.20806884765625
-0.146026611328125
-0.052947998046875
0.043487548828125
0.113555908203125
0.1199951171875
0.0836181640625
0.043365478515625
-0.0001220703125
-0.0279541015625
-0.048675537109375
-0.058929443359375
-0.0845947265625
-0.14141845703125
-0.212860107421875
-0.26385498046875
-0.287322998046875
-0.2996826171875
-0.30987548828125
-0.317474365234375
-0.32830810546875
-0.3648681640625
-0.407440185546875
-0.42803955078125
-0.4136962890625
-0.381622314453125
-0.3463134765625
-0.29412841796875
-0.249755859375
-0.22637939453125
-0.184539794921875
-0.12884521484375
-0.051605224609375
0.041717529296875
0.103271484375
0.14752197265625
0.16778564453125
0.17431640625
0.195556640625
0.231109619140625
0.282806396484375
0.33526611328125
0.36163330078125
0.368133544921875
0.34002685546875
0.292083740234375
0.25677490234375
0.244354248046875
0.2574462890625
0.27667236328125
0.295379638671875
0.315521240234375
0.317352294921875
0.295562744140625
0.268798828125
0.24298095703125
0.206512451171875
0.14715576171875
0.066192626953125
-0.0252685546875
-0.127197265625
-0.219757080078125
-0.241241455078125
-0.21044921875
-0.129974365234375
-0.037139892578125
0.03656005859375
0.087493896484375
0.0859375
0.056854248046875
0.0098876953125
-0.014068603515625
-0.0103759765625
-0.014739990234375
-0.03521728515625
-0.0762939453125
-0.125457763671875
-0.183441162109375
-0.23828125
-0.270111083984375
-0.276092529296875
-0.279571533203125
-0.2969970703125
-0.336578369140625
-0.387542724609375
-0.41064453125
-0.41845703125
-0.402587890625
-0.3709716796875
-0.3359375
-0.300628662109375
-0.27325439453125
-0.237823486328125
-0.1934814453125
-0.121368408203125
-0.03411865234375
0.04443359375
0.10845947265625
0.141693115234375
0.1514892578125
0.17205810546875
0.218017578125
0.2587890625
0.3004150390625
0.353424072265625
0.389190673828125
0.37249755859375
0.3333740234375
0.30682373046875
0.284393310546875
0.26190185546875
0.261749267578125
0.291717529296875
0.3125
0.31396484375
0.303985595703125
0.298736572265625
0.29388427734375
0.269439697265625
0.221160888671875
0.160125732421875
0.074188232421875
-0.020416259765625
-0.153076171875
-0.22698974609375
-0.22198486328125
-0.188232421875
-0.128570556640625
-0.04071044921875
0.051727294921875
0.07965087890625
0.06719970703125
0.02935791015625
0.01251220703125
0.015106201171875
0.00732421875
-0.00970458984375
-0.03289794921875
-0.0677490234375
-0.122344970703125
-0.194793701171875
-0.230560302734375
-0.23834228515625
-0.255218505859375
-0.2628173828125
-0.298492431640625
-0.351776123046875
-0.385833740234375
-0.4090576171875
-0.41595458984375
-0.396759033203125
-0.36419677734375
-0.339324951171875
-0.313629150390625
-0.2833251953125
-0.24853515625
-0.20587158203125
-0.11907958984375
-0.027191162109375
0.022674560546875
0.0628662109375
0.095458984375
0.121978759765625
0.141357421875
0.17547607421875
0.23004150390625
0.2908935546875
0.33251953125
0.353118896484375
0.3502197265625
0.319976806640625
0.28668212890625
0.261444091796875
0.259307861328125
0.273468017578125
0.28912353515625
0.2945556640625
0.30023193359375
0.314727783203125
0.3118896484375
0.29522705078125
0.28314208984375
0.258148193359375
0.186859130859375
0.08544921875
-0.0509033203125
-0.154998779296875
-0.201263427734375
-0.219635009765625
-0.18585205078125
-0.119537353515625
-0.022979736328125
0.030029296875
0.03692626953125
0.037811279296875
0.0291748046875
0.01739501953125
0.016082763671875
0.0174560546875
0.0009765625
-0.02825927734375
-0.07659912109375
-0.1514892578125
-0.195159912109375
-0.204254150390625
-0.218505859375
-0.2266845703125
-0.252655029296875
-0.298553466796875
-0.3416748046875
-0.371490478515625
-0.386749267578125
-0.390838623046875
-0.38116455078125
-0.34637451171875
-0.326324462890625
-0.32318115234375
-0.29833984375
-0.25286865234375
-0.17669677734375
-0.102569580078125
-0.03753662109375
0.02264404296875
0.06085205078125
0.082366943359375
0.110107421875
0.149871826171875
0.18731689453125
0.233856201171875
0.289581298828125
0.341705322265625
0.361053466796875
0.337158203125
0.30517578125
0.290130615234375
0.285308837890625
0.2725830078125
0.272216796875
0.284393310546875
0.29437255859375
0.2962646484375
0.28765869140625
0.29949951171875
0.31243896484375
0.304168701171875
0.2564697265625
0.183868408203125
0.090087890625
-0.045684814453125
-0.144073486328125
-0.19769287109375
-0.18939208984375
-0.14935302734375
-0.083038330078125
-0.01806640625
0.0146484375
0.039886474609375
0.04339599609375
0.040069580078125
0.041473388671875
0.049072265625
0.04315185546875
0.018341064453125
-0.024871826171875
-0.08001708984375
-0.1419677734375
-0.17254638671875
-0.18487548828125
-0.19769287109375
-0.22149658203125
-0.26702880859375
-0.30902099609375
-0.346527099609375
-0.3834228515625
-0.39849853515625
-0.3858642578125
-0.369171142578125
-0.36572265625
-0.356719970703125
-0.334564208984375
-0.312347412109375
-0.265228271484375
-0.189544677734375
-0.11248779296875
-0.05255126953125
-0.00555419921875
0.02325439453125
0.057464599609375
0.091278076171875
0.11175537109375
0.157562255859375
0.223175048828125
0.285247802734375
0.31268310546875
0.304290771484375
0.2991943359375
0.292999267578125
0.27685546875
0.2574462890625
0.26263427734375
0.27947998046875
0.2772216796875
0.26995849609375
0.261505126953125
0.29345703125
0.31439208984375
0.313385009765625
0.30078125
0.27001953125
0.18701171875
0.051544189453125
-0.054962158203125
-0.129486083984375
-0.16534423828125
-0.1697998046875
-0.13116455078125
-0.07244873046875
-0.01898193359375
0.00970458984375
0.01239013671875
0.01385498046875
0.03350830078125
0.04888916015625
0.04962158203125
0.039306640625
0.009429931640625
-0.041839599609375
-0.10516357421875
-0.1295166015625
-0.149444580078125
-0.17236328125
-0.188446044921875
-0.217681884765625
-0.26116943359375
-0.308074951171875
-0.340911865234375
-0.357879638671875
-0.366485595703125
-0.363006591796875
-0.34857177734375
-0.344879150390625
-0.34039306640625
-0.332611083984375
-0.30255126953125
-0.2374267578125
-0.1771240234375
-0.12359619140625
-0.06536865234375
-0.008514404296875
0.02935791015625
0.0439453125
0.06463623046875
0.11962890625
0.182708740234375
0.238739013671875
0.284942626953125
0.306488037109375
0.32122802734375
0.316192626953125
0.29351806640625
0.292724609375
0.30389404296875
0.296844482421875
0.279296875
0.2694091796875
0.267669677734375
0.273773193359375
0.288330078125
0.308197021484375
0.319976806640625
0.31597900390625
0.257568359375
0.144989013671875
0.044158935546875
-0.041778564453125
-0.110382080078125
-0.151519775390625
-0.140716552734375
-0.090423583984375
-0.04949951171875
-0.018524169921875
-0.0009765625
0.00469970703125
0.016082763671875
0.037109375
0.05419921875
0.046905517578125
0.023529052734375
-0.009368896484375
-0.054962158203125
-0.1026611328125
-0.132080078125
-0.143829345703125
-0.155609130859375
-0.186553955078125
-0.235076904296875
-0.277679443359375
-0.311676025390625
-0.343353271484375
-0.362548828125
-0.357269287109375
-0.347412109375
-0.349090576171875
-0.3619384765625
-0.364013671875
-0.335906982421875
-0.2967529296875
-0.25982666015625
-0.2017822265625
-0.12774658203125
-0.064300537109375
-0.02947998046875
-0.00421142578125
0.03118896484375
0.080657958984375
0.12408447265625
0.157562255859375
0.2353515625
0.289642333984375
0.2974853515625
0.3016357421875
0.305694580078125
0.311004638671875
0.30535888671875
0.294830322265625
0.280975341796875
0.26971435546875
0.255462646484375
0.244598388671875
0.254852294921875
0.28619384765625
0.317626953125
0.320953369140625
0.2972412109375
0.23529052734375
0.14996337890625
0.05419921875
-0.0367431640625
-0.09649658203125
-0.1212158203125
-0.10791015625
-0.0767822265625
-0.046478271484375
-0.0316162109375
-0.024078369140625
-0.002960205078125
0.01788330078125
0.030029296875
0.0364990234375
0.035675048828125
0.0179443359375
-0.027801513671875
-0.072784423828125
-0.095489501953125
-0.111297607421875
-0.126220703125
-0.153350830078125
-0.187408447265625
-0.223388671875
-0.267425537109375
-0.30938720703125
-0.328765869140625
-0.333709716796875
-0.347137451171875
-0.359375
-0.36395263671875
-0.36175537109375
-0.3553466796875
-0.353179931640625
-0.3253173828125
-0.2630615234375
-0.192901611328125
-0.1439208984375
-0.10284423828125
-0.04345703125
-0.008453369140625
0.013824462890625
0.052276611328125
0.10528564453125
0.184173583984375
0.240936279296875
0.264251708984375
0.28228759765625
0.297149658203125
0.31182861328125
0.312744140625
0.30560302734375
0.29498291015625
0.2806396484375
0.2520751953125
0.236083984375
0.2491455078125
0.277008056640625
0.303558349609375
0.3255615234375
0.3408203125
0.317596435546875
0.25140380859375
0.17083740234375
0.076873779296875
-0.013092041015625
-0.066314697265625
-0.08203125
-0.071929931640625
-0.058197021484375
-0.039581298828125
-0.0208740234375
-0.0076904296875
0.0078125
0.025970458984375
0.04278564453125
0.045318603515625
0.03289794921875
-0.001708984375
-0.036224365234375
-0.0592041015625
-0.08856201171875
-0.105560302734375
-0.11309814453125
-0.13836669921875
-0.186004638671875
-0.2344970703125
-0.268218994140625
-0.280975341796875
-0.3006591796875
-0.3365478515625
-0.342254638671875
-0.33062744140625
-0.338775634765625
-0.365814208984375
-0.3743896484375
-0.33843994140625
-0.2977294921875
-0.258697509765625
-0.21624755859375
-0.156402587890625
-0.0970458984375
-0.066375732421875
-0.035888671875
0.004913330078125
0.055084228515625
0.116607666015625
0.18017578125
0.222076416015625
0.25592041015625
0.276519775390625
0.28204345703125
0.2999267578125
0.3192138671875
0.313201904296875
0.28973388671875
0.26800537109375
0.255828857421875
0.248291015625
0.2586669921875
0.285675048828125
0.316680908203125
0.33447265625
0.3397216796875
0.313201904296875
0.24420166015625
0.15277099609375
0.053436279296875
-0.017578125
-0.071502685546875
-0.09051513671875
-0.085784912109375
-0.076446533203125
-0.05810546875
-0.04937744140625
-0.03240966796875
-0.0035400390625
0.017730712890625
0.0267333984375
0.027984619140625
0.017547607421875
-0.003204345703125
-0.033599853515625
-0.062103271484375
-0.07049560546875
-0.06195068359375
-0.092529296875
-0.15106201171875
-0.1849365234375
-0.202911376953125
-0.235992431640625
-0.287841796875
-0.316650390625
-0.312042236328125
-0.310089111328125
-0.328338623046875
-0.35009765625
-0.3634033203125
-0.35400390625
-0.334381103515625
-0.30877685546875
-0.26116943359375
-0.205718994140625
-0.147369384765625
-0.11419677734375
-0.0888671875
-0.04132080078125
-0.00054931640625
0.0489501953125
0.1201171875
0.17413330078125
0.207733154296875
0.2298583984375
0.25146484375
0.290435791015625
0.3121337890625
0.3096923828125
0.30072021484375
0.285186767578125
0.264892578125
0.250823974609375
0.249481201171875
0.25482177734375
0.277008056640625
0.312103271484375
0.343505859375
0.344573974609375
0.30279541015625
0.233673095703125
0.1478271484375
0.06298828125
-0.020843505859375
-0.065277099609375
-0.075347900390625
-0.0836181640625
-0.084014892578125
-0.0833740234375
-0.05706787109375
-0.03155517578125
-0.016387939453125
-0.002960205078125
0.0166015625
0.027099609375
-0.000701904296875
-0.0335693359375
-0.042572021484375
-0.0384521484375
-0.050872802734375
-0.09014892578125
-0.116729736328125
-0.13287353515625
-0.16705322265625
-0.210113525390625
-0.246826171875
-0.265045166015625
-0.273651123046875
-0.2838134765625
-0.30194091796875
-0.31854248046875
-0.33441162109375
-0.353851318359375
-0.35357666015625
-0.332855224609375
-0.293792724609375
-0.251251220703125
-0.19873046875
-0.146240234375
-0.111572265625
-0.08172607421875
-0.053619384765625
0.00457763671875
0.077117919921875
0.123291015625
0.154144287109375
0.18927001953125
0.2171630859375
0.252410888671875
0.293212890625
0.302215576171875
0.297943115234375
0.28680419921875
0.274566650390625
0.2603759765625
0.244964599609375
0.236114501953125
0.247283935546875
0.284271240234375
0.322174072265625
0.35040283203125
0.342254638671875
0.3056640625
0.23223876953125
0.14654541015625
0.060333251953125
-0.00634765625
-0.036712646484375
-0.06658935546875
-0.0787353515625
-0.0728759765625
-0.059600830078125
-0.056793212890625
-0.042633056640625
-0.005462646484375
0.02972412109375
0.024017333984375
-0.007568359375
-0.01202392578125
-0.011932373046875
-0.02093505859375
-0.039825439453125
-0.05828857421875
-0.071563720703125
-0.09234619140625
-0.127777099609375
-0.16473388671875
-0.196075439453125
-0.220001220703125
-0.246551513671875
-0.262847900390625
-0.271240234375
-0.273345947265625
-0.30133056640625
-0.334747314453125
-0.331024169921875
-0.3214111328125
-0.30474853515625
-0.279937744140625
-0.219482421875
-0.168701171875
-0.14605712890625
-0.117706298828125
-0.082672119140625
-0.041259765625
0.018524169921875
0.07318115234375
0.099639892578125
0.134033203125
0.1622314453125
0.198822021484375
0.245025634765625
0.25872802734375
0.260284423828125
0.260955810546875
0.256134033203125
0.239288330078125
0.2122802734375
0.19561767578125
0.19110107421875
0.209197998046875
0.231231689453125
0.27044677734375
0.2918701171875
0.276947021484375
0.23248291015625
0.1700439453125
0.111419677734375
0.044189453125
-0.005462646484375
-0.037872314453125
-0.04425048828125
-0.046630859375
-0.064910888671875
-0.063323974609375
-0.035980224609375
-0.006500244140625
0.010162353515625
0.009124755859375
0.00701904296875
0.00653076171875
-0.001556396484375
-0.0126953125
-0.02783203125
-0.03021240234375
-0.03656005859375
-0.05413818359375
-0.0792236328125
-0.1046142578125
-0.12750244140625
-0.160614013671875
-0.187469482421875
-0.1934814453125
-0.198333740234375
-0.21624755859375
-0.23291015625
-0.25152587890625
-0.262908935546875
-0.2645263671875
-0.25457763671875
-0.2391357421875
-0.20587158203125
-0.163421630859375
-0.141632080078125
-0.122314453125
-0.0994873046875
-0.0704345703125
-0.0216064453125
0.014678955078125
0.03326416015625
0.0582275390625
0.08447265625
0.117919921875
0.150299072265625
0.169342041015625
0.1826171875
0.193939208984375
0.195648193359375
0.18585205078125
0.16937255859375
0.15325927734375
0.13922119140625
0.136322021484375
0.149688720703125
0.189300537109375
0.21063232421875
0.206787109375
0.1983642578125
0.183868408203125
0.143798828125
0.076568603515625
0.03704833984375
0.01483154296875
-0.0018310546875
-0.02642822265625
-0.0478515625
-0.04931640625
-0.03631591796875
-0.022186279296875
-0.00933837890625
-0.001617431640625
0.00787353515625
0.008270263671875
-0.00128173828125
-0.0078125
-0.0096435546875
-0.009521484375
-0.018096923828125
-0.025390625
-0.02984619140625
-0.045074462890625
-0.070159912109375
-0.0869140625
-0.100738525390625
-0.111175537109375
-0.121917724609375
-0.13250732421875
-0.140228271484375
-0.1541748046875
-0.16943359375
-0.178619384765625
-0.179656982421875
-0.17620849609375
-0.157684326171875
-0.1326904296875
-0.115814208984375
-0.104095458984375
-0.087890625
-0.064483642578125
-0.034881591796875
-0.008026123046875
0.004974365234375
0.017425537109375
0.035400390625
0.052490234375
0.07659912109375
0.09625244140625
0.11138916015625
0.123260498046875
0.126953125
0.13018798828125
0.12982177734375
0.11407470703125
0.09552001953125
0.091278076171875
0.099151611328125
0.11260986328125
0.122528076171875
0.132720947265625
0.142608642578125
0.138458251953125
0.117584228515625
0.082183837890625
0.05572509765625
0.039031982421875
0.01568603515625
-0.006378173828125
-0.022918701171875
-0.030426025390625
-0.029388427734375
-0.02923583984375
-0.0245361328125
-0.01123046875
-0.0035400390625
-0.00567626953125
-0.00665283203125
-0.004486083984375
-0.004913330078125
-0.0067138671875
-0.007171630859375
-0.007781982421875
-0.011749267578125
-0.022216796875
-0.032958984375
-0.041748046875
-0.051605224609375
-0.061309814453125
-0.06805419921875
-0.07354736328125
-0.07757568359375
-0.08544921875
-0.09539794921875
-0.103363037109375
-0.107696533203125
-0.105621337890625
-0.10009765625
-0.0897216796875
-0.08111572265625
-0.073486328125
-0.063079833984375
-0.049285888671875
-0.03271484375
-0.017578125
-0.008331298828125
0.00115966796875
0.00885009765625
0.015228271484375
0.02899169921875
0.04058837890625
0.04583740234375
0.051666259765625
0.0596923828125
0.067169189453125
0.06549072265625
0.056884765625
0.05126953125
0.049224853515625
0.0472412109375
0.0465087890625
0.051239013671875
0.059326171875
0.065399169921875
0.065338134765625
0.059814453125
0.048675537109375
0.039337158203125
0.030670166015625
0.018218994140625
0.00762939453125
-0.0003662109375
-0.00762939453125
-0.011077880859375
-0.010986328125
-0.008331298828125
-0.00567626953125
-0.0037841796875
-0.0018310546875
-0.00067138671875
-0.00054931640625
-0.001312255859375
-0.001312255859375
-0.000396728515625
0.00054931640625
-0.00091552734375
-0.0032958984375
-0.00640869140625
-0.009307861328125
-0.012481689453125
-0.015380859375
-0.017669677734375
-0.019073486328125
-0.019866943359375
-0.020965576171875
-0.023468017578125
-0.0262451171875
-0.0267333984375
-0.02642822265625
-0.024383544921875
-0.022979736328125
-0.021575927734375
-0.019287109375
-0.016204833984375
-0.013397216796875
-0.010040283203125
-0.006134033203125
-0.00372314453125
-0.0025634765625
-0.001220703125
0.00054931640625
0.00274658203125
0.0032958984375
0.003753662109375
0.004058837890625
0.004730224609375
0.004486083984375
0.003753662109375
0.002685546875
0.00177001953125
0.000885009765625
