Frequency (Hz)	Level (dB)
10.766602	-60.454834
21.533203	-65.203140
32.299805	-62.567139
43.066406	-61.609253
53.833008	-58.160000
64.599609	-58.244476
75.366211	-61.909840
86.132813	-74.494301
96.899414	-61.067204
107.666016	-55.178627
118.432617	-57.942574
129.199219	-68.292465
139.965820	-67.562828
150.732422	-59.763817
161.499023	-55.357460
172.265625	-55.830482
183.032227	-53.606792
193.798828	-53.996212
204.565430	-57.889492
215.332031	-56.700546
226.098633	-61.201279
236.865234	-53.274460
247.631836	-43.210865
258.398438	-42.764030
269.165039	-47.056927
279.931641	-47.439629
290.698242	-57.685772
301.464844	-49.143799
312.231445	-62.228794
322.998047	-60.747993
333.764648	-57.092022
344.531250	-52.879856
355.297852	-42.583679
366.064453	-40.685574
376.831055	-45.826275
387.597656	-52.558441
398.364258	-55.060215
409.130859	-68.916481
419.897461	-54.394852
430.664063	-54.578102
441.430664	-57.191269
452.197266	-62.042210
462.963867	-59.373096
473.730469	-70.379883
484.497070	-68.487305
495.263672	-59.732193
506.030273	-59.643810
516.796875	-56.626751
527.563477	-56.905724
538.330078	-52.091019
549.096680	-54.824570
559.863281	-58.251625
570.629883	-53.290085
581.396484	-51.389160
592.163086	-58.124847
602.929688	-60.657486
613.696289	-65.180809
624.462891	-55.565548
635.229492	-52.563171
645.996094	-43.307926
656.762695	-39.697014
667.529297	-36.291157
678.295898	-33.692997
689.062500	-13.771752
699.829102	-9.177929
710.595703	-16.896072
721.362305	-33.203960
732.128906	-41.622826
742.895508	-42.411198
753.662109	-48.756947
764.428711	-50.107632
775.195313	-54.157291
785.961914	-53.837402
796.728516	-53.677258
807.495117	-60.150288
818.261719	-59.836765
829.028320	-58.983009
839.794922	-71.384827
850.561523	-66.490898
861.328125	-60.909767
872.094727	-56.297539
882.861328	-57.498459
893.627930	-57.495991
904.394531	-70.265800
915.161133	-63.391064
925.927734	-60.081009
936.694336	-69.310867
947.460938	-63.303230
958.227539	-61.857571
968.994141	-68.695656
979.760742	-69.825996
990.527344	-62.618393
1001.293945	-68.097427
1012.060547	-63.256409
1022.827148	-74.763382
1033.593750	-59.558086
1044.360352	-61.510887
1055.126953	-65.440697
1065.893555	-54.780518
1076.660156	-53.475628
1087.426758	-54.946194
1098.193359	-53.907406
1108.959961	-53.364681
1119.726563	-55.640331
1130.493164	-54.581387
1141.259766	-64.477646
1152.026367	-60.457272
1162.792969	-73.189796
1173.559570	-55.428905
1184.326172	-55.334663
1195.092773	-62.332161
1205.859375	-56.105507
1216.625977	-58.103680
1227.392578	-62.312588
1238.159180	-60.616486
1248.925781	-64.869354
1259.692383	-54.420567
1270.458984	-56.113617
1281.225586	-55.880013
1291.992188	-51.545052
1302.758789	-53.054920
1313.525391	-53.008644
1324.291992	-51.830658
1335.058594	-59.580296
1345.825195	-52.446327
1356.591797	-45.514774
1367.358398	-46.212868
1378.125000	-32.947582
1388.891602	-17.443451
1399.658203	-15.777211
1410.424805	-25.971615
1421.191406	-50.021397
1431.958008	-46.585655
1442.724609	-51.390636
1453.491211	-49.949181
1464.257813	-52.904007
1475.024414	-47.136223
1485.791016	-46.872952
1496.557617	-57.673004
1507.324219	-63.526493
1518.090820	-52.948742
1528.857422	-50.998665
1539.624023	-56.869781
1550.390625	-64.142296
1561.157227	-60.137527
1571.923828	-63.266731
1582.690430	-62.163773
1593.457031	-59.559143
1604.223633	-68.342621
1614.990234	-66.280304
1625.756836	-74.680420
1636.523438	-80.384644
1647.290039	-62.358307
1658.056641	-61.444855
1668.823242	-61.597942
1679.589844	-60.456207
1690.356445	-62.566681
1701.123047	-69.449486
1711.889648	-62.451344
1722.656250	-71.711433
1733.422852	-66.755730
1744.189453	-65.159966
1754.956055	-86.727600
1765.722656	-81.513847
1776.489258	-67.335358
1787.255859	-63.970974
1798.022461	-81.307457
1808.789063	-73.126297
1819.555664	-74.216080
1830.322266	-73.091568
1841.088867	-74.415352
1851.855469	-72.806900
1862.622070	-64.428017
1873.388672	-68.012489
1884.155273	-69.802544
1894.921875	-69.529655
1905.688477	-71.597305
1916.455078	-70.207924
1927.221680	-62.031353
1937.988281	-64.359459
1948.754883	-58.821373
1959.521484	-67.691078
1970.288086	-63.193817
1981.054688	-58.113228
1991.821289	-59.953060
2002.587891	-64.019958
2013.354492	-61.430328
2024.121094	-60.047802
2034.887695	-60.910240
2045.654297	-57.929276
2056.420898	-55.166397
2067.187500	-49.411549
2077.954102	-41.936665
2088.720703	-25.041470
2099.487305	-23.383303
2110.253906	-35.451565
2121.020508	-46.955589
2131.787109	-55.657276
2142.553711	-54.798759
2153.320313	-48.756516
2164.086914	-52.619984
2174.853516	-60.384449
2185.620117	-75.742249
2196.386719	-60.932663
2207.153320	-58.089581
2217.919922	-58.213287
2228.686523	-58.736916
2239.453125	-64.688187
2250.219727	-61.667297
2260.986328	-69.122002
2271.752930	-64.956917
2282.519531	-62.021118
2293.286133	-74.451744
2304.052734	-60.405346
2314.819336	-63.724850
2325.585938	-60.790375
2336.352539	-61.873287
2347.119141	-71.892151
2357.885742	-72.809875
2368.652344	-72.847816
2379.418945	-66.467209
2390.185547	-73.875183
2400.952148	-76.106773
2411.718750	-77.081131
2422.485352	-70.532578
2433.251953	-71.668457
2444.018555	-77.594261
2454.785156	-75.525261
2465.551758	-69.786461
2476.318359	-70.273933
2487.084961	-88.997566
2497.851563	-80.142807
2508.618164	-83.082870
2519.384766	-92.616524
2530.151367	-77.159523
2540.917969	-77.211426
2551.684570	-71.720154
2562.451172	-76.329208
2573.217773	-72.551888
2583.984375	-76.321106
2594.750977	-82.671852
2605.517578	-73.886887
2616.284180	-70.834198
2627.050781	-68.559380
2637.817383	-75.791626
2648.583984	-76.501541
2659.350586	-65.865662
2670.117188	-65.546463
2680.883789	-59.254612
2691.650391	-58.629608
2702.416992	-66.956177
2713.183594	-71.474731
2723.950195	-62.010845
2734.716797	-56.299568
2745.483398	-65.656288
2756.250000	-60.530205
2767.016602	-62.781830
2777.783203	-45.249489
2788.549805	-26.896564
2799.316406	-23.123936
2810.083008	-30.572512
2820.849609	-46.107998
2831.616211	-46.057312
2842.382813	-47.931046
2853.149414	-53.721298
2863.916016	-55.752308
2874.682617	-57.693001
2885.449219	-65.133255
2896.215820	-61.423790
2906.982422	-63.294319
2917.749023	-72.413643
2928.515625	-68.463516
2939.282227	-68.191933
2950.048828	-69.380356
2960.815430	-66.933128
2971.582031	-66.056602
2982.348633	-64.158081
2993.115234	-67.089645
3003.881836	-70.594841
3014.648438	-67.663864
3025.415039	-72.058739
3036.181641	-86.774261
3046.948242	-82.041969
3057.714844	-82.805069
3068.481445	-79.818550
3079.248047	-81.221680
3090.014648	-83.837006
3100.781250	-86.809937
3111.547852	-77.453697
3122.314453	-80.578697
3133.081055	-74.764351
3143.847656	-77.216461
3154.614258	-76.783546
3165.380859	-81.221977
3176.147461	-86.074348
3186.914063	-94.973724
3197.680664	-74.022804
3208.447266	-65.812538
3219.213867	-66.459557
3229.980469	-72.743317
3240.747070	-68.482155
3251.513672	-68.801537
3262.280273	-65.462151
3273.046875	-65.491570
3283.813477	-65.519135
3294.580078	-69.045944
3305.346680	-66.270752
3316.113281	-62.365967
3326.879883	-65.884682
3337.646484	-65.816338
3348.413086	-59.619999
3359.179688	-59.068352
3369.946289	-61.789886
3380.712891	-62.710575
3391.479492	-58.237297
3402.246094	-58.521927
3413.012695	-63.865692
3423.779297	-57.968929
3434.545898	-64.000572
3445.312500	-54.942860
3456.079102	-64.283585
3466.845703	-50.719479
3477.612305	-53.180550
3488.378906	-34.951916
3499.145508	-24.009441
3509.912109	-25.183897
3520.678711	-40.890594
3531.445313	-52.771271
3542.211914	-60.091591
3552.978516	-59.967991
3563.745117	-72.370583
3574.511719	-66.130363
3585.278320	-52.579739
3596.044922	-51.316826
3606.811523	-54.321152
3617.578125	-56.722534
3628.344727	-61.015339
3639.111328	-59.497421
3649.877930	-59.699085
3660.644531	-64.485077
3671.411133	-67.774284
3682.177734	-63.348724
3692.944336	-73.895012
3703.710938	-62.308556
3714.477539	-60.648365
3725.244141	-61.682793
3736.010742	-70.271980
3746.777344	-65.965820
3757.543945	-69.303345
3768.310547	-84.470612
3779.077148	-80.656296
3789.843750	-76.650909
3800.610352	-72.275963
3811.376953	-64.978516
3822.143555	-74.269264
3832.910156	-69.351921
3843.676758	-71.964493
3854.443359	-70.070984
3865.209961	-70.007324
3875.976563	-71.753906
3886.743164	-68.874023
3897.509766	-79.298508
3908.276367	-76.300858
3919.042969	-72.246330
3929.809570	-73.569214
3940.576172	-72.877556
3951.342773	-72.937141
3962.109375	-78.567162
3972.875977	-71.043304
3983.642578	-68.501434
3994.409180	-74.109352
4005.175781	-74.340492
4015.942383	-77.463516
4026.708984	-83.069572
4037.475586	-88.153725
4048.242188	-67.963196
4059.008789	-64.168358
4069.775391	-65.607559
4080.541992	-68.426544
4091.308594	-67.025986
4102.075195	-69.609459
4112.841797	-61.420681
4123.608398	-58.190830
4134.375000	-66.257172
4145.141602	-64.528183
4155.908203	-61.258064
4166.674805	-63.411846
4177.441406	-57.306313
4188.208008	-46.225342
4198.974609	-34.043255
4209.741211	-30.859570
4220.507813	-38.769684
4231.274414	-43.635777
4242.041016	-50.851513
4252.807617	-57.548252
4263.574219	-63.169399
4274.340820	-57.448795
4285.107422	-54.037430
4295.874023	-53.135075
4306.640625	-55.642586
4317.407227	-65.158272
4328.173828	-68.229980
4338.940430	-70.399010
4349.707031	-80.643471
4360.473633	-73.419815
4371.240234	-67.665291
4382.006836	-69.460907
4392.773438	-72.328560
4403.540039	-73.447365
4414.306641	-75.854607
4425.073242	-70.359207
4435.839844	-63.312244
4446.606445	-62.680832
4457.373047	-65.000015
4468.139648	-68.900108
4478.906250	-68.131622
4489.672852	-68.488770
4500.439453	-70.862984
4511.206055	-74.088097
4521.972656	-80.490433
4532.739258	-89.896355
4543.505859	-82.071999
4554.272461	-82.942787
4565.039063	-77.994125
4575.805664	-86.992119
4586.572266	-80.891930
4597.338867	-96.607597
4608.105469	-83.810486
4618.872070	-76.042969
4629.638672	-74.367912
4640.405273	-75.779655
4651.171875	-82.953331
4661.938477	-76.330215
4672.705078	-83.967583
4683.471680	-76.349113
4694.238281	-78.370369
4705.004883	-72.189514
4715.771484	-73.268723
4726.538086	-82.636520
4737.304688	-73.541977
4748.071289	-69.783363
4758.837891	-67.150574
4769.604492	-69.237457
4780.371094	-70.439766
4791.137695	-66.035309
4801.904297	-61.382446
4812.670898	-63.492115
4823.437500	-68.557274
4834.204102	-76.114769
4844.970703	-80.031982
4855.737305	-70.503105
4866.503906	-68.492485
4877.270508	-54.429482
4888.037109	-52.152916
4898.803711	-60.779186
4909.570313	-47.092716
4920.336914	-36.059994
4931.103516	-36.272575
4941.870117	-46.754372
4952.636719	-54.110901
4963.403320	-62.321743
4974.169922	-66.427177
4984.936523	-70.302353
4995.703125	-60.451363
5006.469727	-62.059021
5017.236328	-68.382172
5028.002930	-64.974007
5038.769531	-62.941231
5049.536133	-65.868469
5060.302734	-74.281235
5071.069336	-68.855881
5081.835938	-74.188255
5092.602539	-66.925545
5103.369141	-82.749702
5114.135742	-72.462296
5124.902344	-69.714005
5135.668945	-71.700638
5146.435547	-75.398270
5157.202148	-72.882164
5167.968750	-73.258987
5178.735352	-74.957909
5189.501953	-77.183784
5200.268555	-85.672798
5211.035156	-81.861542
5221.801758	-81.697632
5232.568359	-73.710556
5243.334961	-74.311195
5254.101563	-81.636131
5264.868164	-83.868446
5275.634766	-83.626122
5286.401367	-94.984634
5297.167969	-79.177574
5307.934570	-73.494675
5318.701172	-74.623756
5329.467773	-78.959465
5340.234375	-85.841240
5351.000977	-91.490440
5361.767578	-76.794868
5372.534180	-70.168106
5383.300781	-82.396072
5394.067383	-75.629227
5404.833984	-77.987152
5415.600586	-75.809845
5426.367188	-83.420670
5437.133789	-81.760124
5447.900391	-79.522995
5458.666992	-72.848152
5469.433594	-75.949928
5480.200195	-76.158478
5490.966797	-74.781776
5501.733398	-79.762016
5512.500000	-74.813660
5523.266602	-73.060539
5534.033203	-71.785385
5544.799805	-66.121452
5555.566406	-66.891960
5566.333008	-70.942078
5577.099609	-73.098289
5587.866211	-65.596817
5598.632813	-55.783363
5609.399414	-65.553673
5620.166016	-51.982464
5630.932617	-29.940464
5641.699219	-24.488890
5652.465820	-29.122807
5663.232422	-50.772301
5673.999023	-56.970459
5684.765625	-61.987473
5695.532227	-59.320137
5706.298828	-69.920456
5717.065430	-80.129372
5727.832031	-65.659584
5738.598633	-67.173523
5749.365234	-75.358734
5760.131836	-70.014862
5770.898438	-69.542625
5781.665039	-68.425560
5792.431641	-75.535805
5803.198242	-76.043411
5813.964844	-74.399857
5824.731445	-74.055473
5835.498047	-72.626396
5846.264648	-79.337074
5857.031250	-74.667259
5867.797852	-74.371208
5878.564453	-72.045189
5889.331055	-65.717354
5900.097656	-63.518669
5910.864258	-67.204803
5921.630859	-66.457245
5932.397461	-63.754833
5943.164063	-67.187798
5953.930664	-72.144737
5964.697266	-76.533958
5975.463867	-73.049431
5986.230469	-78.159554
5996.997070	-83.630714
6007.763672	-78.184425
6018.530273	-79.767601
6029.296875	-79.358292
6040.063477	-74.120811
6050.830078	-75.486992
6061.596680	-72.060883
6072.363281	-69.715279
6083.129883	-79.921761
6093.896484	-70.229477
6104.663086	-73.947647
6115.429688	-84.028770
6126.196289	-87.793579
6136.962891	-82.553848
6147.729492	-83.185623
6158.496094	-89.945663
6169.262695	-83.390076
6180.029297	-74.215393
6190.795898	-72.669342
6201.562500	-75.762978
6212.329102	-84.794548
6223.095703	-75.294388
6233.862305	-72.746712
6244.628906	-79.410095
6255.395508	-76.330437
6266.162109	-67.597549
6276.928711	-65.367836
6287.695313	-68.154839
6298.461914	-69.026535
6309.228516	-66.540657
6319.995117	-76.878685
6330.761719	-64.254150
6341.528320	-57.990486
6352.294922	-50.718819
6363.061523	-50.157902
6373.828125	-52.642239
6384.594727	-57.630825
6395.361328	-56.466621
6406.127930	-54.981529
6416.894531	-75.061920
6427.661133	-65.375412
6438.427734	-80.547935
6449.194336	-73.037056
6459.960938	-69.692398
6470.727539	-71.641479
6481.494141	-70.417900
6492.260742	-69.954788
6503.027344	-69.558891
6513.793945	-67.064674
6524.560547	-71.145851
6535.327148	-72.652275
6546.093750	-74.532120
6556.860352	-83.134460
6567.626953	-92.010498
6578.393555	-79.145737
6589.160156	-83.429779
6599.926758	-78.378311
6610.693359	-74.309502
6621.459961	-69.246819
6632.226563	-67.337921
6642.993164	-67.038063
6653.759766	-69.484352
6664.526367	-68.365280
6675.292969	-66.594002
6686.059570	-65.175545
6696.826172	-66.140968
6707.592773	-70.006981
6718.359375	-69.276756
6729.125977	-72.178604
6739.892578	-80.926262
6750.659180	-76.587952
6761.425781	-74.417389
6772.192383	-72.430557
6782.958984	-67.937294
6793.725586	-69.808228
6804.492188	-75.325546
6815.258789	-71.315857
6826.025391	-68.522865
6836.791992	-66.325691
6847.558594	-64.445824
6858.325195	-67.822624
6869.091797	-69.445671
6879.858398	-69.921028
6890.625000	-71.817719
6901.391602	-71.661339
6912.158203	-72.899788
6922.924805	-66.157417
6933.691406	-68.424431
6944.458008	-72.285812
6955.224609	-73.005173
6965.991211	-75.205452
6976.757813	-78.547554
6987.524414	-75.501808
6998.291016	-66.400635
7009.057617	-70.734932
7019.824219	-68.031578
7030.590820	-65.034828
7041.357422	-64.333168
7052.124023	-61.005470
7062.890625	-61.705776
7073.657227	-51.718754
7084.423828	-38.214108
7095.190430	-35.513916
7105.957031	-40.302963
7116.723633	-56.965462
7127.490234	-71.291306
7138.256836	-64.311111
7149.023438	-76.371307
7159.790039	-78.773590
7170.556641	-75.176132
7181.323242	-72.005661
7192.089844	-70.220406
7202.856445	-69.557259
7213.623047	-77.838234
7224.389648	-83.266922
7235.156250	-84.377777
7245.922852	-84.518738
7256.689453	-79.728439
7267.456055	-76.257156
7278.222656	-83.546837
7288.989258	-83.266685
7299.755859	-80.478340
7310.522461	-89.748619
7321.289063	-81.405121
7332.055664	-77.612007
7342.822266	-71.334328
7353.588867	-74.520592
7364.355469	-89.301117
7375.122070	-74.105225
7385.888672	-68.448624
7396.655273	-71.279724
7407.421875	-91.763565
7418.188477	-79.162125
7428.955078	-84.368469
7439.721680	-67.859581
7450.488281	-65.336067
7461.254883	-73.796768
7472.021484	-76.650940
7482.788086	-78.327217
7493.554688	-77.680878
7504.321289	-86.637497
7515.087891	-84.103340
7525.854492	-101.531769
7536.621094	-80.859665
7547.387695	-86.150902
7558.154297	-87.169777
7568.920898	-71.805046
7579.687500	-70.941322
7590.454102	-76.310349
7601.220703	-80.892372
7611.987305	-73.383438
7622.753906	-69.686264
7633.520508	-72.744240
7644.287109	-75.616776
7655.053711	-73.167931
7665.820313	-72.850319
7676.586914	-76.993599
7687.353516	-74.981720
7698.120117	-66.554146
7708.886719	-66.007950
7719.653320	-70.972977
7730.419922	-70.605965
7741.186523	-70.845978
7751.953125	-78.836716
7762.719727	-73.137939
7773.486328	-71.134758
7784.252930	-74.181793
7795.019531	-65.859879
7805.786133	-70.679176
7816.552734	-49.222530
7827.319336	-43.260838
7838.085938	-44.898384
7848.852539	-54.166512
7859.619141	-71.906052
7870.385742	-74.120270
7881.152344	-72.380035
7891.918945	-72.990532
7902.685547	-76.508476
7913.452148	-107.279839
7924.218750	-71.401863
7934.985352	-69.090134
7945.751953	-96.820168
7956.518555	-72.482040
7967.285156	-73.606987
7978.051758	-73.783623
7988.818359	-70.214058
7999.584961	-73.321869
8010.351563	-78.213623
8021.118164	-84.138756
8031.884766	-75.724884
8042.651367	-69.741692
8053.417969	-68.948273
8064.184570	-69.665466
8074.951172	-71.183144
8085.717773	-76.755951
8096.484375	-76.531738
8107.250977	-79.265320
8118.017578	-83.723068
8128.784180	-91.309891
8139.550781	-79.047607
8150.317383	-79.042862
8161.083984	-80.012970
8171.850586	-73.404694
8182.617188	-72.636200
8193.383789	-71.769592
8204.150391	-71.180466
8214.916992	-90.371170
8225.683594	-74.141983
8236.450195	-72.228256
8247.216797	-74.830719
8257.983398	-90.654282
8268.750000	-72.514153
8279.516602	-69.320221
8290.283203	-71.184433
8301.049805	-70.829315
8311.816406	-71.415680
8322.583008	-79.676231
8333.349609	-82.935074
8344.116211	-77.224060
8354.882813	-79.288757
8365.649414	-92.952698
8376.416016	-80.877312
8387.182617	-89.954025
8397.949219	-76.870789
8408.715820	-76.496681
8419.482422	-68.622787
8430.249023	-65.683472
8441.015625	-78.406937
8451.782227	-73.534714
8462.548828	-67.751396
8473.315430	-65.316109
8484.082031	-61.487469
8494.848633	-53.148743
8505.615234	-53.768841
8516.381836	-67.395958
8527.148438	-82.033913
8537.915039	-79.267891
8548.681641	-65.102257
8559.448242	-44.251545
8570.214844	-37.865978
8580.981445	-39.268791
8591.748047	-51.269459
8602.514648	-64.563759
8613.281250	-75.651901
8624.047852	-66.916756
8634.814453	-74.350983
8645.581055	-73.628784
8656.347656	-76.241302
8667.114258	-76.218384
8677.880859	-77.815651
8688.647461	-84.408493
8699.414063	-76.965576
8710.180664	-83.459152
8720.947266	-74.058907
8731.713867	-77.581795
8742.480469	-81.485809
8753.247070	-74.990921
8764.013672	-76.466042
8774.780273	-79.337738
8785.546875	-78.084282
8796.313477	-84.990730
8807.080078	-79.807945
8817.846680	-81.205437
8828.613281	-91.649170
8839.379883	-81.175713
8850.146484	-77.601662
8860.913086	-77.329453
8871.679688	-76.220459
8882.446289	-79.710548
8893.212891	-79.779243
8903.979492	-77.414909
8914.746094	-82.711884
8925.512695	-74.458252
8936.279297	-88.549629
8947.045898	-75.880165
8957.812500	-74.890785
8968.579102	-81.085762
8979.345703	-78.760429
8990.112305	-75.824066
9000.878906	-78.623039
9011.645508	-73.554916
9022.412109	-68.948463
9033.178711	-76.714767
9043.945313	-75.212135
9054.711914	-70.742332
9065.478516	-73.208351
9076.245117	-75.710716
9087.011719	-84.986763
9097.778320	-73.620605
9108.544922	-71.554726
9119.311523	-70.269356
9130.078125	-64.700638
9140.844727	-64.090889
9151.611328	-69.945412
9162.377930	-74.184410
9173.144531	-83.871262
9183.911133	-58.253944
9194.677734	-51.754211
9205.444336	-55.718380
9216.210938	-73.595085
9226.977539	-83.052872
9237.744141	-75.646843
9248.510742	-70.570007
9259.277344	-69.862495
9270.043945	-74.867004
9280.810547	-66.392494
9291.577148	-67.553284
9302.343750	-59.605122
9313.110352	-45.239986
9323.876953	-40.153767
9334.643555	-43.051517
9345.410156	-53.172981
9356.176758	-68.358047
9366.943359	-67.624565
9377.709961	-71.618217
9388.476563	-81.464912
9399.243164	-78.115005
9410.009766	-70.960060
9420.776367	-69.570656
9431.542969	-73.626915
9442.309570	-75.931290
9453.076172	-73.666618
9463.842773	-73.791763
9474.609375	-77.887169
9485.375977	-72.849380
9496.142578	-69.091545
9506.909180	-72.995979
9517.675781	-78.533089
9528.442383	-79.490318
9539.208984	-77.443169
9549.975586	-80.494728
9560.742188	-80.450836
9571.508789	-76.883675
9582.275391	-78.531273
9593.041992	-91.415947
9603.808594	-80.779335
9614.575195	-82.925919
9625.341797	-89.891647
9636.108398	-80.379234
9646.875000	-81.773369
9657.641602	-80.292641
9668.408203	-78.524429
9679.174805	-78.177345
9689.941406	-80.582138
9700.708008	-78.986488
9711.474609	-77.081726
9722.241211	-76.525368
9733.007813	-75.333527
9743.774414	-82.261505
9754.541016	-86.052071
9765.307617	-84.308708
9776.074219	-77.509521
9786.840820	-73.070435
9797.607422	-75.162483
9808.374023	-78.447517
9819.140625	-81.705269
9829.907227	-79.922234
9840.673828	-71.687790
9851.440430	-67.640305
9862.207031	-66.478310
9872.973633	-69.235901
9883.740234	-62.018333
9894.506836	-54.618294
9905.273438	-57.291000
9916.040039	-63.154633
9926.806641	-64.877281
9937.573242	-68.138756
9948.339844	-65.945724
9959.106445	-56.975189
9969.873047	-61.860569
9980.639648	-82.299286
9991.406250	-72.923569
10002.172852	-71.375832
10012.939453	-74.164185
10023.706055	-66.669235
10034.472656	-74.415543
10045.239258	-73.921761
10056.005859	-65.252213
10066.772461	-57.265160
10077.539063	-47.497852
10088.305664	-43.647156
10099.072266	-55.982090
10109.838867	-50.219345
10120.605469	-57.980038
10131.372070	-67.912827
10142.138672	-77.054298
10152.905273	-65.671379
10163.671875	-77.641312
10174.438477	-73.552216
10185.205078	-76.955460
10195.971680	-84.132790
10206.738281	-94.017563
10217.504883	-76.354012
10228.271484	-73.986870
10239.038086	-77.445053
10249.804688	-74.779007
10260.571289	-71.761185
10271.337891	-74.129463
10282.104492	-80.523476
10292.871094	-76.393303
10303.637695	-76.315239
10314.404297	-90.631897
10325.170898	-72.254150
10335.937500	-72.695610
10346.704102	-82.546944
10357.470703	-77.958542
10368.237305	-81.101166
10379.003906	-81.884949
10389.770508	-84.044434
10400.537109	-85.437508
10411.303711	-78.788399
10422.070313	-72.066711
10432.836914	-71.639694
10443.603516	-71.783615
10454.370117	-70.444283
10465.136719	-72.292992
10475.903320	-74.315018
10486.669922	-75.426445
10497.436523	-90.601128
10508.203125	-85.330399
10518.969727	-80.292976
10529.736328	-77.951889
10540.502930	-75.755363
10551.269531	-61.826199
10562.036133	-61.534763
10572.802734	-57.252705
10583.569336	-63.561749
10594.335938	-53.015743
10605.102539	-56.303520
10615.869141	-78.670837
10626.635742	-72.128624
10637.402344	-82.928345
10648.168945	-83.838341
10658.935547	-79.501389
10669.702148	-67.732613
10680.468750	-69.024139
10691.235352	-100.201065
10702.001953	-75.060143
10712.768555	-72.855103
10723.535156	-69.986649
10734.301758	-74.030693
10745.068359	-86.594078
10755.834961	-76.725647
10766.601563	-73.364311
10777.368164	-75.816597
10788.134766	-76.575249
10798.901367	-74.707993
10809.667969	-83.759918
10820.434570	-76.288673
10831.201172	-76.029411
10841.967773	-61.615139
10852.734375	-76.489021
10863.500977	-52.629261
10874.267578	-54.972988
10885.034180	-80.708244
10895.800781	-73.477455
10906.567383	-76.114471
10917.333984	-75.152031
10928.100586	-76.241806
10938.867188	-77.165466
10949.633789	-80.811699
10960.400391	-80.897346
10971.166992	-76.689796
10981.933594	-82.323914
10992.700195	-99.360237
11003.466797	-94.142609
11014.233398	-78.175087
11025.000000	-76.174706
11035.766602	-73.506050
11046.533203	-74.888176
11057.299805	-86.239792
11068.066406	-78.329071
11078.833008	-83.230286
11089.599609	-82.654785
11100.366211	-85.502228
11111.132813	-84.680138
11121.899414	-81.414703
11132.666016	-79.950058
11143.432617	-79.424423
11154.199219	-75.185692
11164.965820	-73.556610
11175.732422	-75.372475
11186.499023	-78.662338
11197.265625	-76.228592
11208.032227	-71.950203
11218.798828	-75.384598
11229.565430	-76.871902
11240.332031	-78.668205
11251.098633	-78.730515
11261.865234	-83.255203
11272.631836	-83.053970
11283.398438	-78.386948
11294.165039	-57.478226
11304.931641	-53.574795
11315.698242	-61.521980
11326.464844	-73.243935
11337.231445	-72.411125
11347.998047	-75.337097
11358.764648	-75.254601
11369.531250	-77.110756
11380.297852	-82.767815
11391.064453	-72.315781
11401.831055	-80.338898
11412.597656	-77.592415
11423.364258	-76.907135
11434.130859	-93.069572
11444.897461	-85.872841
11455.664063	-78.215996
11466.430664	-78.467133
11477.197266	-85.971893
11487.963867	-85.045883
11498.730469	-88.834045
11509.497070	-84.824715
11520.263672	-82.479279
11531.030273	-78.835014
11541.796875	-79.408592
11552.563477	-88.560280
11563.330078	-76.965614
11574.096680	-79.989273
11584.863281	-74.621193
11595.629883	-70.591225
11606.396484	-76.037193
11617.163086	-72.673965
11627.929688	-56.152531
11638.696289	-54.636791
11649.462891	-66.006775
11660.229492	-77.272896
11670.996094	-77.492844
11681.762695	-79.296227
11692.529297	-88.777016
11703.295898	-80.973099
11714.062500	-77.350777
11724.829102	-79.538277
11735.595703	-83.992500
11746.362305	-81.689629
11757.128906	-85.461472
11767.895508	-86.240738
11778.662109	-85.141594
11789.428711	-84.043465
11800.195313	-78.502884
11810.961914	-77.815170
11821.728516	-83.008057
11832.495117	-84.495537
11843.261719	-84.341576
11854.028320	-86.268433
11864.794922	-94.182487
11875.561523	-78.851395
11886.328125	-73.078171
11897.094727	-71.272659
11907.861328	-71.840500
11918.627930	-76.946556
11929.394531	-81.473564
11940.161133	-86.916283
11950.927734	-78.845604
11961.694336	-71.129913
11972.460938	-75.051826
11983.227539	-68.755730
11993.994141	-60.094128
12004.760742	-57.108955
12015.527344	-59.747681
12026.293945	-67.939850
12037.060547	-81.057358
12047.827148	-74.772102
12058.593750	-71.422165
12069.360352	-78.288002
12080.126953	-73.514275
12090.893555	-62.563152
12101.660156	-62.699474
12112.426758	-75.576111
12123.193359	-82.990883
12133.959961	-79.522011
12144.726563	-91.909477
12155.493164	-81.890686
12166.259766	-84.658051
12177.026367	-95.495193
12187.792969	-91.508743
12198.559570	-95.311584
12209.326172	-85.823715
12220.092773	-83.218346
12230.859375	-74.172516
12241.625977	-77.001945
12252.392578	-84.798637
12263.159180	-76.653671
12273.925781	-84.298134
12284.692383	-90.909348
12295.458984	-78.769455
12306.225586	-84.011337
12316.992188	-78.506218
12327.758789	-79.017975
12338.525391	-83.031364
12349.291992	-71.970207
12360.058594	-69.600731
12370.825195	-74.208115
12381.591797	-80.537903
12392.358398	-76.104073
12403.125000	-75.534721
12413.891602	-61.385632
12424.658203	-57.034912
12435.424805	-54.216877
12446.191406	-60.475311
12456.958008	-73.890022
12467.724609	-73.854614
12478.491211	-75.070961
12489.257813	-73.731583
12500.024414	-70.518021
12510.791016	-73.906143
12521.557617	-76.870415
12532.324219	-73.126183
12543.090820	-76.182587
12553.857422	-80.742928
12564.624023	-84.324013
12575.390625	-113.193924
12586.157227	-85.963234
12596.923828	-85.837746
12607.690430	-95.250328
12618.457031	-90.338524
12629.223633	-90.338539
12639.990234	-91.272598
12650.756836	-96.290070
12661.523438	-86.457214
12672.290039	-83.284584
12683.056641	-79.855728
12693.823242	-75.432724
12704.589844	-75.343109
12715.356445	-65.570625
12726.123047	-62.936668
12736.889648	-66.573067
12747.656250	-72.502884
12758.422852	-75.298973
12769.189453	-83.987434
12779.956055	-92.587769
12790.722656	-69.770737
12801.489258	-63.214005
12812.255859	-66.299583
12823.022461	-79.677551
12833.789063	-80.915443
12844.555664	-79.029579
12855.322266	-79.006004
12866.088867	-80.490051
12876.855469	-84.394646
12887.622070	-89.762535
12898.388672	-104.821365
12909.155273	-81.303558
12919.921875	-77.365219
12930.688477	-77.876328
12941.455078	-81.890564
12952.221680	-85.621017
12962.988281	-81.761635
12973.754883	-87.046577
12984.521484	-91.559723
12995.288086	-79.799210
13006.054688	-79.508415
13016.821289	-82.367477
13027.587891	-83.154449
13038.354492	-85.148689
13049.121094	-81.611267
13059.887695	-74.809891
13070.654297	-75.006180
13081.420898	-87.375053
13092.187500	-86.867409
13102.954102	-80.484024
13113.720703	-84.272163
13124.487305	-87.601486
13135.253906	-79.492973
13146.020508	-82.426865
13156.787109	-85.938576
13167.553711	-90.149185
13178.320313	-85.609238
13189.086914	-75.875999
13199.853516	-88.678520
13210.620117	-68.000473
13221.386719	-55.017853
13232.153320	-55.887962
13242.919922	-61.664909
13253.686523	-65.612030
13264.453125	-73.035324
13275.219727	-79.990639
13285.986328	-77.846077
13296.752930	-71.438644
13307.519531	-83.510567
13318.286133	-88.360001
13329.052734	-81.603378
13339.819336	-87.452858
13350.585938	-79.753639
13361.352539	-85.364662
13372.119141	-80.817581
13382.885742	-80.483299
13393.652344	-77.664772
13404.418945	-75.752853
13415.185547	-88.470360
13425.952148	-61.880623
13436.718750	-51.296951
13447.485352	-51.520988
13458.251953	-63.289211
13469.018555	-73.932304
13479.785156	-76.491768
13490.551758	-73.035645
13501.318359	-64.722160
13512.084961	-66.473000
13522.851563	-78.825439
13533.618164	-87.299248
13544.384766	-78.459167
13555.151367	-83.391083
13565.917969	-88.454781
13576.684570	-87.325661
13587.451172	-83.180214
13598.217773	-85.124428
13608.984375	-90.976776
13619.750977	-92.615273
13630.517578	-81.291084
13641.284180	-85.819527
13652.050781	-83.352882
13662.817383	-85.269287
13673.583984	-95.478828
13684.350586	-93.071365
13695.117188	-75.400650
13705.883789	-74.702316
13716.650391	-101.825546
13727.416992	-86.067734
13738.183594	-87.153847
13748.950195	-87.332657
13759.716797	-91.533691
13770.483398	-83.999435
13781.250000	-78.123169
13792.016602	-76.948616
13802.783203	-85.305534
13813.549805	-81.779190
13824.316406	-84.365837
13835.083008	-82.516632
13845.849609	-80.725151
13856.616211	-89.250717
13867.382813	-96.704071
13878.149414	-85.059952
13888.916016	-79.176971
13899.682617	-70.843536
13910.449219	-70.079330
13921.215820	-80.342194
13931.982422	-75.645653
13942.749023	-78.772652
13953.515625	-83.843971
13964.282227	-83.632179
13975.048828	-80.491570
13985.815430	-90.876976
13996.582031	-76.755447
14007.348633	-83.913322
14018.115234	-87.076622
14028.881836	-63.068508
14039.648438	-60.846153
14050.415039	-61.327507
14061.181641	-62.699028
14071.948242	-68.489975
14082.714844	-73.728828
14093.481445	-86.584496
14104.248047	-111.594185
14115.014648	-83.012733
14125.781250	-84.185829
14136.547852	-85.001526
14147.314453	-80.709457
14158.081055	-78.906174
14168.847656	-87.582062
14179.614258	-90.210197
14190.380859	-68.607735
14201.147461	-60.309578
14211.914063	-63.639389
14222.680664	-80.442917
14233.447266	-82.307068
14244.213867	-80.619621
14254.980469	-80.690338
14265.747070	-86.591209
14276.513672	-93.466232
14287.280273	-87.103912
14298.046875	-79.216980
14308.813477	-77.429619
14319.580078	-83.526527
14330.346680	-88.498199
14341.113281	-82.901779
14351.879883	-81.265312
14362.646484	-82.665283
14373.413086	-92.131104
14384.179688	-84.776169
14394.946289	-84.824348
14405.712891	-80.805290
14416.479492	-82.232002
14427.246094	-80.354286
14438.012695	-81.680580
14448.779297	-85.612213
14459.545898	-88.374908
14470.312500	-94.605042
14481.079102	-81.795204
14491.845703	-75.338623
14502.612305	-75.045265
14513.378906	-81.190315
14524.145508	-86.049377
14534.912109	-100.431465
14545.678711	-87.743401
14556.445313	-91.417923
14567.211914	-97.928940
14577.978516	-90.349564
14588.745117	-76.805466
14599.511719	-74.368614
14610.278320	-83.116539
14621.044922	-88.579842
14631.811523	-89.225311
14642.578125	-81.989815
14653.344727	-81.996361
14664.111328	-84.843643
14674.877930	-83.707397
14685.644531	-88.782639
14696.411133	-86.932892
14707.177734	-82.594612
14717.944336	-82.828339
14728.710938	-84.652863
14739.477539	-81.017265
14750.244141	-74.797966
14761.010742	-73.128731
14771.777344	-79.709717
14782.543945	-92.760620
14793.310547	-90.861267
14804.077148	-79.592003
14814.843750	-74.403137
14825.610352	-71.996895
14836.376953	-78.917313
14847.143555	-77.926140
14857.910156	-67.351089
14868.676758	-64.224991
14879.443359	-72.941460
14890.209961	-57.083973
14900.976563	-55.919022
14911.743164	-67.516815
14922.509766	-78.038773
14933.276367	-77.545807
14944.042969	-74.855263
14954.809570	-90.122437
14965.576172	-83.417328
14976.342773	-88.797485
14987.109375	-85.720665
14997.875977	-85.874870
15008.642578	-85.961082
15019.409180	-82.701408
15030.175781	-80.799141
15040.942383	-79.353172
15051.708984	-78.042969
15062.475586	-82.296165
15073.242188	-79.703796
15084.008789	-82.162140
15094.775391	-77.844032
15105.541992	-79.668968
15116.308594	-90.415688
15127.075195	-80.374962
15137.841797	-88.547073
15148.608398	-84.338158
15159.375000	-82.729691
15170.141602	-93.528572
15180.908203	-86.521706
15191.674805	-82.415810
15202.441406	-76.718277
15213.208008	-86.528893
15223.974609	-115.373253
15234.741211	-81.142723
15245.507813	-80.794167
15256.274414	-87.308495
15267.041016	-85.036598
15277.807617	-84.790329
15288.574219	-75.893150
15299.340820	-76.503708
15310.107422	-86.280365
15320.874023	-85.182686
15331.640625	-81.504700
15342.407227	-85.261902
15353.173828	-72.391129
15363.940430	-71.668915
15374.707031	-79.653519
15385.473633	-82.356598
15396.240234	-87.434311
15407.006836	-94.805977
15417.773438	-97.895691
15428.540039	-86.274475
15439.306641	-89.104729
15450.073242	-93.558762
15460.839844	-83.827896
15471.606445	-77.286964
15482.373047	-75.481651
15493.139648	-74.812820
15503.906250	-77.426529
15514.672852	-87.525513
15525.439453	-80.880417
15536.206055	-94.658234
15546.972656	-84.282539
15557.739258	-78.516113
15568.505859	-74.208282
15579.272461	-76.749031
15590.039063	-83.287216
15600.805664	-79.768959
15611.572266	-80.656029
15622.338867	-68.433952
15633.105469	-68.506210
15643.872070	-76.644623
15654.638672	-79.057480
15665.405273	-82.942398
15676.171875	-88.768127
15686.938477	-75.976189
15697.705078	-66.368759
15708.471680	-75.089134
15719.238281	-70.925125
15730.004883	-78.006424
15740.771484	-80.438133
15751.538086	-85.199608
15762.304688	-92.132950
15773.071289	-91.334854
15783.837891	-84.929649
15794.604492	-76.949974
15805.371094	-82.889458
15816.137695	-81.520271
15826.904297	-78.195824
15837.670898	-71.160507
15848.437500	-71.401077
15859.204102	-81.048141
15869.970703	-97.281433
15880.737305	-82.686432
15891.503906	-85.303581
15902.270508	-78.243744
15913.037109	-79.773399
15923.803711	-85.076408
15934.570313	-85.983170
15945.336914	-82.829247
15956.103516	-77.580849
15966.870117	-82.317436
15977.636719	-84.886871
15988.403320	-76.919807
15999.169922	-75.482872
16009.936523	-77.732338
16020.703125	-81.157509
16031.469727	-85.184898
16042.236328	-78.715019
16053.002930	-82.814339
16063.769531	-89.191528
16074.536133	-91.036827
16085.302734	-82.505638
16096.069336	-75.178169
16106.835938	-75.081184
16117.602539	-80.817307
16128.369141	-84.708984
16139.135742	-85.714249
16149.902344	-86.285904
16160.668945	-89.455482
16171.435547	-82.767197
16182.202148	-79.578514
16192.968750	-77.486488
16203.735352	-78.716721
16214.501953	-78.613144
16225.268555	-79.147827
16236.035156	-80.848816
16246.801758	-84.603722
16257.568359	-103.099121
16268.334961	-92.863564
16279.101563	-101.243088
16289.868164	-63.710487
16300.634766	-58.731316
16311.401367	-64.133873
16322.167969	-76.609543
16332.934570	-74.399956
16343.701172	-76.881981
16354.467773	-74.945869
16365.234375	-62.473835
16376.000977	-60.663956
16386.767578	-67.017258
16397.534180	-80.262230
16408.300781	-85.174149
16419.067383	-87.437935
16429.833984	-80.046501
16440.600586	-75.273514
16451.367188	-77.392578
16462.133789	-80.480156
16472.900391	-77.513603
16483.666992	-80.631660
16494.433594	-85.267654
16505.200195	-77.817032
16515.966797	-87.364044
16526.733398	-85.206810
16537.500000	-69.411873
16548.266602	-62.106747
16559.033203	-69.718422
16569.799805	-69.618011
16580.566406	-75.337273
16591.333008	-85.369637
16602.099609	-74.652496
16612.866211	-76.405640
16623.632813	-86.814346
16634.399414	-88.214211
16645.166016	-91.331535
16655.932617	-98.341034
16666.699219	-90.826050
16677.465820	-87.655136
16688.232422	-77.256210
16698.999023	-72.651482
16709.765625	-74.284348
16720.532227	-80.422134
16731.298828	-82.626526
16742.065430	-78.560989
16752.832031	-88.601295
16763.598633	-85.349731
16774.365234	-85.008598
16785.131836	-96.743439
16795.898438	-84.496483
16806.665039	-83.459763
16817.431641	-89.812645
16828.198242	-83.727257
16838.964844	-83.959053
16849.731445	-86.611565
16860.498047	-84.541985
16871.264648	-85.696342
16882.031250	-87.955246
16892.797852	-77.636391
16903.564453	-75.683014
16914.331055	-82.718819
16925.097656	-90.384933
16935.864258	-99.113861
16946.630859	-89.175735
16957.397461	-87.744415
16968.164063	-81.050987
16978.930664	-74.000877
16989.697266	-62.984432
17000.463867	-62.612186
17011.230469	-77.666252
17021.997070	-76.068665
17032.763672	-77.616783
17043.530273	-76.278259
17054.296875	-79.994812
17065.063477	-85.913620
17075.830078	-84.323845
17086.596680	-81.533066
17097.363281	-77.274994
17108.129883	-73.334229
17118.896484	-63.546562
17129.663086	-62.336613
17140.429688	-68.270050
17151.196289	-78.095200
17161.962891	-81.338493
17172.729492	-84.764030
17183.496094	-86.145660
17194.262695	-81.116707
17205.029297	-80.910179
17215.795898	-80.749344
17226.562500	-79.493767
17237.329102	-85.875793
17248.095703	-92.007896
17258.862305	-91.447037
17269.628906	-90.091431
17280.395508	-79.409546
17291.162109	-70.864349
17301.928711	-68.620804
17312.695313	-78.406723
17323.461914	-83.763054
17334.228516	-85.018433
17344.995117	-84.885849
17355.761719	-85.074875
17366.528320	-88.618675
17377.294922	-95.368095
17388.061523	-83.066872
17398.828125	-80.489502
17409.594727	-82.345619
17420.361328	-86.956146
17431.127930	-78.548447
17441.894531	-89.480934
17452.661133	-86.791687
17463.427734	-88.301277
17474.194336	-83.574226
17484.960938	-86.506134
17495.727539	-75.678047
17506.494141	-78.257225
17517.260742	-84.412262
17528.027344	-77.049629
17538.793945	-78.220078
17549.560547	-88.514580
17560.327148	-89.741142
17571.093750	-78.300171
17581.860352	-80.982422
17592.626953	-79.789711
17603.393555	-83.275803
17614.160156	-91.218666
17624.926758	-101.677078
17635.693359	-79.331818
17646.459961	-79.474358
17657.226563	-86.855797
17667.993164	-91.707260
17678.759766	-79.350410
17689.526367	-66.769455
17700.292969	-65.608009
17711.059570	-73.185028
17721.826172	-82.237930
17732.592773	-78.203110
17743.359375	-71.715965
17754.125977	-61.058590
17764.892578	-62.116676
17775.659180	-72.760460
17786.425781	-85.175552
17797.192383	-88.318733
17807.958984	-78.175858
17818.725586	-76.138283
17829.492188	-82.327644
17840.258789	-84.161789
17851.025391	-97.325867
17861.791992	-91.255577
17872.558594	-72.684769
17883.325195	-64.435524
17894.091797	-66.091995
17904.858398	-79.782631
17915.625000	-75.414017
17926.391602	-88.861046
17937.158203	-90.795647
17947.924805	-85.472992
17958.691406	-82.149803
17969.458008	-83.866974
17980.224609	-88.545425
17990.991211	-93.020554
18001.757813	-87.629669
18012.524414	-85.155464
18023.291016	-89.044380
18034.057617	-91.315323
18044.824219	-99.262871
18055.590820	-97.261292
18066.357422	-97.311279
18077.124023	-85.543098
18087.890625	-81.419693
18098.657227	-80.622643
18109.423828	-82.496361
18120.190430	-87.508652
18130.957031	-95.422867
18141.723633	-98.898689
18152.490234	-93.065422
18163.256836	-85.994377
18174.023438	-89.582916
18184.790039	-82.947266
18195.556641	-76.707497
18206.323242	-77.894760
18217.089844	-88.744408
18227.856445	-84.975288
18238.623047	-78.649460
18249.389648	-79.158134
18260.156250	-83.250381
18270.922852	-78.207932
18281.689453	-77.334221
18292.456055	-82.828827
18303.222656	-83.058060
18313.989258	-87.962288
18324.755859	-86.075981
18335.522461	-91.543205
18346.289063	-108.638870
18357.055664	-78.178108
18367.822266	-80.576828
18378.588867	-80.546921
18389.355469	-66.821968
18400.122070	-63.633327
18410.888672	-71.688904
18421.655273	-92.326118
18432.421875	-96.061905
18443.188477	-86.718750
18453.955078	-83.161781
18464.721680	-75.170540
18475.488281	-71.243362
18486.254883	-75.963753
18497.021484	-84.468971
18507.788086	-81.535324
18518.554688	-93.754265
18529.321289	-88.945374
18540.087891	-91.464806
18550.854492	-90.485954
18561.621094	-85.210999
18572.387695	-84.819641
18583.154297	-83.107147
18593.920898	-79.550896
18604.687500	-80.042679
18615.454102	-89.266365
18626.220703	-94.620605
18636.987305	-89.757500
18647.753906	-86.725685
18658.520508	-81.334381
18669.287109	-75.893997
18680.053711	-83.022369
18690.820313	-75.811661
18701.586914	-72.120552
18712.353516	-76.982964
18723.120117	-83.606590
18733.886719	-88.106445
18744.653320	-93.276138
18755.419922	-81.723717
18766.186523	-79.139404
18776.953125	-78.944908
18787.719727	-79.440956
18798.486328	-81.370094
18809.252930	-99.521744
18820.019531	-83.949776
18830.786133	-79.756554
18841.552734	-74.298653
18852.319336	-80.077187
18863.085938	-87.246323
18873.852539	-87.410439
18884.619141	-82.797173
18895.385742	-78.905281
18906.152344	-78.764488
18916.918945	-92.352463
18927.685547	-98.971283
18938.452148	-87.795311
18949.218750	-91.873230
18959.985352	-83.058067
18970.751953	-85.259651
18981.518555	-88.719528
18992.285156	-93.111603
19003.051758	-77.881012
19013.818359	-75.703873
19024.584961	-80.378807
19035.351563	-82.471901
19046.118164	-87.047173
19056.884766	-98.350044
19067.651367	-88.207794
19078.417969	-87.152504
19089.184570	-73.196381
19099.951172	-62.988304
19110.717773	-64.832611
19121.484375	-82.630127
19132.250977	-83.684738
19143.017578	-92.427765
19153.784180	-80.987991
19164.550781	-79.478416
19175.317383	-80.114273
19186.083984	-73.510689
19196.850586	-71.277565
19207.617188	-80.827568
19218.383789	-105.586761
19229.150391	-87.576828
19239.916992	-84.818329
19250.683594	-92.847580
19261.450195	-82.697090
19272.216797	-81.339928
19282.983398	-88.667587
19293.750000	-80.495316
19304.516602	-81.366737
19315.283203	-94.390205
19326.049805	-90.655258
19336.816406	-82.517944
19347.583008	-89.830032
19358.349609	-83.023361
19369.116211	-83.252502
19379.882813	-81.778633
19390.649414	-72.172684
19401.416016	-71.141449
19412.182617	-78.893486
19422.949219	-78.632576
19433.715820	-71.672302
19444.482422	-74.939583
19455.249023	-83.988724
19466.015625	-87.630493
19476.782227	-92.144112
19487.548828	-90.052849
19498.315430	-84.070198
19509.082031	-84.238152
19519.848633	-85.761093
19530.615234	-96.091385
19541.381836	-91.227768
19552.148438	-112.780098
19562.915039	-96.486305
19573.681641	-90.960556
19584.448242	-87.118073
19595.214844	-76.138145
19605.981445	-74.919258
19616.748047	-85.360306
19627.514648	-94.390106
19638.281250	-87.813087
19649.047852	-86.028625
19659.814453	-85.734573
19670.581055	-89.685448
19681.347656	-87.518394
19692.114258	-78.829811
19702.880859	-77.819504
19713.647461	-87.190300
19724.414063	-89.586761
19735.180664	-91.545921
19745.947266	-94.951469
19756.713867	-94.383583
19767.480469	-94.602531
19778.247070	-87.801247
19789.013672	-81.868393
19799.780273	-69.354591
19810.546875	-67.969002
19821.313477	-73.737617
19832.080078	-76.810341
19842.846680	-80.556229
19853.613281	-83.306168
19864.379883	-91.293716
19875.146484	-85.203293
19885.913086	-68.923286
19896.679688	-63.476070
19907.446289	-69.541748
19918.212891	-93.163521
19928.979492	-89.298256
19939.746094	-86.027336
19950.512695	-88.161629
19961.279297	-94.343307
19972.045898	-97.361404
19982.812500	-88.057755
19993.579102	-84.777573
20004.345703	-95.280273
20015.112305	-94.135742
20025.878906	-88.720497
20036.645508	-80.904915
20047.412109	-79.860329
20058.178711	-87.404526
20068.945313	-83.964943
20079.711914	-88.608643
20090.478516	-83.142509
20101.245117	-81.484299
20112.011719	-89.624695
20122.778320	-94.134018
20133.544922	-83.801956
20144.311523	-76.733223
20155.078125	-70.692902
20165.844727	-79.316132
20176.611328	-76.008842
20187.377930	-81.071449
20198.144531	-83.210251
20208.911133	-77.177864
20219.677734	-75.195068
20230.444336	-73.580856
20241.210938	-75.936432
20251.977539	-83.465660
20262.744141	-84.126930
20273.510742	-84.994713
20284.277344	-81.019989
20295.043945	-74.886902
20305.810547	-73.492699
20316.577148	-81.292000
20327.343750	-83.282417
20338.110352	-85.229553
20348.876953	-86.631660
20359.643555	-90.620003
20370.410156	-84.781609
20381.176758	-86.014641
20391.943359	-89.363098
20402.709961	-87.572762
20413.476563	-114.666786
20424.243164	-90.699333
20435.009766	-97.634651
20445.776367	-95.134666
20456.542969	-89.759972
20467.309570	-86.459999
20478.076172	-85.194420
20488.842773	-83.300270
20499.609375	-80.516197
20510.375977	-74.232834
20521.142578	-68.604561
20531.909180	-70.011658
20542.675781	-80.680794
20553.442383	-85.122475
20564.208984	-82.026596
20574.975586	-91.669968
20585.742188	-79.082497
20596.508789	-65.955482
20607.275391	-65.856827
20618.041992	-80.355095
20628.808594	-78.631134
20639.575195	-79.514626
20650.341797	-83.249290
20661.108398	-111.245773
20671.875000	-82.542397
20682.641602	-82.646652
20693.408203	-98.473732
20704.174805	-89.365608
20714.941406	-98.124260
20725.708008	-95.236954
20736.474609	-85.275894
20747.241211	-85.909424
20758.007813	-84.131538
20768.774414	-79.520111
20779.541016	-78.719208
20790.307617	-77.434929
20801.074219	-76.265060
20811.840820	-85.192245
20822.607422	-94.534096
20833.374023	-102.888626
20844.140625	-100.867096
20854.907227	-89.888573
20865.673828	-82.370575
20876.440430	-80.806396
20887.207031	-82.675056
20897.973633	-89.822800
20908.740234	-91.247765
20919.506836	-88.037971
20930.273438	-87.028847
20941.040039	-88.079582
20951.806641	-87.210281
20962.573242	-88.898468
20973.339844	-88.664932
20984.106445	-88.903946
20994.873047	-84.488670
21005.639648	-80.809288
21016.406250	-79.795891
21027.172852	-76.651695
21037.939453	-83.991890
21048.706055	-83.478737
21059.472656	-89.844490
21070.239258	-90.731400
21081.005859	-89.864769
21091.772461	-86.463890
21102.539063	-89.233757
21113.305664	-87.656448
21124.072266	-86.742455
21134.838867	-93.490990
21145.605469	-90.336235
21156.372070	-87.065331
21167.138672	-89.929733
21177.905273	-92.166969
21188.671875	-93.360085
21199.438477	-89.593674
21210.205078	-92.993927
21220.971680	-90.523796
21231.738281	-75.795425
21242.504883	-71.963448
21253.271484	-77.734558
21264.038086	-87.133713
21274.804688	-91.532600
21285.571289	-97.683281
21296.337891	-86.174576
21307.104492	-83.184357
21317.871094	-90.840652
21328.637695	-99.007019
21339.404297	-100.055588
21350.170898	-96.206360
21360.937500	-94.617210
21371.704102	-99.077591
21382.470703	-98.931099
21393.237305	-104.437172
21404.003906	-99.606010
21414.770508	-97.800713
21425.537109	-104.077477
21436.303711	-110.984009
21447.070313	-118.742630
21457.836914	-115.039642
21468.603516	-107.787361
21479.370117	-115.579559
21490.136719	-101.707611
21500.903320	-98.197807
21511.669922	-102.089394
21522.436523	-102.494522
21533.203125	-102.228012
21543.969727	-101.621063
21554.736328	-103.487831
21565.502930	-127.128250
21576.269531	-103.288216
21587.036133	-101.354874
21597.802734	-106.578178
21608.569336	-111.175842
21619.335938	-116.636513
21630.102539	-108.765770
21640.869141	-108.131287
21651.635742	-105.419395
21662.402344	-102.965370
21673.168945	-101.280884
21683.935547	-109.286964
21694.702148	-103.464775
21705.468750	-107.030724
21716.235352	-113.227654
21727.001953	-103.636009
21737.768555	-101.128029
21748.535156	-96.065735
21759.301758	-97.458389
21770.068359	-109.671944
21780.834961	-110.606171
21791.601563	-102.572540
21802.368164	-106.828133
21813.134766	-103.683769
21823.901367	-103.988708
21834.667969	-102.812782
21845.434570	-101.685692
21856.201172	-102.565475
21866.967773	-102.344604
21877.734375	-102.128548
21888.500977	-98.323242
21899.267578	-95.622948
21910.034180	-100.449921
21920.800781	-102.503807
21931.567383	-98.664803
21942.333984	-99.785538
21953.100586	-104.588943
21963.867188	-103.520691
21974.633789	-99.016571
21985.400391	-99.113762
21996.166992	-99.759430
22006.933594	-96.882072
22017.700195	-98.177010
22028.466797	-100.437500
22039.233398	-102.329460
