-2.097924e+000  
1.019528e+000  
-1.623646e-001  
3.713657e-001  
-2.797834e-001  
4.971211e-001  
-1.830393e+000  
3.602312e+000  
-3.491246e+000  
2.163849e+000  
1.108871e+000  
-1.163355e+001  
1.806491e+001  
-7.907406e+000  
-1.867314e+000  
-3.311116e+000  
1.430652e+001  
-1.497511e+001  
7.504734e+000  
-3.954695e+000  
2.728044e+000  
-2.220922e+000  
1.348213e+000  
1.399349e+000  
1.730116e-001  
-2.550149e+000  
1.371754e+000  
-5.089315e-001  
-2.080666e-001  
-2.453902e+000  
2.875034e+001  
-3.503929e+001  
-3.086484e+001  
6.289611e+001  
-2.613014e+001  
6.945310e+000  
-4.915426e+000  
8.498971e-001  
-4.418039e-002  
-3.784891e-001  
4.223722e+000  
-4.214679e+000  
7.239950e-001  
-6.774209e-001  
4.656306e-001  
-9.526613e-002  
5.642377e-001  
-1.521698e+000  
2.817366e+000  
-1.456172e+000  
6.838422e-001  
-4.859854e+000  
7.382521e+000  
-4.891565e+000  
3.316233e+000  
-2.445778e+000  
-9.881933e-002  
9.872591e-001  
-2.333983e+000  
1.397266e+000  
4.679209e+000  
-1.544914e+000  
-5.055275e+000  
-1.349576e+001  
6.739263e+001  
-9.273256e+001  
4.715435e+001  
-2.957822e+000  
-5.598900e+000  
4.732326e+000  
-2.796482e+000  
9.176052e-001  
-1.256678e+000  
3.280528e+000  
-2.303084e+000  
-8.393247e-002  
2.944662e-001  
-3.720418e-002  
-2.530420e-001  
1.152387e+000  
-1.501212e+000  
9.222788e-001  
-4.557533e-001  
6.489230e-001  
-7.007967e-001  
6.353221e-001  
-3.516064e-001  
8.754853e-002  
-2.982941e-001  
1.083095e+000  
-1.304461e+000  
6.016140e-001  
-1.095452e+000  
1.154855e+000  
-1.263340e+000  
1.814337e+000  
-1.539160e+001  
3.504743e+001  
-2.579159e+001  
8.004972e+000  
-3.773814e+000  
1.739144e+000  
-8.854586e-001  
-7.618908e-001  
6.655211e-001  
1.145481e+000  
-2.121702e+000  
1.386963e+000  
7.508929e-001  
-5.455179e-001  
-4.185699e-001  
5.519510e-001  
-4.956234e-001  
1.867617e-001  
5.660221e-002  
-3.401396e-001  
2.242398e-001  
-1.898013e-001  
2.217234e-001  
5.378725e-002  
-2.740942e-001  
4.881244e-001  
-5.520707e-001  
2.541978e-001  
1.020901e+000  
-9.618915e-001  
-9.658775e-001  
9.511491e-001  
-4.858923e+000  
2.585232e+001  
-4.094739e+001  
2.207061e+001  
-8.088945e-001  
-1.812944e+000  
1.084366e+000  
-5.472014e-001  
-3.588850e-001  
2.497582e-001  
1.997970e-003  
1.688502e-001  
-1.890758e-001  
1.013153e-001  
1.048923e-001  
-1.412271e-001  
-2.013546e-001  
1.409699e-001  
1.652867e-001  
-1.725211e-001  
1.733916e-001  
-2.692605e-001  
-1.637606e-001  
1.038875e+000  
-1.302970e+000  
1.179109e+000  
-7.020956e-001  
5.736204e-001  
-1.599398e-001  
-3.189782e-001  
6.287012e-001  
-1.951700e+000  
3.502514e+000  
5.662154e+000  
-3.763181e+001  
5.159333e+001  
-2.433556e+001  
3.138107e+000  
-1.454771e+000  
6.751755e-001  
5.451469e-001  
-3.470948e-001  
-6.305118e-002  
5.008638e-001  
-2.770205e-001  
-7.711136e-001  
6.959937e-001  
4.899756e-002  
-6.235830e-002  
-4.170261e-001  
1.012426e+000  
-1.330106e+000  
1.056313e+000  
-5.936140e-001  
5.179009e-001  
-3.542220e-001  
-8.501437e-002  
1.284262e-001  
4.152551e-002  
-3.539771e-001  
4.036950e-001  
-3.400565e-001  
2.084160e-001  
-1.007485e-001  
4.369372e-001  
-3.525358e-002  
-4.189737e+000  
1.061154e+001  
-8.265172e+000  
-7.597739e-002  
2.210942e+000  
3.734403e-001  
-1.617153e+000  
5.405542e-001  
-4.608174e-002  
2.783330e-001  
-1.879667e-001  
-2.024893e-001  
5.858443e-001  
-2.751373e-001  
-7.690026e-002  
5.944848e-002  
-1.181286e-001  
2.003695e-001  
5.540435e-002  
-1.326251e-001  
1.697373e-002  
-1.148476e-002  
-2.762408e-001  
4.176005e-001  
-3.893560e-001  
5.704712e-001  
-6.036823e-001  
4.694863e-001  
-5.278059e-001  
5.525978e-001  
-1.463156e-001  
6.863147e-002  
-1.135201e-001  
4.167135e-001  
-3.948642e+000  
7.447043e+000  
-5.403110e+000  
2.243052e+000  
-1.700688e+000  
1.715436e+000  
-1.223769e+000  
6.160453e-001  
-4.460500e-001  
2.487865e-001  
1.486218e-002  
2.108728e-001  
-4.100436e-001  
3.298705e-001  
-3.165613e-001  
2.951758e-001  
-2.772277e-001  
2.368079e-001  
-1.349094e-002  
-3.926327e-002  
-6.817666e-002  
4.786584e-001  
-7.503543e-001  
2.840102e-001  
7.620507e-002  
-1.624325e-001  
-6.216034e-002  
8.655950e-002  
7.172711e-004  
-1.747105e-001  
3.606632e-001  
-2.252502e-001  
-5.305532e+000  
3.423418e+001  
-6.064038e+001  
4.087790e+001  
-8.707977e+000  
-7.215230e-001  
6.801873e-001  
-7.340814e-001  
7.824674e-001  
-4.027162e-001  
8.224407e-002  
-1.640388e-001  
3.502378e-001  
1.306997e-001  
-7.292041e-001  
3.043614e-001  
-2.595971e-002  
2.525887e-001  
-1.452565e-001  
6.803213e-002  
-6.956606e-002  
1.948605e-001  
-3.312877e-001  
2.424072e-001  
-1.395172e-001  
-6.943747e-003  
-3.291688e-002  
2.126479e-001  
-2.622218e-001  
1.016838e-001  
-2.493276e-002  
2.838701e-001  
-6.621511e-002  
-2.844774e-001  
-1.070522e+000  
3.558677e+000  
-3.420905e+000  
7.768514e-001  
4.927383e-001  
-3.559988e-001  
7.074158e-002  
2.904039e-001  
-2.410492e-001  
-1.480955e-001  
1.117662e-001  
-8.237083e-003  
2.130212e-001  
-5.757369e-002  
-2.102565e-001  
-1.501766e-001  
9.661072e-001  
-1.343716e+000  
9.781590e-001  
-4.070447e-001  
9.356929e-002  
-6.069362e-003  
-2.365507e-001  
1.823757e-001  
2.294560e-001  
-1.578838e-002  
-2.707640e-001  
2.539929e-001  
-1.283936e-001  
-1.468980e-002  
5.630696e-002  
6.865258e-001  
-1.083501e+000  
1.427254e+000  
6.869586e-001  
-8.821802e+000  
1.088356e+001  
-4.363194e+000  
6.414940e-001  
-1.459453e-001  
-1.278445e-001  
2.589026e-001  
-7.896550e-002  
2.365179e-002  
-2.033344e-002  
-4.908044e-002  
4.342519e-003  
3.368619e-002  
2.309739e-001  
-5.035120e-001  
2.047636e-001  
4.846656e-001  
-7.831219e-001  
3.619262e-001  
-6.405270e-002  
1.340096e-001  
-5.132675e-002  
-2.194625e-001  
2.817937e-001  
3.303766e-002  
-2.833571e-001  
2.369647e-001  
-4.960317e-004  
-2.836865e-001  
3.610061e-001  
-1.017276e-001  
-3.127190e-001  
3.850309e-001  
8.077241e-001  
-4.407876e+000  
6.274015e+000  
-3.299522e+000  
6.207219e-001  
1.806589e-001  
-6.959388e-001  
5.356264e-001  
-1.225482e-001  
5.117828e-002  
-2.352792e-001  
3.085675e-001  
-1.939559e-001  
-8.591126e-002  
1.692263e-001  
6.094179e-002  
-2.092685e-001  
2.065599e-001  
-9.772818e-002  
-2.737045e-002  
5.179000e-002  
-2.994835e-002  
2.994370e-002  
-1.413268e-001  
2.411859e-001  
-2.537695e-001  
1.794173e-001  
-1.419156e-001  
2.012926e-001  
-2.985833e-001  
2.755514e-001  
2.625230e-001  
-7.895048e-001  
6.587292e-001  
-1.348229e+000  
8.754693e+000  
-1.696162e+001  
1.190354e+001  
-2.311276e+000  
-3.547101e-001  
1.125639e-001  
-6.998194e-002  
2.693349e-001  
-3.656272e-001  
3.759161e-002  
2.944148e-001  
-1.756727e-001  
-2.469551e-002  
1.042696e-001  
-4.662216e-002  
-1.454680e-001  
2.116324e-001  
-3.234282e-001  
3.232305e-001  
-2.274710e-001  
2.225937e-001  
1.128398e-001  
-4.982507e-001  
4.228489e-001  
-1.434773e-001  
-2.699119e-001  
5.375414e-001  
-3.070125e-001  
2.784560e-001  
-7.556942e-001  
9.360219e-001  
-3.948079e-001  
-2.389006e-001  
5.031502e-001  
8.316786e-001  
-1.265420e+000  
-1.890797e+000  
2.679410e+000  
-3.097638e-001  
-2.462768e-001  
-2.632895e-001  
2.911865e-001  
-7.275164e-003  
-1.816551e-001  
1.284254e-001  
8.260752e-002  
-2.287816e-001  
1.027926e-001  
3.539513e-002  
1.365566e-002  
-1.394796e-001  
6.731677e-002  
1.156174e-001  
-2.582668e-001  
2.482635e-001  
-8.675405e-002  
-2.520483e-003  
1.077877e-002  
-1.065359e-003  
2.211252e-001  
-1.971450e-001  
3.304389e-001  
-1.013667e+000  
1.073842e+000  
-5.470047e-001  
4.372252e-001  
-7.660266e-001  
4.340177e-001  
1.736171e-001  
-9.154477e-001  
1.049936e+000  
-4.118209e+000  
8.688707e+000  
-5.105848e+000  
-2.813397e-001  
6.868586e-001  
-2.335848e-001  
2.877161e-001  
-3.882318e-001  
1.302913e-001  
1.265386e-001  
-5.244303e-002  
-1.152015e-001  
2.387331e-001  
-2.523417e-001  
1.012008e-001  
7.829905e-002  
-1.841062e-001  
7.483776e-002  
-4.795441e-002  
2.015246e-001  
-1.969244e-001  
-4.563363e-001  
1.806914e+000  
-2.637090e+000  
2.364925e+000  
-1.349347e+000  
5.113598e-001  
-4.763876e-001  
4.763782e-001  
-5.834538e-002  
-2.644057e-001  
1.957187e-001  
-1.069974e-001  
1.826643e-001  
-3.414718e-001  
8.241382e-001  
-1.735975e+000  
1.868861e+000  
-7.642178e-001  
2.675399e-003  
6.321097e-002  
-5.836789e-003  
-2.264848e-002  
6.454017e-003  
-1.114261e-001  
2.131015e-001  
-1.622992e-001  
8.579895e-002  
-1.005346e-001  
-8.793175e-005  
1.642243e-001  
-3.551304e-002  
-2.319417e-001  
3.494136e-001  
-2.464623e-001  
-4.475860e-002  
6.860979e-001  
-1.261224e+000  
8.837005e-001  
-2.623298e-001  
2.755199e-001  
-1.418766e-001  
-2.663935e-001  
1.767189e-001  
3.877318e-002  
-3.764331e-003  
9.344906e-003  
-4.552547e-003  
-4.406534e-004  
1.025628e-001  
-3.100224e-001  
1.033670e+000  
-2.024385e+000  
1.316696e+000  
2.023622e-002  
-1.395141e-001  
-6.202005e-003  
-6.479384e-002  
3.831498e-002  
-8.268504e-002  
3.248844e-001  
-2.700782e-001  
5.504183e-002  
4.774103e-002  
-5.338740e-002  
-1.199746e-001  
5.684093e-002  
2.062112e-001  
-8.929303e-002  
-1.812156e-001  
2.405324e-001  
-1.819432e-002  
-1.387806e-001  
-3.323750e-001  
6.809134e-001  
-3.769400e-001  
1.554024e-001  
-1.136096e-001  
5.708599e-002  
2.808526e-002  
-3.143994e-001  
4.145417e-001  
-1.093634e-001  
-8.009556e-002  
1.994944e-002  
-8.998251e-002  
1.969185e-001  
-3.104194e-001  
1.135339e+000  
-2.231629e+000  
1.830989e+000  
-5.441707e-001  
-9.902235e-003  
1.187144e-001  
-4.420371e-002  
-1.118755e-001  
6.375077e-002  
3.569453e-002  
-7.507573e-002  
5.611172e-002  
3.588778e-002  
-1.478448e-001  
2.577744e-001  
-1.543181e-001  
-9.443152e-002  
1.371296e-001  
-2.142115e-001  
3.243123e-001  
-2.494245e-001  
1.331811e-001  
-5.609852e-002  
7.628062e-002  
-1.204012e-001  
1.292887e-001  
-8.525386e-002  
-5.023409e-002  
8.850689e-002  
-5.834348e-003  
-1.352901e-001  
2.814229e-001  
-2.501354e-001  
1.293229e-001  
-6.538114e-002  
7.309122e-002  
-1.803169e-001  
-4.175991e-001  
2.336102e+000  
-3.055837e+000  
1.531951e+000  
-2.455602e-001  
-9.751129e-002  
1.622341e-002  
1.297897e-001  
-1.192612e-001  
1.770619e-001  
-1.196965e+000  
2.598315e+000  
-2.046718e+000  
3.603864e-001  
3.543429e-001  
-3.115629e-001  
1.511611e-001  
1.050696e-002  
-5.990356e-002  
4.906183e-002  
-5.830505e-002  
1.289231e-002  
3.046490e-002  
3.244001e-002  
-1.244157e-001  
1.027375e-001  
-3.446831e-003  
-1.774127e-002  
-5.381668e-002  
1.024800e-001  
-1.023975e-001  
2.813392e-002  
2.174917e-001  
-4.138065e-001  
2.558998e-001  
-4.047617e-002  
3.312913e-002  
6.440976e-002  
-3.621490e-001  
2.965860e-001  
-2.474418e-002  
7.739317e-002  
-8.152525e-002  
4.377406e-002  
-1.661152e-001  
-1.271872e-002  
6.249598e-001  
-7.719496e-001  
3.579936e-001  
-1.614819e-001  
1.234168e-001  
-2.512018e-002  
-4.732443e-002  
6.389587e-002  
-5.486225e-002  
2.299399e-002  
1.805547e-002  
-4.318318e-002  
4.362257e-002  
-8.148281e-003  
-2.830738e-002  
3.575699e-002  
-5.233318e-002  
5.498488e-002  
-2.512501e-002  
1.117750e-002  
-3.478710e-002  
6.175533e-002  
-5.870288e-002  
-2.827692e-002  
7.940391e-002  
-8.059938e-002  
1.422604e-001  
-1.962723e-001  
1.616761e-001  
-1.775848e-001  
-1.337481e-001  
9.008318e-001  
-9.098153e-001  
3.354626e-001  
6.957346e-002  
-3.059431e-001  
2.307525e-001  
-1.081448e-001  
3.375354e-002  
3.859371e-002  
-5.555868e-003  
-1.304556e-001  
2.387835e-001  
-2.179209e-001  
1.407325e-001  
-1.205207e-001  
6.137252e-002  
6.396504e-002  
-1.074354e-001  
9.471591e-002  
-9.355555e-002  
8.348785e-002  
-5.363692e-002  
9.672044e-002  
-2.070516e-001  
1.586812e-001  
-1.510244e-002  
-3.184986e-002  
9.568292e-002  
-1.288868e-001  
9.462034e-002  
-7.268533e-002  
-3.698505e-004  
1.785788e-001  
-2.560261e-001  
1.175601e-001  
1.400149e-001  
-3.730825e-001  
2.307064e-001  
2.276437e-001  
-4.752325e-001  
2.638104e-001  
-4.495155e-002  
1.688552e-002  
3.839264e-002  
-8.467779e-003  
-1.216427e-001  
1.693497e-001  
-8.263490e-002  
-4.065514e-003  
-9.883583e-003  
9.183303e-002  
-1.353054e-001  
1.101586e-001  
-3.180373e-002  
-3.522079e-002  
2.224782e-002  
6.609205e-003  
1.178557e-002  
-2.611272e-002  
5.505711e-003  
2.827321e-002  
-1.511639e-002  
-2.406413e-002  
9.416654e-003  
-2.533449e-002  
-6.696269e-002  
5.575039e-001  
-1.050462e+000  
8.758981e-001  
-7.473300e-001  
1.120049e+000  
-8.902211e-001  
2.117505e-001  
7.770014e-002  
-4.445291e-002  
-1.378796e-001  
2.048671e-001  
-3.228841e-002  
-3.998265e-001  
8.132777e-001  
-6.671808e-001  
2.622325e-001  
-8.142561e-002  
1.414950e-002  
7.413561e-002  
-1.193160e-001  
7.255101e-002  
-7.181653e-002  
1.283190e-001  
-1.550789e-001  
1.492389e-001  
-1.116230e-001  
8.269481e-002  
-5.481370e-002  
2.742369e-002  
-5.772563e-002  
5.810093e-002  
-5.749207e-002  
3.001435e-002  
1.320698e-001  
-2.066354e-001  
1.381294e-001  
-7.887144e-002  
-5.093205e-002  
2.588914e-001  
-2.291667e-001  
5.762786e-002  
-3.670043e-002  
4.924957e-002  
-2.394151e-002  
-2.182037e-002  
1.245326e-002  
9.357887e-002  
-1.988793e-001  
1.925993e-001  
-7.525590e-002  
-1.388187e-002  
-5.362043e-002  
2.575487e-001  
-2.355127e-001  
5.979270e-003  
-1.859231e-002  
1.817310e-001  
-2.141499e-001  
1.575325e-001  
-1.566178e-001  
1.280298e-001  
-4.978687e-003  
-9.863898e-002  
1.294601e-001  
-1.564386e-001  
3.091338e-001  
-3.292825e-001  
2.743499e-001  
-4.865895e-001  
5.087100e-001  
-1.451796e-001  
-9.497997e-002  
1.482320e-001  
-1.070400e-001  
1.460743e-001  
-4.828512e-001  
4.670312e-001  
-7.308014e-002  
-4.110938e-002  
8.773807e-003  
-2.100654e-003  
-1.499474e-002  
2.672755e-002  
-7.268170e-002  
1.700320e-001  
-1.809910e-001  
8.125396e-002  
-5.128464e-002  
8.240568e-002  
-8.337681e-002  
3.028349e-002  
7.648717e-002  
-2.040101e-001  
2.835043e-001  
-1.696786e-001  
4.077796e-002  
-1.753391e-001  
4.538837e-001  
-5.880591e-001  
3.849199e-001  
-1.143060e-001  
1.489303e-001  
-2.708500e-001  
1.981713e-001  
-6.015515e-002  
1.513672e-002  
-1.233292e-002  
-2.882707e-002  
4.319113e-002  
-3.414813e-002  
7.818362e-002  
-1.463247e-001  
1.717282e-001  
-1.125212e-001  
4.533835e-002  
-7.051070e-002  
8.752339e-002  
-3.261338e-002  
3.372047e-002  
-9.775190e-002  
1.116491e-001  
-7.754724e-002  
6.099157e-002  
-5.536580e-002  
1.718870e-002  
-7.389715e-003  
4.703584e-002  
-3.119486e-002  
-3.303196e-002  
4.866798e-002  
2.629811e-002  
-1.146202e-001  
1.160844e-001  
-7.117349e-002  
-1.012353e-001  
3.280958e-001  
-2.633404e-001  
2.919292e-002  
8.543110e-002  
-9.631634e-002  
5.700576e-002  
-2.383447e-002  
1.049900e-002  
2.320528e-002  
-4.747047e-002  
-3.022485e-002  
1.933659e-001  
-1.804995e-001  
2.041729e-002  
2.433893e-002  
-7.050715e-003  
3.814347e-002  
-4.588053e-002  
1.766881e-002  
-6.578358e-002  
9.878074e-002  
-5.300860e-002  
3.525692e-002  
-4.740566e-002  
5.171670e-002  
-3.604379e-002  
4.094899e-003  
7.774155e-002  
-2.507439e-001  
2.958237e-001  
-9.679498e-002  
-1.109833e-001  
3.861948e-001  
-5.836330e-001  
3.607330e-001  
-7.313633e-002  
7.803917e-003  
-4.095268e-002  
5.122852e-002  
3.287530e-002  
-9.846397e-002  
4.451888e-002  
5.156806e-002  
-9.341103e-002  
1.581028e-001  
-2.775329e-001  
3.032335e-001  
-2.471696e-001  
2.216844e-001  
-1.646974e-001  
6.087647e-002  
5.081230e-002  
-1.404873e-001  
1.042776e-001  
-1.135148e-003  
-5.416365e-002  
4.457577e-002  
-1.388303e-002  
5.899966e-004  
9.918123e-003  
1.258409e-002  
2.607696e-003  
-1.356093e-001  
1.859293e-001  
-1.172601e-001  
1.103489e-001  
-1.177503e-001  
7.854748e-002  
-7.068443e-002  
7.756138e-002  
-3.852129e-002  
1.747093e-002  
-6.978086e-002  
8.950484e-002  
2.901579e-002  
-1.246692e-001  
6.731752e-002  
-1.496983e-002  
1.285702e-002  
-1.352280e-003  
3.678381e-003  
-2.048111e-002  
1.694357e-002  
2.900749e-003  
6.895304e-003  
-7.775930e-002  
1.379230e-001  
-9.214170e-002  
1.110923e-002  
4.196293e-002  
-4.817372e-002  
1.002209e-002  
1.754624e-002  
-1.424995e-002  
2.212609e-002  
-5.048602e-002  
3.289527e-002  
1.472557e-002  
-2.936566e-002  
1.275969e-002  
-1.446724e-003  
2.082825e-003  
5.054474e-005  
-1.547575e-003  
7.376075e-004  
-2.137125e-004  
3.206089e-003  
-1.098736e-002  
1.634389e-002  
-1.199094e-002  
4.439950e-003  
-3.584325e-004  
-3.388762e-003  
5.020261e-003  
-1.482844e-003  
-1.551151e-003  
-1.046896e-003  
3.689528e-003  
-5.706102e-003  
1.030394e-002  
-1.289105e-002  
1.141167e-002  
-6.180048e-003  
1.132667e-003  
3.568828e-004  
-2.086222e-003  
2.711922e-003  
1.686454e-003  
-3.369041e-003  
-3.179573e-003  
7.661827e-003  
-4.825622e-003  
8.645654e-004  
