-3.019672e+000  
6.748133e-001  
6.952092e-002  
5.655991e-001  
-1.682936e-001  
3.172412e-001  
-1.562074e+000  
4.155509e+000  
-3.764000e+000  
1.949856e+000  
-1.019508e+000  
-1.165517e+001  
2.338091e+001  
-7.032665e+000  
-5.382449e+000  
-1.906612e+000  
1.687459e+001  
-1.747859e+001  
5.115065e+000  
-4.544503e+000  
2.015061e+000  
-2.517631e+000  
1.941809e+000  
2.295821e+000  
-8.997880e-001  
-5.028676e+000  
-6.039398e-001  
-2.130333e+000  
-1.384242e+000  
1.399760e+000  
2.487001e+001  
-6.351398e+001  
-4.466505e+001  
8.239822e+001  
-1.403306e+001  
6.885940e+000  
-4.670051e+000  
1.039339e+000  
1.463298e+000  
2.218536e+000  
6.345165e+000  
-4.733469e+000  
-4.552733e-001  
-9.811035e-001  
6.908842e-001  
5.285393e-001  
1.098356e+000  
-6.102360e-001  
4.185405e+000  
-1.081715e+000  
-5.193454e-001  
-4.921200e+000  
9.398410e+000  
-3.705297e+000  
3.552471e+000  
-2.802682e+000  
-4.035233e-001  
1.335255e+000  
-1.401317e+000  
4.828587e+000  
8.466776e+000  
-2.601257e+000  
-9.748644e+000  
-4.149822e+000  
7.045546e+001  
-1.157688e+002  
4.050201e+001  
4.124990e+000  
-6.668335e+000  
4.309722e+000  
-3.363438e+000  
6.242735e-002  
-9.291664e-001  
3.943935e+000  
-2.979892e+000  
-1.210891e+000  
-1.438364e-001  
-2.915030e-001  
-2.378678e-001  
1.146356e+000  
-1.856833e+000  
7.965311e-001  
-2.996610e-001  
7.179049e-001  
-7.324415e-001  
6.228997e-001  
-4.723662e-001  
-1.647067e-001  
-3.480577e-001  
9.082016e-001  
-1.996231e+000  
-1.971757e-001  
-1.526481e+000  
1.091643e+000  
-1.264349e+000  
4.464841e-001  
-9.721504e+000  
4.608405e+001  
-2.570759e+001  
3.590354e+000  
-5.448304e+000  
-1.598177e-001  
-2.666064e+000  
-2.333267e+000  
3.040270e-001  
9.109128e-001  
-2.672740e+000  
1.784352e+000  
1.435918e+000  
-7.993791e-001  
-9.978651e-001  
8.723204e-002  
-1.079978e+000  
-3.986896e-001  
-5.427793e-001  
-9.960679e-001  
-2.912716e-001  
-5.538016e-001  
-9.610184e-003  
-1.975006e-001  
-5.344709e-001  
2.533444e-001  
-8.456148e-001  
2.488494e-001  
8.381330e-001  
-2.196835e+000  
-2.305476e+000  
3.828586e-001  
-9.056967e-001  
2.452074e+001  
-5.260175e+001  
1.999945e+001  
3.824750e+000  
-1.367344e+000  
1.108190e+000  
-8.016133e-001  
-8.030344e-001  
1.402536e-001  
7.517934e-002  
2.014780e-001  
-2.393301e-001  
7.007505e-002  
3.115541e-002  
-3.887511e-001  
-4.376349e-001  
1.273702e-001  
2.209153e-001  
-1.971674e-001  
8.829568e-002  
-4.010149e-001  
-3.799707e-003  
1.256583e+000  
-1.346347e+000  
1.214528e+000  
-7.514310e-001  
3.201778e-001  
-7.356858e-001  
-1.176253e+000  
-4.964617e-001  
-2.668076e+000  
3.486238e+000  
-2.230947e+000  
-4.099983e+001  
6.478229e+001  
-1.892018e+001  
-5.051550e-001  
-1.964331e+000  
1.051839e+000  
1.378467e+000  
1.350091e-001  
3.528426e-001  
8.973809e-001  
-3.666475e-001  
-9.401230e-001  
1.060487e+000  
5.143861e-001  
1.051878e-001  
-1.724989e-001  
1.256117e+000  
-1.290044e+000  
1.272749e+000  
-3.161915e-001  
6.586503e-001  
-3.921792e-001  
-1.758433e-001  
1.859847e-001  
5.755655e-002  
-3.204162e-001  
5.916245e-001  
-9.746031e-002  
5.568259e-001  
4.125192e-001  
8.795848e-001  
-3.362175e-001  
-2.651490e+000  
1.322431e+001  
-9.908106e+000  
-2.325046e+000  
2.771134e+000  
4.962126e-001  
-2.578441e+000  
-8.062128e-002  
-1.391556e-001  
2.382472e-001  
-3.207965e-001  
-1.990437e-001  
7.847218e-001  
-2.697931e-001  
-2.080282e-001  
-3.486702e-003  
-9.887195e-002  
3.138074e-001  
9.665043e-002  
-2.466448e-001  
-1.415761e-001  
-2.074044e-001  
-3.878705e-001  
4.568999e-001  
-2.877809e-001  
6.484188e-001  
-6.241677e-001  
4.434071e-001  
-4.607664e-001  
7.630944e-001  
1.403093e-003  
-1.271963e-004  
-3.387676e-001  
-4.474922e-001  
-3.570544e+000  
9.314746e+000  
-5.272838e+000  
1.565650e+000  
-1.699387e+000  
1.851856e+000  
-1.255919e+000  
4.828380e-001  
-4.463889e-001  
3.661064e-001  
2.550411e-001  
3.138042e-001  
-4.347532e-001  
3.346756e-001  
-2.762887e-001  
3.607184e-001  
-1.854815e-001  
3.910064e-001  
1.210949e-001  
-3.816515e-003  
1.231165e-002  
4.257859e-001  
-1.066115e+000  
1.124306e-001  
4.570128e-002  
-2.711324e-001  
-8.166356e-002  
2.425832e-001  
2.343984e-001  
1.982651e-001  
8.944508e-001  
2.940633e-001  
6.130028e-001  
3.163787e+001  
-7.541106e+001  
4.131813e+001  
-2.414952e+000  
-1.538666e+000  
4.686082e-001  
-7.147368e-001  
9.650216e-001  
-3.167744e-001  
4.296938e-002  
-6.922259e-002  
5.486975e-001  
3.810199e-002  
-1.092418e+000  
2.167341e-001  
1.895734e-001  
4.974958e-001  
2.588777e-003  
1.481661e-001  
1.339725e-002  
2.021177e-001  
-4.073223e-001  
2.033094e-001  
-1.846296e-001  
-5.722716e-002  
2.246312e-002  
2.856124e-001  
-2.538776e-001  
1.769019e-001  
1.914046e-001  
4.918969e-001  
-1.362914e-001  
-6.508061e-001  
-6.412575e-001  
4.212593e+000  
-4.171293e+000  
1.543482e-001  
6.732408e-001  
-3.434170e-001  
1.237490e-001  
3.898399e-001  
-3.517506e-001  
-2.836140e-001  
1.679501e-001  
1.924078e-001  
4.245768e-001  
-1.838847e-002  
-2.916583e-001  
4.068131e-002  
1.146173e+000  
-1.450867e+000  
1.066449e+000  
-2.821161e-001  
9.274788e-002  
-4.751086e-003  
-1.900441e-001  
4.673687e-001  
5.930121e-001  
1.114581e-001  
-2.921133e-001  
2.692909e-001  
-1.653148e-001  
-7.600155e-002  
1.269343e-001  
5.072882e-001  
-1.590781e+000  
7.676482e-001  
-2.235935e+000  
-1.098614e+001  
1.311809e+001  
-2.899500e+000  
2.764358e-001  
-8.343560e-002  
-1.031905e-002  
5.106022e-001  
1.294373e-001  
1.444197e-001  
5.179578e-002  
-2.953000e-003  
8.403543e-002  
1.671365e-001  
2.392191e-001  
-6.361088e-001  
2.928761e-001  
5.464900e-001  
-1.009920e+000  
2.769872e-001  
3.274143e-002  
1.975532e-001  
-9.187555e-002  
-2.514330e-001  
3.975085e-001  
6.893303e-002  
-3.539589e-001  
2.534787e-001  
-3.760250e-002  
-3.504395e-001  
4.056318e-001  
-1.720628e-001  
-4.044532e-001  
5.168685e-001  
1.525174e-001  
-4.503779e+000  
7.969746e+000  
-2.653849e+000  
3.473634e-001  
1.565525e-001  
-8.734084e-001  
5.877825e-001  
-2.460346e-002  
-8.678645e-003  
-2.844228e-001  
3.255759e-001  
-2.508288e-001  
-1.253232e-001  
2.744289e-001  
1.242276e-001  
-2.158153e-001  
2.385162e-001  
-1.013752e-001  
-5.945295e-002  
5.008078e-002  
-3.815365e-002  
-6.811410e-003  
-1.441647e-001  
2.736486e-001  
-2.472191e-001  
2.133614e-001  
-5.877516e-002  
2.717183e-001  
-2.108536e-001  
4.994966e-001  
3.225782e-001  
-9.012290e-001  
8.118362e-001  
1.115228e-001  
7.419051e+000  
-2.129231e+001  
1.239428e+001  
-2.035045e-001  
-4.838428e-001  
1.203029e-001  
7.917281e-002  
3.767409e-001  
-3.866088e-001  
1.410047e-001  
5.240768e-001  
-8.125979e-002  
1.656805e-002  
1.702893e-001  
-6.184934e-002  
-1.749431e-001  
2.140447e-001  
-2.922609e-001  
4.485121e-001  
-5.491263e-002  
4.362299e-001  
1.873948e-001  
-5.436118e-001  
5.254518e-001  
-7.012478e-002  
-1.462936e-001  
8.360561e-001  
-1.090671e-001  
2.596220e-001  
-7.014456e-001  
1.252332e+000  
-2.551900e-001  
-1.509960e-001  
9.278753e-001  
6.968569e-001  
-2.724742e+000  
-2.803708e+000  
3.594355e+000  
5.696347e-001  
-2.184959e-001  
-2.881387e-001  
4.512374e-001  
1.076971e-001  
-1.665832e-001  
2.060628e-001  
1.149317e-001  
-2.941448e-001  
1.003006e-001  
7.850254e-002  
-1.645947e-002  
-2.016950e-001  
8.709145e-002  
1.361358e-001  
-2.644164e-001  
3.220996e-001  
-2.249879e-002  
2.092531e-002  
5.884861e-002  
8.981199e-002  
2.625892e-001  
-3.077225e-001  
-5.804415e-002  
-1.416528e+000  
1.004675e+000  
-6.486655e-001  
6.020331e-002  
-1.198815e+000  
2.780574e-001  
1.270861e-002  
-1.133192e+000  
8.354796e-001  
-2.459841e+000  
1.193602e+001  
-4.840224e+000  
-1.620206e+000  
5.214208e-001  
-2.026113e-001  
1.881672e-001  
-5.848883e-001  
4.143053e-002  
1.415427e-001  
-1.303798e-001  
-2.033243e-001  
1.701422e-001  
-3.836136e-001  
9.623408e-003  
-3.004611e-003  
-3.212184e-001  
-1.241341e-004  
-1.795164e-002  
2.309158e-001  
-2.880623e-001  
-2.116503e-001  
1.982862e+000  
-2.848239e+000  
2.513502e+000  
-1.345867e+000  
2.453986e-001  
-5.354665e-001  
5.692964e-001  
-5.127919e-002  
-3.929492e-001  
1.676396e-001  
-6.743181e-002  
1.910529e-001  
-2.807460e-001  
6.966226e-001  
-1.842497e+000  
2.304354e+000  
-5.213768e-001  
-8.613921e-002  
9.544809e-002  
1.919628e-002  
-3.025329e-002  
-2.055249e-002  
-9.468947e-002  
2.762592e-001  
-1.437961e-001  
7.691251e-002  
-9.732992e-002  
8.055972e-002  
3.022666e-001  
-1.059633e-002  
-2.235082e-001  
4.357939e-001  
-2.310528e-001  
5.717739e-002  
6.555055e-001  
-1.522669e+000  
9.592284e-001  
-1.033888e-002  
3.766690e-001  
-2.394375e-001  
-4.346664e-001  
1.997730e-001  
1.530119e-001  
7.339084e-002  
5.913743e-002  
2.723334e-002  
2.868013e-002  
7.691132e-002  
-2.809193e-001  
7.606416e-001  
-2.573548e+000  
1.478836e+000  
4.909356e-001  
-1.830129e-002  
2.641939e-002  
-1.199409e-002  
1.380072e-001  
1.145277e-001  
5.320325e-001  
-2.115206e-001  
7.768019e-002  
8.978492e-002  
-8.471024e-002  
-1.421405e-001  
1.828479e-001  
3.813715e-001  
-7.258368e-002  
-2.104585e-001  
3.014800e-001  
-5.264448e-002  
-3.493774e-001  
-3.680968e-001  
8.923223e-001  
-2.906827e-001  
1.201482e-001  
-1.510321e-001  
7.638115e-003  
-8.002778e-002  
-3.826330e-001  
5.104461e-001  
-8.560433e-002  
-1.814497e-001  
-6.416072e-002  
-1.032773e-001  
2.296466e-001  
-1.623270e-001  
9.537690e-001  
-2.661691e+000  
2.054706e+000  
-2.394710e-001  
6.570388e-004  
1.894417e-001  
-5.246507e-002  
-1.634569e-001  
7.826042e-002  
6.951601e-002  
-5.879508e-002  
1.009710e-001  
6.443028e-002  
-1.131431e-001  
3.185330e-001  
-2.038567e-001  
-1.772472e-001  
1.171395e-001  
-1.712537e-001  
4.224554e-001  
-1.979213e-001  
1.800269e-001  
1.796912e-002  
1.180962e-001  
-9.124133e-002  
1.672033e-001  
-8.360346e-002  
-3.963780e-002  
1.627398e-001  
4.871882e-002  
-5.367465e-002  
4.011974e-001  
-1.983696e-001  
1.751147e-001  
2.175488e-003  
9.490088e-002  
-1.848529e-001  
8.824188e-002  
2.644536e+000  
-3.708758e+000  
1.273992e+000  
-1.046399e-001  
-1.862203e-001  
2.375504e-002  
1.867822e-001  
-1.091812e-001  
3.246147e-002  
-8.828421e-001  
3.250718e+000  
-2.226702e+000  
8.873558e-002  
5.147955e-001  
-2.654911e-001  
2.039404e-001  
8.068410e-002  
-3.947711e-002  
6.101663e-002  
-5.382078e-002  
3.794857e-002  
8.091186e-002  
4.401736e-002  
-1.350546e-001  
1.402127e-001  
3.403663e-002  
-2.701074e-002  
-5.174231e-002  
1.244734e-001  
-9.492727e-002  
8.407659e-002  
2.200236e-001  
-5.109318e-001  
2.695872e-001  
3.967082e-002  
6.948542e-002  
9.614341e-004  
-4.374779e-001  
4.158004e-001  
1.714303e-001  
1.946365e-001  
-3.836828e-002  
2.700706e-002  
-1.796526e-001  
1.772496e-001  
7.863941e-001  
-9.149020e-001  
2.514204e-001  
-1.462446e-001  
1.461831e-001  
-1.589675e-002  
-6.186999e-002  
6.291287e-002  
-6.338167e-002  
2.214617e-002  
1.916473e-002  
-4.993165e-002  
4.804740e-002  
-1.495396e-002  
-4.596567e-002  
2.212192e-002  
-6.098423e-002  
6.083022e-002  
-2.324636e-002  
-2.805442e-004  
-3.642599e-002  
6.533565e-002  
-7.678042e-002  
-2.265453e-002  
1.261244e-001  
-1.908777e-002  
1.885066e-001  
-1.743673e-001  
1.978269e-001  
-1.309753e-001  
1.592738e-001  
1.230156e+000  
-9.738919e-001  
2.691171e-001  
5.774274e-002  
-4.182096e-001  
2.018368e-001  
-1.062708e-001  
4.023186e-002  
6.513351e-002  
-2.573042e-002  
-1.302785e-001  
2.780806e-001  
-2.216849e-001  
1.302537e-001  
-1.129861e-001  
1.097931e-001  
1.197619e-001  
-8.826782e-002  
1.167425e-001  
-6.650473e-002  
1.216935e-001  
-1.067940e-002  
9.612832e-002  
-2.217720e-001  
2.221734e-001  
6.819289e-002  
2.881677e-002  
1.392667e-001  
-1.218145e-001  
1.036331e-001  
-6.449673e-002  
4.484115e-002  
2.047921e-001  
-3.136148e-001  
1.173600e-001  
1.068219e-001  
-4.778619e-001  
2.977968e-001  
2.685137e-001  
-5.977762e-001  
2.584736e-001  
4.043271e-002  
8.647884e-002  
1.044059e-001  
3.862992e-003  
-1.039272e-001  
2.424143e-001  
-3.956053e-002  
1.220154e-002  
4.468968e-002  
1.406403e-001  
-1.138952e-001  
1.523280e-001  
-4.418390e-003  
-3.261250e-002  
4.805399e-002  
4.388757e-002  
3.487536e-002  
-1.732181e-002  
2.292664e-002  
4.801561e-002  
-2.210814e-002  
-4.574302e-002  
-4.335169e-003  
-2.401701e-002  
4.345373e-002  
5.335343e-001  
-1.239630e+000  
8.973155e-001  
-4.941532e-001  
1.371471e+000  
-9.679241e-001  
8.851242e-002  
1.155841e-001  
-8.932596e-002  
-1.704641e-001  
2.553939e-001  
-6.919841e-002  
-3.510047e-001  
9.900280e-001  
-7.025002e-001  
1.925251e-001  
-6.761510e-002  
2.446635e-002  
7.789296e-002  
-1.526620e-001  
5.313720e-002  
-5.487634e-002  
1.464263e-001  
-1.495442e-001  
1.680994e-001  
-9.800157e-002  
8.898660e-002  
-5.536268e-002  
1.243432e-002  
-5.998939e-002  
7.799447e-002  
-2.001181e-002  
1.154587e-001  
1.969186e-001  
-2.110115e-001  
1.519029e-001  
-6.002802e-002  
2.073336e-002  
3.555218e-001  
-2.470454e-001  
1.331273e-002  
-3.238863e-002  
6.804302e-002  
-1.508266e-002  
-1.171224e-002  
6.231228e-002  
1.229374e-001  
-1.906032e-001  
2.543237e-001  
-3.123564e-002  
-5.759604e-003  
2.798578e-002  
3.426812e-001  
-2.846252e-001  
-6.157865e-002  
2.700186e-002  
2.405574e-001  
-2.137190e-001  
1.576957e-001  
-1.338227e-001  
1.912387e-001  
4.393993e-002  
-7.181412e-002  
1.822334e-001  
-6.948069e-002  
3.738119e-001  
-3.597603e-001  
1.734739e-001  
-5.313477e-001  
6.358291e-001  
-7.061481e-002  
-1.195621e-001  
1.580697e-001  
-1.298038e-001  
1.316777e-002  
-5.861608e-001  
5.988845e-001  
7.318994e-002  
-1.405919e-002  
3.161335e-002  
2.152889e-002  
8.980293e-003  
4.933340e-002  
-2.691020e-002  
2.140201e-001  
-1.940348e-001  
7.475868e-002  
-1.682007e-002  
1.171221e-001  
-6.476213e-002  
7.171342e-002  
1.046173e-001  
-1.736786e-001  
3.609315e-001  
-1.615432e-001  
-1.743506e-002  
-1.382569e-001  
4.881369e-001  
-6.592184e-001  
4.218180e-001  
-7.767320e-003  
1.477840e-001  
-3.182215e-001  
2.160196e-001  
-2.546740e-002  
1.321507e-002  
-2.219296e-002  
-3.062576e-002  
6.262928e-002  
-4.916430e-003  
8.732544e-002  
-1.406389e-001  
2.044350e-001  
-1.063660e-001  
2.726541e-002  
-6.140099e-002  
1.271394e-001  
4.065484e-004  
2.963226e-002  
-1.016330e-001  
1.351807e-001  
-5.769283e-002  
6.941065e-002  
-5.381752e-002  
2.693331e-002  
2.863484e-002  
8.380418e-002  
-2.476010e-002  
-2.696248e-002  
8.595310e-002  
3.631155e-002  
-1.254136e-001  
1.335775e-001  
-7.160228e-002  
-3.572318e-002  
4.451925e-001  
-2.685857e-001  
1.472998e-002  
1.243982e-001  
-8.150291e-002  
8.216147e-002  
1.383325e-002  
5.065393e-002  
5.599385e-002  
-3.267092e-002  
3.625533e-002  
2.705644e-001  
-1.985294e-001  
-3.963266e-003  
5.158151e-002  
2.851358e-002  
6.082202e-002  
-4.836277e-002  
4.551187e-003  
-5.170882e-002  
1.481305e-001  
-1.180220e-002  
5.814621e-002  
-2.209796e-002  
8.343802e-002  
-1.116800e-002  
3.541720e-002  
7.502979e-002  
-2.416781e-001  
4.038377e-001  
-3.531756e-002  
-5.960739e-002  
3.945676e-001  
-6.963362e-001  
3.737898e-001  
8.109570e-003  
2.425289e-002  
-1.205468e-002  
1.101998e-001  
6.715022e-002  
-1.009829e-001  
7.963964e-002  
9.569646e-002  
-6.660819e-002  
1.537993e-001  
-2.880360e-001  
3.413566e-001  
-2.117828e-001  
2.471293e-001  
-1.659051e-001  
6.355467e-002  
4.839079e-002  
-1.723977e-001  
1.207646e-001  
1.812645e-002  
-5.993364e-002  
5.780311e-002  
3.456232e-003  
1.453617e-002  
2.828991e-002  
1.881275e-002  
-3.461446e-002  
-1.544923e-001  
2.321443e-001  
-7.517266e-002  
1.232831e-001  
-1.226465e-001  
7.830048e-002  
-5.196953e-002  
1.078758e-001  
-2.035868e-002  
1.088935e-002  
-5.875355e-002  
1.434393e-001  
4.534036e-002  
-1.609753e-001  
6.654376e-002  
1.224866e-002  
3.823024e-002  
2.305883e-002  
1.996326e-002  
-4.276812e-003  
4.502159e-002  
3.334747e-002  
1.850003e-002  
-4.737911e-002  
1.977967e-001  
-6.625593e-002  
3.116454e-002  
7.393862e-002  
-3.793049e-002  
2.627108e-002  
4.506040e-002  
6.410420e-003  
2.960643e-002  
-4.763895e-002  
5.775037e-002  
4.279995e-002  
-1.716155e-002  
2.973986e-002  
2.201653e-002  
2.476406e-002  
2.159882e-002  
1.885748e-002  
2.147922e-002  
2.107710e-002  
2.252686e-002  
9.254187e-003  
3.934485e-002  
7.765129e-003  
2.327630e-002  
1.928505e-002  
1.634234e-002  
2.647251e-002  
1.859254e-002  
1.676428e-002  
1.872540e-002  
2.443993e-002  
1.588941e-002  
3.155899e-002  
6.902218e-003  
3.262973e-002  
1.400006e-002  
2.009103e-002  
2.005818e-002  
1.811218e-002  
2.447572e-002  
2.227592e-002  
1.418384e-002  
1.610699e-002  
2.973606e-002  
1.554548e-002  
2.073437e-002  
