-2.399534e-004  
1.723841e-004  
-9.899959e-005  
-1.140088e-004  
1.793224e-004  
-2.135292e-004  
7.440150e-005  
-2.057552e-004  
4.599744e-005  
1.151746e-004  
-2.549230e-004  
1.499425e-004  
-1.689636e-004  
9.982451e-005  
-8.181483e-005  
-1.002550e-004  
1.947880e-004  
-5.590916e-005  
-6.929040e-005  
-1.285225e-005  
-1.437271e-004  
2.154248e-004  
-2.935509e-004  
2.152377e-004  
-3.554294e-004  
2.236185e-004  
-1.191626e-004  
-9.923708e-005  
1.600663e-004  
-1.067559e-004  
-6.617047e-006  
-1.828256e-004  
-3.136392e-004  
1.942536e-004  
5.442102e-005  
-3.548758e-005  
-8.639693e-005  
-8.667971e-005  
-2.298737e-005  
7.414329e-005  
-1.866883e-004  
4.185084e-005  
-1.860317e-005  
-1.019519e-004  
1.290720e-004  
-1.420230e-004  
6.294250e-005  
-4.682541e-004  
8.354187e-004  
-5.812645e-004  
1.673698e-004  
-1.825336e-004  
1.465417e-004  
-1.485702e-004  
1.306906e-004  
-1.158779e-004  
-1.416807e-004  
-1.441627e-004  
2.924640e-004  
-3.847309e-004  
3.986821e-004  
-2.554621e-004  
1.434115e-005  
-2.248391e-004  
-7.874682e-005  
1.088833e-005  
6.390864e-005  
-1.811205e-004  
2.702631e-004  
-3.748091e-004  
2.400830e-004  
-2.659981e-004  
1.302485e-004  
-2.677930e-004  
2.687145e-004  
-2.696895e-004  
1.625887e-004  
-2.222171e-004  
1.303516e-004  
-5.466342e-004  
1.615286e-003  
-1.533747e-003  
4.504323e-004  
-2.331603e-004  
1.341114e-004  
-4.547578e-005  
1.816682e-004  
-3.093851e-004  
4.935620e-005  
-2.556960e-004  
3.435955e-004  
-3.644115e-004  
3.022018e-004  
-3.397855e-004  
2.678112e-004  
-3.192367e-004  
-1.031022e-004  
2.022320e-005  
4.198193e-005  
-4.772947e-005  
-2.686944e-005  
-2.183053e-004  
2.040900e-004  
-9.878131e-005  
-1.207068e-004  
-1.474516e-006  
1.557251e-004  
-3.291928e-004  
1.635331e-004  
-2.317073e-004  
3.352055e-004  
-5.874564e-004  
7.727967e-004  
-6.639907e-004  
2.862955e-004  
-2.866794e-004  
2.391615e-004  
-1.957072e-004  
1.945056e-005  
-3.337947e-006  
-2.921822e-004  
3.572123e-004  
-2.529154e-004  
-4.454690e-005  
8.089736e-005  
-1.763852e-004  
1.200397e-004  
-1.924490e-004  
-8.566724e-005  
-1.056052e-004  
1.348390e-004  
-7.943553e-005  
-6.702555e-005  
-6.793678e-006  
-9.260286e-005  
-1.657836e-005  
-2.176326e-005  
-1.494103e-005  
3.999157e-007  
-1.796848e-004  
1.060732e-004  
-4.499144e-005  
-2.378132e-006  
-2.295790e-004  
4.382744e-004  
-2.826082e-004  
4.222355e-006  
-3.752974e-005  
6.426232e-005  
-1.263894e-004  
-6.209093e-005  
6.182818e-007  
-1.041379e-004  
6.436976e-005  
-9.802682e-005  
2.892525e-005  
-1.439035e-004  
2.104106e-004  
-2.775169e-004  
-3.473763e-005  
-2.520039e-004  
1.789056e-004  
-4.328688e-005  
-1.084179e-004  
-2.372879e-005  
7.007057e-005  
-1.899195e-004  
1.277055e-004  
-2.621070e-004  
1.059047e-004  
-3.628543e-005  
-1.279780e-004  
1.165035e-004  
-5.284068e-005  
6.655697e-005  
-5.345179e-004  
6.407429e-004  
-3.396703e-004  
2.832012e-005  
-5.662441e-007  
-7.306435e-005  
8.851406e-006  
-5.992004e-005  
-7.433254e-005  
-7.015211e-005  
-1.999826e-005  
3.708701e-005  
-5.850458e-005  
-9.718479e-005  
7.610049e-005  
-8.780361e-005  
-1.439495e-004  
-1.091941e-004  
-2.946868e-005  
8.658064e-005  
-2.418737e-004  
7.409067e-005  
2.721453e-005  
-6.141863e-005  
4.070578e-005  
-2.690994e-004  
4.463550e-005  
-2.728333e-005  
-9.743730e-005  
1.244121e-004  
-1.230193e-004  
1.576841e-004  
-2.337933e-003  
6.134510e-003  
-5.554676e-003  
1.668215e-003  
-2.426356e-004  
1.651878e-004  
-1.820894e-004  
1.610923e-004  
-3.376850e-004  
1.889089e-004  
-2.049692e-004  
1.691501e-004  
-3.076249e-004  
2.569244e-004  
-2.649459e-004  
3.465614e-005  
-1.239855e-004  
-7.049181e-005  
-8.399486e-005  
3.796112e-005  
-1.935151e-004  
-4.094903e-005  
1.441163e-004  
3.374380e-005  
-2.454837e-004  
-6.059650e-005  
-6.441252e-005  
3.163487e-004  
-6.666374e-004  
5.893869e-004  
-5.311983e-004  
4.838614e-004  
-8.163895e-004  
1.199880e-003  
-1.079029e-003  
6.416896e-004  
-4.924256e-004  
2.888288e-004  
-3.181825e-004  
2.978921e-004  
-5.026832e-004  
2.816517e-004  
-2.823766e-004  
3.937819e-004  
-4.755714e-004  
1.627764e-004  
-2.625045e-004  
1.232897e-004  
6.668171e-005  
-5.097904e-004  
9.355764e-005  
1.483970e-004  
-2.574228e-004  
7.543465e-005  
-1.178565e-004  
1.912896e-004  
-4.943777e-004  
2.498197e-004  
-2.154600e-005  
-1.386445e-004  
-4.375546e-005  
7.226795e-005  
-2.830123e-004  
2.961458e-004  
-7.307020e-004  
1.123899e-003  
-9.843092e-004  
3.897155e-004  
5.205956e-005  
-1.639931e-004  
-3.449890e-004  
3.495650e-004  
-2.839977e-004  
-1.055448e-004  
1.903290e-004  
-1.570827e-004  
1.336900e-004  
-4.633181e-004  
3.117140e-004  
-7.642395e-005  
-8.261344e-004  
7.419265e-004  
-3.409055e-004  
-2.195261e-004  
2.230904e-004  
-1.612142e-004  
1.099339e-005  
-3.729435e-004  
4.598078e-004  
-4.542460e-004  
1.746154e-005  
-5.783440e-005  
3.776328e-005  
-1.870678e-004  
5.082401e-004  
-7.872035e-004  
8.584771e-005  
6.343768e-004  
-7.325119e-004  
3.918532e-004  
-3.567407e-004  
2.272876e-004  
1.170256e-005  
-4.432524e-004  
3.155980e-004  
-5.853382e-004  
4.103166e-004  
6.058050e-006  
-7.528419e-004  
5.269566e-004  
-6.249094e-005  
-1.244157e-004  
4.994217e-005  
-9.958697e-004  
8.809183e-004  
-5.628964e-004  
5.324963e-005  
2.214676e-004  
-3.591748e-004  
3.190702e-005  
-2.207181e-004  
-1.392431e-004  
4.503898e-004  
-8.295045e-004  
5.451926e-004  
-3.984625e-004  
4.582969e-004  
-4.752904e-004  
-1.701134e-003  
4.755495e-003  
-4.170755e-003  
9.228585e-004  
-6.270857e-006  
-1.580183e-004  
2.797769e-004  
-3.847222e-004  
3.240013e-004  
-7.162343e-004  
2.885717e-004  
-2.995489e-004  
-1.841018e-005  
3.720318e-004  
-3.201356e-004  
-1.462580e-004  
-4.901398e-004  
8.410137e-004  
-1.800509e-003  
9.459496e-004  
9.627981e-005  
-4.611870e-004  
2.620045e-004  
-3.731882e-004  
5.203899e-005  
-5.930837e-004  
5.055746e-004  
2.427043e-004  
-1.304207e-003  
6.705119e-004  
-1.103450e-004  
-5.743370e-005  
-7.353008e-004  
1.721819e-003  
-1.968126e-003  
1.162630e-003  
-6.813830e-004  
-1.901265e-004  
1.783009e-004  
-1.449560e-005  
-4.926609e-004  
2.337217e-004  
-1.432687e-003  
2.538136e-003  
-2.731281e-003  
1.411621e-003  
-6.359282e-004  
7.940404e-005  
-5.229318e-004  
-3.922299e-004  
4.345162e-004  
-9.932443e-004  
4.186554e-004  
-4.839937e-004  
7.776723e-004  
-1.171406e-003  
1.098358e-004  
7.639814e-006  
-5.165475e-004  
6.600250e-004  
-6.519631e-004  
-7.819520e-004  
6.344483e-004  
8.757375e-005  
-1.703219e-003  
2.575134e-003  
-1.883165e-003  
1.898342e-004  
-4.658190e-004  
-5.059414e-005  
-1.852630e-004  
-5.830312e-006  
-4.381135e-004  
-9.197649e-004  
9.569364e-004  
-1.049984e-003  
-4.542485e-004  
8.669039e-004  
-8.354429e-004  
-3.534734e-004  
-1.200601e-003  
-2.861935e-004  
-1.084501e-004  
-3.213368e-004  
-3.909616e-005  
-3.434538e-004  
-1.463423e-003  
5.690680e-004  
-2.119135e-004  
-1.482846e-003  
-2.872989e-004  
-3.326268e-005  
-1.068113e-003  
1.559506e-004  
-1.462300e-003  
8.563153e-005  
-1.686536e-003  
2.341891e-003  
-3.127545e-003  
-3.283722e-004  
-1.091511e-003  
-8.966617e-004  
-1.440654e-003  
-5.120989e-004  
-2.744073e-003  
-1.211790e-003  
-1.659029e-003  
-2.260870e-003  
-1.906649e-003  
-2.358093e-003  
-3.548557e-003  
-2.504782e-003  
-6.971080e-003  
-4.280925e-003  
-5.334388e-003  
-6.764677e-003  
-8.059516e-003  
-1.122379e-002  
-1.247462e-002  
-1.639191e-002  
-2.463784e-002  
-3.059191e-002  
-4.538694e-002  
-6.284906e-002  
-1.035375e-001  
-1.549917e-001  
-1.619564e-001  
3.438848e+000  
-5.187442e+001  
1.369897e+002  
-1.235764e+002  
3.623128e+001  
-1.185884e+000  
1.810825e-001  
1.441364e-001  
9.101318e-002  
6.220958e-002  
4.029191e-002  
2.944483e-002  
2.094077e-002  
1.577223e-002  
1.290058e-002  
9.408575e-003  
7.291288e-003  
9.132624e-003  
5.386817e-003  
3.948500e-003  
4.396271e-003  
2.938381e-003  
2.125037e-003  
3.990034e-003  
5.120963e-004  
3.353303e-003  
1.546978e-003  
9.891092e-004  
1.548746e-003  
1.896189e-003  
1.358218e-005  
2.569739e-003  
-3.274335e-004  
1.844694e-003  
-2.994064e-003  
4.999666e-003  
-1.674686e-003  
1.473464e-003  
2.695064e-004  
6.414933e-004  
4.510842e-004  
3.724575e-004  
1.048883e-003  
-7.544665e-005  
1.119042e-003  
-6.428047e-004  
8.744900e-004  
5.738426e-004  
-6.146408e-004  
2.039331e-003  
-1.185506e-004  
2.854510e-004  
5.221631e-004  
3.684286e-004  
-8.494898e-004  
1.885250e-003  
-1.423391e-003  
1.636067e-003  
-7.592457e-004  
8.766010e-004  
-3.552590e-005  
1.494309e-004  
2.651097e-004  
2.291850e-004  
-2.048804e-004  
1.380767e-003  
-2.302901e-003  
1.904413e-003  
-1.868047e-004  
3.345151e-005  
4.296133e-004  
-1.874523e-004  
1.084604e-004  
4.929400e-004  
1.051101e-004  
-1.999584e-004  
4.307911e-004  
2.978584e-004  
-4.468138e-004  
3.709581e-004  
2.185741e-004  
4.982084e-004  
-9.732775e-005  
5.538070e-004  
-4.494726e-004  
3.571846e-004  
2.307701e-005  
3.362503e-004  
-2.691792e-004  
4.486688e-004  
6.830133e-005  
8.893665e-005  
-4.207157e-005  
-3.989041e-005  
6.082952e-004  
-5.638003e-004  
1.145363e-003  
-2.084732e-003  
1.564026e-003  
2.441406e-004  
-2.752542e-004  
1.662783e-004  
-6.896257e-005  
2.241228e-004  
-5.624443e-005  
1.789490e-004  
1.343735e-004  
2.660463e-005  
6.171083e-005  
-3.654975e-005  
3.169428e-004  
-2.756764e-004  
3.052000e-004  
3.614884e-004  
-8.579600e-005  
9.794504e-005  
1.170440e-004  
6.225804e-006  
-1.982953e-004  
8.888635e-004  
-7.843851e-004  
5.913919e-004  
-2.322246e-004  
-5.594272e-005  
4.454268e-004  
-2.845147e-004  
3.762974e-004  
-4.474829e-005  
-3.932520e-004  
2.463561e-003  
-5.541163e-003  
5.014348e-003  
-1.337376e-003  
-1.302228e-004  
2.025722e-004  
-3.807622e-004  
7.416827e-004  
-3.798702e-004  
4.223996e-004  
-3.378421e-004  
2.291454e-004  
-1.924447e-005  
-7.760468e-005  
4.469008e-004  
-2.805082e-004  
5.928853e-004  
-4.973650e-004  
-9.176922e-005  
8.133653e-004  
-2.640233e-004  
-1.656364e-004  
1.795537e-004  
-1.286817e-004  
2.462674e-004  
2.644506e-004  
-6.603837e-005  
-2.077027e-004  
-1.513259e-004  
8.588067e-004  
-8.247037e-004  
4.591048e-004  
4.635571e-004  
-1.727194e-003  
2.033840e-003  
-5.161671e-004  
-6.794743e-004  
4.751311e-004  
-2.325680e-004  
7.773237e-004  
-4.967873e-004  
6.610629e-004  
-1.487142e-003  
1.720009e-003  
-1.071318e-004  
-1.628488e-003  
1.731627e-003  
-5.945700e-004  
3.740628e-004  
-4.254210e-004  
5.759837e-004  
2.655708e-004  
-7.641353e-004  
2.989257e-005  
9.040908e-004  
-7.913802e-004  
5.926514e-004  
-7.011511e-004  
1.342274e-003  
-1.448632e-003  
1.404249e-003  
-1.049168e-003  
7.082326e-004  
-5.800601e-004  
6.364509e-004  
-3.651630e-004  
-1.383965e-004  
6.478750e-004  
-2.266430e-004  
-5.724456e-004  
9.213900e-004  
-7.967796e-004  
1.208352e-003  
-5.887875e-004  
-6.372725e-004  
3.023419e-004  
7.261195e-004  
8.098263e-005  
-6.964966e-004  
-1.935065e-004  
1.099976e-003  
-1.845357e-005  
-4.553085e-004  
-7.900031e-004  
1.996991e-003  
-2.330204e-003  
3.306236e-003  
-4.219880e-003  
3.296652e-003  
-9.946588e-004  
3.496888e-004  
-7.479287e-004  
3.557671e-004  
1.246401e-003  
-2.887494e-003  
3.355419e-003  
-2.293352e-003  
1.198092e-003  
-6.434679e-004  
1.105085e-004  
1.269616e-003  
-1.926037e-003  
1.450287e-003  
-7.830018e-004  
1.847508e-003  
-3.295741e-003  
2.457206e-003  
-2.136379e-003  
2.883754e-003  
-3.398430e-004  
-2.354722e-003  
2.101291e-003  
-5.001194e-004  
-1.473779e-003  
3.763890e-003  
-3.793389e-003  
1.878437e-003  
-2.173732e-004  
1.588978e-004  
5.145681e-004  
-1.927979e-003  
2.502038e-003  
-2.481853e-003  
2.192380e-003  
1.134877e-003  
-5.347294e-003  
4.215539e-003  
-7.141627e-004  
2.655207e-003  
-7.773329e-003  
7.740065e-003  
-3.111433e-003  
5.628136e-004  
-4.867316e-004  
1.305258e-003  
-1.258624e-003  
5.382513e-005  
1.377364e-003  
-2.637088e-003  
2.913230e-003  
-1.924319e-003  
7.604975e-004  
8.925141e-004  
-3.310163e-004  
-1.786359e-003  
1.272120e-003  
7.320555e-004  
-7.677571e-004  
5.193182e-004  
-1.929645e-003  
3.621750e-003  
-3.085245e-003  
8.226435e-004  
9.933923e-004  
4.504448e-004  
-1.672430e-003  
9.308592e-004  
2.069073e-004  
-3.526155e-003  
5.444555e-003  
-2.102822e-003  
-6.772368e-004  
3.302353e-005  
-6.270744e-004  
3.283644e-003  
-2.200506e-003  
-4.422037e-004  
6.597218e-004  
2.672652e-004  
-2.302162e-003  
4.090044e-003  
-3.292718e-003  
1.527585e-003  
-1.621514e-003  
3.006971e-003  
-3.328037e-003  
3.391623e-003  
-2.677056e-003  
5.437648e-004  
7.639369e-004  
1.227801e-003  
-1.924724e-003  
-8.482947e-004  
1.731955e-003  
1.077824e-003  
-2.008066e-003  
1.636683e-003  
-2.011037e-003  
1.494840e-003  
-1.242731e-003  
1.124269e-003  
4.628225e-004  
-8.462892e-004  
-1.232724e-003  
2.846276e-003  
-2.021482e-003  
-6.104237e-005  
1.873918e-003  
-2.964672e-003  
3.050600e-003  
-1.192823e-003  
-4.736027e-004  
2.555786e-003  
-5.496574e-003  
4.239435e-003  
9.521749e-005  
-3.122676e-003  
4.722704e-003  
-2.237287e-003  
-2.252583e-003  
4.014617e-003  
-2.264758e-003  
1.182713e-003  
-1.031039e-003  
-1.531782e-003  
4.074325e-003  
-4.600082e-003  
6.208444e-003  
-8.234640e-003  
6.585985e-003  
-1.436853e-003  
3.028878e-004  
-5.519068e-003  
6.958218e-003  
-5.620840e-004  
-3.878485e-003  
3.870822e-003  
-1.973344e-003  
-8.288817e-005  
3.426499e-005  
9.153773e-004  
-1.371152e-003  
8.238242e-004  
4.706746e-004  
-2.415019e-003  
5.023720e-003  
-4.014255e-003  
1.228805e-003  
4.649746e-004  
-1.369919e-003  
-4.836873e-004  
4.174307e-003  
-4.188070e-003  
5.202283e-004  
1.333001e-003  
-4.525004e-004  
-1.712292e-003  
3.942841e-003  
-3.345357e-003  
3.236786e-003  
-5.280914e-003  
5.286654e-003  
-7.799721e-004  
-4.776413e-003  
4.829789e-003  
-1.946941e-003  
3.158026e-003  
-7.908434e-003  
1.131433e-002  
-8.610670e-003  
3.059037e-003  
-1.241123e-004  
8.937218e-004  
-1.209845e-003  
-4.020039e-004  
-1.287951e-003  
4.932526e-003  
-3.090873e-003  
-1.805225e-003  
7.495623e-004  
4.470234e-003  
-6.306259e-003  
5.770663e-003  
-5.470448e-003  
2.360963e-003  
1.965814e-003  
-1.247044e-003  
2.941290e-003  
-9.117963e-003  
1.064669e-002  
-7.136601e-003  
5.496703e-003  
-4.954645e-003  
1.124553e-003  
2.524802e-003  
-4.593271e-003  
5.257751e-003  
-2.174876e-003  
1.209729e-003  
-4.552869e-003  
7.099173e-003  
-6.602533e-003  
3.172375e-003  
4.416964e-004  
-1.940151e-003  
1.344578e-003  
1.428524e-003  
-1.681135e-003  
-2.418384e-003  
1.748043e-003  
5.492534e-003  
-7.059646e-003  
2.539026e-003  
2.114594e-003  
-7.372315e-003  
9.187676e-003  
-2.488164e-003  
-4.809308e-003  
4.653253e-003  
-2.562344e-003  
2.859887e-003  
-2.792212e-003  
3.322659e-003  
-2.177189e-003  
-3.524680e-003  
7.153174e-003  
-4.194832e-003  
7.685809e-005  
2.305683e-003  
-3.433281e-003  
3.925534e-003  
-3.065385e-003  
1.211875e-003  
-6.442454e-004  
9.373638e-004  
-1.293301e-003  
5.100787e-004  
1.272913e-003  
-1.812949e-003  
4.041842e-003  
-6.214772e-003  
1.574855e-003  
6.369665e-003  
-9.278293e-003  
6.400414e-003  
-4.875660e-005  
-3.436776e-003  
-4.650787e-003  
1.563432e-002  
-1.480524e-002  
9.056023e-003  
-5.535777e-003  
-1.048680e-004  
6.457382e-003  
-7.384067e-003  
5.391124e-004  
8.264344e-003  
-8.571821e-003  
2.310281e-003  
2.047908e-003  
-2.815726e-004  
-2.348520e-003  
7.612326e-004  
1.968200e-003  
-3.623389e-003  
2.283460e-003  
8.533946e-004  
-2.300896e-003  
1.414334e-003  
2.689628e-003  
-9.853631e-003  
1.282473e-002  
-5.737416e-003  
-3.260468e-003  
7.101914e-003  
-3.308087e-003  
-1.153880e-003  
-3.568508e-003  
7.511981e-003  
-2.039981e-003  
-4.360453e-003  
4.541523e-003  
-3.554632e-004  
-1.221829e-003  
-1.283507e-003  
1.790203e-003  
2.805981e-003  
-6.095603e-003  
6.137552e-003  
-4.430431e-003  
-1.416106e-003  
5.444382e-003  
-1.263427e-003  
-4.752380e-003  
7.943043e-003  
-8.871034e-003  
7.874045e-003  
-7.099933e-003  
6.714968e-003  
-6.484488e-003  
6.116357e-003  
-5.018968e-003  
4.344998e-003  
-1.516845e-004  
-5.883611e-003  
6.530159e-003  
-1.390028e-003  
-4.101849e-003  
5.139591e-003  
-4.865343e-003  
8.429559e-003  
-1.072804e-002  
1.022064e-002  
-8.081803e-003  
2.523486e-003  
2.228665e-003  
-2.501285e-003  
8.752351e-004  
-2.144150e-003  
7.661158e-003  
-9.879110e-003  
4.032478e-003  
4.697112e-003  
-8.052703e-003  
5.072974e-003  
-1.493028e-003  
2.525500e-003  
-4.285422e-003  
3.182538e-003  
-5.849713e-003  
8.310949e-003  
-4.259041e-003  
-2.962578e-004  
4.466582e-003  
-8.553164e-003  
6.244523e-003  
-1.880451e-003  
4.770646e-003  
-9.612069e-003  
8.571027e-003  
-3.805803e-003  
4.746809e-004  
1.335275e-003  
