4.693376e-002  
4.736736e-002  
4.706479e-002  
4.707462e-002  
4.738934e-002  
4.692244e-002  
4.717879e-002  
4.699038e-002  
4.731373e-002  
4.735838e-002  
4.689913e-002  
4.735471e-002  
4.705051e-002  
4.731265e-002  
4.710025e-002  
4.711109e-002  
4.753423e-002  
4.723787e-002  
4.713625e-002  
4.720125e-002  
4.711198e-002  
4.748662e-002  
4.694653e-002  
4.749815e-002  
4.690887e-002  
4.752082e-002  
4.717107e-002  
4.723441e-002  
4.755014e-002  
4.721139e-002  
4.722135e-002  
4.709211e-002  
4.696538e-002  
4.764179e-002  
4.756910e-002  
4.740045e-002  
4.724418e-002  
4.723452e-002  
4.737902e-002  
4.756530e-002  
4.724923e-002  
4.748704e-002  
4.744665e-002  
4.741599e-002  
4.766628e-002  
4.733784e-002  
4.747224e-002  
4.710960e-002  
4.862022e-002  
4.703498e-002  
4.768518e-002  
4.747090e-002  
4.784301e-002  
4.755950e-002  
4.783282e-002  
4.756743e-002  
4.744545e-002  
4.754347e-002  
4.809349e-002  
4.747684e-002  
4.830986e-002  
4.756159e-002  
4.772747e-002  
4.761641e-002  
4.780294e-002  
4.796652e-002  
4.804296e-002  
4.785480e-002  
4.830059e-002  
4.758812e-002  
4.822905e-002  
4.780499e-002  
4.817954e-002  
4.781765e-002  
4.841463e-002  
4.791493e-002  
4.834457e-002  
4.797711e-002  
4.834917e-002  
4.802877e-002  
5.028701e-002  
4.652190e-002  
4.845414e-002  
4.812134e-002  
4.859841e-002  
4.851299e-002  
4.868787e-002  
4.814438e-002  
4.845904e-002  
4.825870e-002  
4.895929e-002  
4.829978e-002  
4.898081e-002  
4.835193e-002  
4.898794e-002  
4.848285e-002  
4.865912e-002  
4.887480e-002  
4.895265e-002  
4.887835e-002  
4.884610e-002  
4.870796e-002  
4.927954e-002  
4.904898e-002  
4.897481e-002  
4.917409e-002  
4.933042e-002  
4.882202e-002  
4.937693e-002  
4.910003e-002  
4.969284e-002  
4.888526e-002  
5.036891e-002  
4.879085e-002  
4.971101e-002  
4.929902e-002  
4.988559e-002  
4.944906e-002  
4.968708e-002  
4.975685e-002  
4.950909e-002  
5.026813e-002  
4.959975e-002  
4.985159e-002  
5.006273e-002  
4.983969e-002  
5.020416e-002  
5.002980e-002  
5.007328e-002  
5.011486e-002  
5.046091e-002  
5.028392e-002  
5.028456e-002  
5.038387e-002  
5.036097e-002  
5.060505e-002  
5.064192e-002  
5.066181e-002  
5.066143e-002  
5.056053e-002  
5.096030e-002  
5.085745e-002  
5.088244e-002  
5.078913e-002  
5.163437e-002  
5.085514e-002  
5.112276e-002  
5.123700e-002  
5.137434e-002  
5.116590e-002  
5.129310e-002  
5.154054e-002  
5.148331e-002  
5.169404e-002  
5.156940e-002  
5.177601e-002  
5.169326e-002  
5.209149e-002  
5.157524e-002  
5.199619e-002  
5.184212e-002  
5.239417e-002  
5.220355e-002  
5.216879e-002  
5.235223e-002  
5.250675e-002  
5.228943e-002  
5.274950e-002  
5.237653e-002  
5.283713e-002  
5.277153e-002  
5.279541e-002  
5.316303e-002  
5.302836e-002  
5.305556e-002  
5.259287e-002  
5.407680e-002  
5.310504e-002  
5.345986e-002  
5.358791e-002  
5.356241e-002  
5.370866e-002  
5.369382e-002  
5.382329e-002  
5.388882e-002  
5.405018e-002  
5.420058e-002  
5.418710e-002  
5.421907e-002  
5.450175e-002  
5.439003e-002  
5.452928e-002  
5.458628e-002  
5.475790e-002  
5.494934e-002  
5.471864e-002  
5.519935e-002  
5.529819e-002  
5.525798e-002  
5.545649e-002  
5.513251e-002  
5.557644e-002  
5.566160e-002  
5.578563e-002  
5.613919e-002  
5.592344e-002  
5.600798e-002  
5.473244e-002  
6.378460e-002  
5.005264e-002  
5.721867e-002  
5.646964e-002  
5.688740e-002  
5.663265e-002  
5.704485e-002  
5.672748e-002  
5.737280e-002  
5.709730e-002  
5.755027e-002  
5.723422e-002  
5.793812e-002  
5.749131e-002  
5.792566e-002  
5.809509e-002  
5.814017e-002  
5.816430e-002  
5.837735e-002  
5.828923e-002  
5.867341e-002  
5.910716e-002  
5.903234e-002  
5.881147e-002  
5.910251e-002  
5.934316e-002  
5.979963e-002  
5.892530e-002  
6.041084e-002  
5.943381e-002  
6.050140e-002  
5.946990e-002  
6.176287e-002  
5.945726e-002  
6.127812e-002  
6.038160e-002  
6.127246e-002  
6.084248e-002  
6.157215e-002  
6.099367e-002  
6.195905e-002  
6.160893e-002  
6.237920e-002  
6.157416e-002  
6.234123e-002  
6.216485e-002  
6.285270e-002  
6.308745e-002  
6.240278e-002  
6.323922e-002  
6.354339e-002  
6.327202e-002  
6.377819e-002  
6.381160e-002  
6.423626e-002  
6.377672e-002  
6.479797e-002  
6.470379e-002  
6.465329e-002  
6.500511e-002  
6.529095e-002  
6.510753e-002  
6.585643e-002  
6.521696e-002  
6.743854e-002  
6.530427e-002  
6.690902e-002  
6.691068e-002  
6.663251e-002  
6.665832e-002  
6.773674e-002  
6.739092e-002  
6.776472e-002  
6.835759e-002  
6.817292e-002  
6.860498e-002  
6.816904e-002  
6.927343e-002  
6.899792e-002  
6.872616e-002  
7.072761e-002  
6.969971e-002  
6.992471e-002  
7.080858e-002  
7.062332e-002  
7.092976e-002  
7.088110e-002  
7.220244e-002  
7.137321e-002  
7.205474e-002  
7.237810e-002  
7.285540e-002  
7.298302e-002  
7.385408e-002  
7.257188e-002  
7.402267e-002  
7.506733e-002  
7.379226e-002  
7.520460e-002  
7.491645e-002  
7.584989e-002  
7.582062e-002  
7.555366e-002  
7.679787e-002  
7.621141e-002  
7.765554e-002  
7.742883e-002  
7.697214e-002  
7.894552e-002  
7.879021e-002  
7.894007e-002  
7.950620e-002  
7.866443e-002  
8.113654e-002  
8.001788e-002  
8.109592e-002  
8.168519e-002  
8.130637e-002  
8.205213e-002  
8.239518e-002  
8.298251e-002  
8.395603e-002  
8.296762e-002  
8.500997e-002  
8.460116e-002  
8.575573e-002  
8.485147e-002  
8.501340e-002  
9.250714e-002  
8.233814e-002  
8.771773e-002  
8.821825e-002  
8.861895e-002  
8.959843e-002  
8.939143e-002  
9.067263e-002  
8.996746e-002  
9.157897e-002  
9.166470e-002  
9.280065e-002  
9.384688e-002  
9.346491e-002  
9.405775e-002  
9.480466e-002  
9.638104e-002  
9.398672e-002  
9.792703e-002  
9.807456e-002  
9.787375e-002  
9.922018e-002  
9.920879e-002  
1.004288e-001  
1.005482e-001  
1.026223e-001  
1.027732e-001  
1.017178e-001  
1.048904e-001  
1.051189e-001  
1.057595e-001  
1.062866e-001  
1.097303e-001  
1.064274e-001  
1.104639e-001  
1.095939e-001  
1.109070e-001  
1.124601e-001  
1.131545e-001  
1.137496e-001  
1.152578e-001  
1.149884e-001  
1.202365e-001  
1.156064e-001  
1.210207e-001  
1.203116e-001  
1.219862e-001  
1.229606e-001  
1.240896e-001  
1.260358e-001  
1.257307e-001  
1.287867e-001  
1.295085e-001  
1.320385e-001  
1.311723e-001  
1.343230e-001  
1.358429e-001  
1.368746e-001  
1.396380e-001  
1.396333e-001  
1.411415e-001  
1.448344e-001  
1.458404e-001  
1.460792e-001  
1.528363e-001  
1.496515e-001  
1.533234e-001  
1.551991e-001  
1.579026e-001  
1.601367e-001  
1.625837e-001  
1.646194e-001  
1.666105e-001  
1.712966e-001  
1.716465e-001  
1.753999e-001  
1.799262e-001  
1.807095e-001  
1.838637e-001  
1.870228e-001  
1.912727e-001  
1.951608e-001  
1.986624e-001  
2.029255e-001  
2.061240e-001  
2.090746e-001  
2.160996e-001  
2.202090e-001  
2.229115e-001  
2.293230e-001  
2.351334e-001  
2.399346e-001  
2.469884e-001  
2.515256e-001  
2.597622e-001  
2.657021e-001  
2.776128e-001  
2.789921e-001  
2.898599e-001  
2.988819e-001  
3.086572e-001  
3.185088e-001  
3.304366e-001  
3.406093e-001  
3.549759e-001  
3.686421e-001  
3.832366e-001  
4.008841e-001  
4.184045e-001  
4.370006e-001  
4.599338e-001  
4.816921e-001  
5.112695e-001  
5.412189e-001  
5.745128e-001  
6.134277e-001  
6.558315e-001  
7.081415e-001  
7.663298e-001  
8.329582e-001  
9.136108e-001  
1.004171e+000  
1.112025e+000  
1.213509e+000  
1.275550e+000  
1.054917e+000  
-8.835232e-001  
-3.095980e+001  
1.676587e+002  
-1.421668e+002  
1.462233e+001  
1.663499e-001  
-1.110173e+000  
-1.227783e+000  
-1.151361e+000  
-1.042946e+000  
-9.425476e-001  
-8.514643e-001  
-7.750120e-001  
-7.098902e-001  
-6.521338e-001  
-6.040239e-001  
-5.610166e-001  
-5.215758e-001  
-4.901276e-001  
-4.612841e-001  
-4.336136e-001  
-4.116263e-001  
-3.903484e-001  
-3.683797e-001  
-3.540148e-001  
-3.352428e-001  
-3.216976e-001  
-3.084869e-001  
-2.945944e-001  
-2.826366e-001  
-2.734875e-001  
-2.605410e-001  
-2.541766e-001  
-2.439090e-001  
-2.402422e-001  
-2.230323e-001  
-2.224811e-001  
-2.130065e-001  
-2.073263e-001  
-2.007320e-001  
-1.949748e-001  
-1.897426e-001  
-1.833505e-001  
-1.793295e-001  
-1.734277e-001  
-1.710236e-001  
-1.648102e-001  
-1.608273e-001  
-1.579327e-001  
-1.516705e-001  
-1.498453e-001  
-1.459737e-001  
-1.422142e-001  
-1.396504e-001  
-1.376900e-001  
-1.316777e-001  
-1.322203e-001  
-1.266045e-001  
-1.260763e-001  
-1.216963e-001  
-1.200304e-001  
-1.176853e-001  
-1.151330e-001  
-1.129282e-001  
-1.110273e-001  
-1.077005e-001  
-1.097097e-001  
-1.027354e-001  
-1.026160e-001  
-1.009217e-001  
-9.867779e-002  
-9.763676e-002  
-9.551663e-002  
-9.355512e-002  
-9.236936e-002  
-9.112603e-002  
-8.874298e-002  
-8.759753e-002  
-8.704563e-002  
-8.456049e-002  
-8.311257e-002  
-8.195895e-002  
-8.102353e-002  
-7.908522e-002  
-7.895762e-002  
-7.695514e-002  
-7.591970e-002  
-7.447152e-002  
-7.397993e-002  
-7.224493e-002  
-7.143831e-002  
-7.045069e-002  
-6.958020e-002  
-6.852770e-002  
-6.680980e-002  
-6.706434e-002  
-6.470942e-002  
-6.715393e-002  
-6.175613e-002  
-6.187391e-002  
-6.197955e-002  
-6.090100e-002  
-6.024164e-002  
-5.909166e-002  
-5.857185e-002  
-5.769277e-002  
-5.686902e-002  
-5.623455e-002  
-5.546542e-002  
-5.486505e-002  
-5.376117e-002  
-5.366443e-002  
-5.226682e-002  
-5.179919e-002  
-5.154015e-002  
-5.062526e-002  
-4.990593e-002  
-4.949859e-002  
-4.889284e-002  
-4.712623e-002  
-4.846241e-002  
-4.666973e-002  
-4.683261e-002  
-4.596905e-002  
-4.472728e-002  
-4.501743e-002  
-4.379005e-002  
-4.376163e-002  
-4.335608e-002  
-4.082977e-002  
-4.876266e-002  
-3.581239e-002  
-4.162915e-002  
-4.099659e-002  
-4.005348e-002  
-3.997931e-002  
-3.820716e-002  
-3.908031e-002  
-3.789243e-002  
-3.824816e-002  
-3.719483e-002  
-3.701559e-002  
-3.652956e-002  
-3.549096e-002  
-3.587387e-002  
-3.493633e-002  
-3.566048e-002  
-3.452804e-002  
-3.285545e-002  
-3.390567e-002  
-3.362467e-002  
-3.278241e-002  
-3.259647e-002  
-3.179914e-002  
-3.136894e-002  
-3.158722e-002  
-3.152676e-002  
-3.090691e-002  
-2.940301e-002  
-3.095605e-002  
-2.918702e-002  
-2.907564e-002  
-3.099072e-002  
-2.625053e-002  
-2.886997e-002  
-2.928294e-002  
-2.741788e-002  
-2.744201e-002  
-2.606559e-002  
-2.735750e-002  
-2.620923e-002  
-2.794364e-002  
-2.384267e-002  
-2.593596e-002  
-2.753250e-002  
-2.315367e-002  
-2.519154e-002  
-2.444811e-002  
-2.475167e-002  
-2.320419e-002  
-2.348354e-002  
-2.471203e-002  
-2.325562e-002  
-2.181719e-002  
-2.351079e-002  
-2.204223e-002  
-2.278917e-002  
-2.044567e-002  
-2.316143e-002  
-2.008078e-002  
-2.239150e-002  
-2.045942e-002  
-2.139385e-002  
-1.994242e-002  
-2.082621e-002  
-2.027721e-002  
-1.904880e-002  
-2.006685e-002  
-2.020355e-002  
-1.818148e-002  
-1.957087e-002  
-1.744194e-002  
-1.952450e-002  
-1.954506e-002  
-1.764743e-002  
-1.664695e-002  
-1.759543e-002  
-1.870538e-002  
-1.758868e-002  
-1.570646e-002  
-1.694168e-002  
-1.780633e-002  
-1.752408e-002  
-1.418458e-002  
-1.832927e-002  
-1.278050e-002  
-2.047965e-002  
-1.198367e-002  
-1.591269e-002  
-1.510200e-002  
-1.601455e-002  
-1.427014e-002  
-1.344568e-002  
-1.758252e-002  
-1.050330e-002  
-1.628225e-002  
-1.283050e-002  
-1.430278e-002  
-1.311718e-002  
-1.196077e-002  
-1.549543e-002  
-1.166960e-002  
-1.346703e-002  
-1.148129e-002  
-1.699043e-002  
-1.039772e-002  
-1.391409e-002  
-8.182699e-003  
-1.235973e-002  
-1.513530e-002  
-9.640776e-003  
-1.234107e-002  
-1.276120e-002  
-6.954320e-003  
-1.533627e-002  
-9.196350e-003  
-1.059087e-002  
-1.036862e-002  
-1.042212e-002  
-1.288958e-002  
-7.884858e-003  
-1.266502e-002  
-7.294055e-003  
-9.544939e-003  
-1.686873e-002  
-4.919382e-003  
-8.804549e-003  
-7.631723e-003  
-1.839343e-002  
-1.353901e-004  
-1.110779e-002  
-8.554013e-003  
-8.889379e-003  
-6.983584e-003  
-9.955203e-003  
-8.341931e-003  
-6.813759e-003  
-1.078451e-002  
-4.492398e-003  
-9.386323e-003  
-6.385269e-003  
-5.979771e-003  
-8.275863e-003  
-1.002831e-002  
-5.516337e-003  
-5.534323e-003  
-7.536024e-003  
-6.555112e-003  
-8.259663e-003  
-2.071932e-003  
-9.516120e-003  
-5.176466e-003  
-3.974961e-003  
-5.333383e-003  
-8.245979e-003  
-5.325997e-003  
-6.354569e-003  
-9.239642e-003  
1.696816e-003  
-6.940747e-003  
-6.802099e-003  
-5.376266e-003  
-4.663814e-003  
-3.436562e-004  
-7.406993e-003  
-6.167764e-003  
-4.248425e-003  
-4.889017e-003  
-6.918071e-003  
3.028642e-004  
-7.821573e-003  
-3.146024e-003  
-5.264532e-003  
-3.797691e-004  
-6.945625e-003  
-1.790393e-004  
-6.552937e-003  
-2.805006e-003  
-1.364613e-003  
-1.540283e-003  
-6.043101e-003  
-4.332801e-003  
1.187995e-005  
-9.943992e-004  
-5.132288e-003  
-1.651449e-003  
-5.244633e-003  
-1.361966e-003  
-3.603522e-003  
-6.704163e-004  
-1.452338e-003  
-3.634779e-003  
-3.447844e-003  
1.468597e-003  
-4.083026e-003  
-1.923401e-003  
3.880560e-004  
-4.550567e-003  
2.202407e-003  
-2.441218e-003  
-1.914904e-003  
5.695876e-004  
-7.883603e-003  
3.956996e-003  
-4.676357e-005  
-3.630018e-003  
5.224660e-003  
-3.349366e-003  
-3.461258e-003  
4.433854e-003  
-2.396733e-003  
2.774931e-004  
-2.280077e-003  
-1.856036e-003  
4.650611e-003  
-4.191410e-003  
6.060906e-003  
-8.843445e-003  
7.937072e-003  
-1.554079e-004  
-1.056854e-003  
-5.817729e-003  
1.007638e-002  
1.336541e-003  
-3.926217e-003  
4.874635e-003  
-1.383087e-003  
5.154777e-005  
9.943470e-004  
2.019507e-003  
-4.288200e-004  
2.258809e-003  
1.956489e-003  
-2.987571e-004  
7.734105e-003  
-2.812536e-003  
2.214382e-003  
1.760472e-003  
-5.823039e-004  
1.549955e-003  
6.666562e-003  
-3.503599e-003  
1.659139e-003  
3.833113e-003  
1.584709e-003  
8.846559e-004  
7.324197e-003  
-7.278640e-004  
4.953555e-003  
-3.309277e-003  
8.842546e-003  
1.405954e-003  
-3.448472e-003  
8.653063e-003  
2.562783e-003  
5.955694e-003  
-4.464068e-003  
1.650658e-002  
-5.526557e-003  
5.992882e-003  
4.339987e-003  
4.570228e-003  
1.494121e-003  
2.155607e-003  
3.133539e-003  
1.026305e-002  
-1.171781e-004  
5.241670e-004  
5.995289e-003  
1.001378e-002  
-2.247140e-003  
9.939034e-003  
-1.321297e-003  
8.185261e-003  
9.105303e-003  
4.712581e-003  
6.465309e-003  
-5.603301e-003  
1.682503e-002  
-1.467731e-003  
9.955457e-003  
-1.171603e-003  
5.942928e-003  
8.234277e-003  
1.039617e-003  
1.220003e-002  
4.096854e-003  
5.578253e-003  
5.159955e-004  
1.317675e-002  
-1.636329e-003  
8.936103e-003  
6.880084e-003  
3.850074e-003  
8.128302e-003  
7.995639e-003  
3.020598e-003  
2.737342e-003  
1.035211e-002  
1.388014e-002  
-1.958087e-003  
8.382374e-003  
8.006261e-003  
-1.445597e-003  
1.796529e-002  
3.938803e-003  
-3.255904e-004  
1.156860e-002  
5.252877e-003  
1.040316e-002  
4.665263e-003  
1.052626e-002  
3.518304e-003  
3.232080e-003  
1.632331e-002  
3.346847e-003  
7.151144e-003  
1.001156e-002  
4.011238e-003  
1.166556e-002  
4.011065e-003  
8.201124e-003  
6.968227e-003  
8.497081e-003  
6.243316e-003  
8.812699e-003  
9.864959e-003  
6.636496e-003  
1.153077e-002  
-1.428947e-004  
1.039994e-002  
1.585107e-002  
-2.151933e-003  
1.529910e-002  
8.305762e-003  
1.895303e-003  
4.965585e-003  
2.796978e-002  
-6.625821e-003  
1.674829e-002  
2.448076e-003  
9.168917e-003  
1.675694e-002  
2.481490e-004  
1.074814e-002  
2.007132e-002  
-3.894279e-004  
1.126994e-002  
1.297157e-002  
8.807505e-003  
5.553028e-003  
9.901576e-003  
1.130792e-002  
5.066109e-003  
1.229915e-002  
1.106268e-002  
7.161185e-003  
1.188672e-002  
1.183598e-002  
-3.260071e-004  
2.583561e-002  
4.565982e-003  
5.984725e-003  
1.884862e-002  
6.003402e-003  
5.793609e-003  
6.135997e-003  
2.033525e-002  
8.461457e-003  
4.747380e-003  
1.624287e-002  
1.110056e-002  
8.485164e-003  
9.146790e-003  
1.424262e-002  
1.429241e-002  
3.955683e-003  
1.683760e-002  
5.205967e-003  
9.467221e-003  
1.900299e-002  
1.003066e-002  
5.860128e-003  
1.957186e-002  
2.001096e-003  
1.920824e-002  
4.696772e-003  
1.866165e-002  
5.766230e-003  
1.885843e-002  
7.948017e-003  
1.770090e-002  
1.154927e-002  
5.091847e-003  
2.016192e-002  
1.100887e-002  
7.340938e-003  
1.834026e-002  
9.373512e-003  
2.174332e-002  
1.279124e-003  
2.274303e-002  
3.437911e-003  
1.497775e-002  
1.615188e-002  
1.007630e-002  
1.339197e-002  
1.226344e-002  
2.159281e-002  
1.407570e-003  
1.787957e-002  
1.919927e-002  
3.735797e-003  
1.836426e-002  
1.290881e-002  
1.532953e-002  
7.358294e-003  
1.485076e-002  
7.676374e-003  
2.401813e-002  
9.981904e-003  
1.340273e-002  
1.779835e-002  
3.689456e-003  
2.126703e-002  
1.485326e-002  
1.907055e-002  
3.565636e-003  
2.421870e-002  
1.179137e-002  
1.538795e-002  
1.671336e-002  
