0.04693448
0.04705852
0.04738983
0.04716635
0.04731475
0.04689343
0.04705077
0.04707583
0.04691990
0.04710186
0.04711138
0.04693495
0.04690612
0.04716360
0.04754910
0.04719688
0.04696763
0.04756561
0.04724744
0.04737146
0.04725219
0.04744487
0.04766916
0.04740112
0.04748972
0.04765438
0.04783805
0.04781730
0.04744270
0.04808325
0.04830502
0.04770184
0.04779235
0.04803072
0.04829177
0.04820880
0.04817079
0.04839639
0.04832995
0.04833754
0.04823130
0.04829001
0.04860716
0.04868662
0.04846625
0.04895826
0.04898391
0.04897142
0.04866312
0.04895286
0.04885181
0.04927344
0.04897962
0.04932944
0.04938205
0.04963571
0.04933942
0.04967355
0.04988337
0.04967533
0.04951017
0.04959224
0.05006113
0.05018286
0.05007147
0.05045294
0.05028095
0.05034667
0.05064041
0.05065157
0.05095578
0.05086102
0.05091837
0.05107124
0.05137422
0.05128217
0.05148163
0.05156024
0.05168933
0.05155386
0.05184257
0.05219532
0.05234970
0.05227835
0.05237740
0.05276502
0.05315965
0.05299623
0.05297901
0.05340603
0.05355577
0.05367571
0.05388346
0.05418207
0.05420601
0.05436055
0.05456487
0.05492029
0.05517494
0.05521831
0.05509622
0.05561176
0.05608886
0.05602789
0.05623466
0.05657463
0.05693626
0.05708607
0.05741834
0.05757676
0.05796657
0.05793521
0.05816680
0.05839265
0.05869626
0.05904220
0.05912067
0.05980872
0.06042601
0.06047067
0.06059173
0.06122870
0.06128640
0.06157393
0.06197044
0.06237965
0.06235002
0.06284480
0.06240512
0.06353600
0.06377926
0.06422643
0.06480016
0.06464649
0.06529117
0.06584269
0.06649882
0.06683145
0.06663824
0.06773173
0.06777239
0.06816922
0.06817170
0.06898639
0.07073551
0.06992087
0.07063070
0.07087624
0.07137745
0.07237530
0.07298803
0.07253199
0.07355139
0.07511289
0.07585453
0.07554765
0.07621451
0.07742168
0.07894666
0.07892608
0.07865658
0.07999298
0.08167156
0.08202406
0.08296342
0.08292948
0.08456812
0.08487127
0.08644032
0.08719795
0.08866490
0.08942401
0.09000667
0.09168251
0.09387334
0.09407046
0.09641007
0.09794094
0.09789883
0.09921858
0.10057009
0.10278214
0.10490844
0.10574144
0.10785668
0.11033532
0.11093138
0.11316333
0.11528105
0.12023383
0.12103161
0.12198838
0.12409845
0.12572037
0.12951809
0.13116525
0.13585497
0.13963041
0.14115180
0.14583990
0.15051755
0.15312338
0.15793240
0.16259323
0.16663963
0.17164104
0.17994678
0.18387370
0.19130541
0.19866127
0.20616080
0.21611302
0.22295271
0.23512878
0.24702765
0.25976878
0.27237678
0.28944281
0.30874670
0.33050033
0.35506901
0.38326940
0.41849628
0.46004772
0.51129878
0.57448989
0.65590852
0.76639956
0.91374326
1.11209631
1.27581191
-0.88381165
167.67144775
14.62381935
-1.11015463
-1.15093935
-0.94255143
-0.77479821
-0.65208644
-0.56092113
-0.49014306
-0.43353277
-0.39035371
-0.35396090
-0.32170236
-0.29452789
-0.27347696
-0.25417021
-0.23558402
-0.22198322
-0.20734590
-0.19496614
-0.18336096
-0.17338483
-0.16479948
-0.15791869
-0.14984539
-0.14217933
-0.13769111
-0.13220537
-0.12607785
-0.12000156
-0.11512812
-0.11102826
-0.10758904
-0.10239989
-0.09869145
-0.09551666
-0.09237709
-0.08873102
-0.08704334
-0.08311187
-0.08102788
-0.07894369
-0.07591706
-0.07396442
-0.07142962
-0.06954627
-0.06679026
-0.06499080
-0.06335247
-0.06180542
-0.06027973
-0.05860093
-0.05689716
-0.05547399
-0.05377533
-0.05228484
-0.05153558
-0.04988760
-0.04888355
-0.04844378
-0.04681636
-0.04468823
-0.04375847
-0.04339353
-0.04267569
-0.04108568
-0.04010148
-0.03825105
-0.03793172
-0.03722031
-0.03655669
-0.03590282
-0.03568270
-0.03286443
-0.03364265
-0.03261008
-0.03138234
-0.03152992
-0.02941416
-0.02921661
-0.03022316
-0.02878639
-0.02743422
-0.02607856
-0.02622299
-0.02384383
-0.02754059
-0.02520452
-0.02475362
-0.02347826
-0.02325822
-0.02350917
-0.02278939
-0.02315275
-0.02239073
-0.02139936
-0.02010481
-0.01897312
-0.02020999
-0.01957390
-0.01952989
-0.01764386
-0.01759688
-0.01759499
-0.01694639
-0.01751679
-0.01833192
-0.02047785
-0.01591171
-0.01600707
-0.01344376
-0.01051283
-0.01229141
-0.01304168
-0.01549679
-0.01346474
-0.01699070
-0.01390532
-0.01235242
-0.00963570
-0.01274246
-0.01530982
-0.01056726
-0.01039147
-0.00784989
-0.00724376
-0.01681825
-0.00885244
-0.01059968
-0.01042163
-0.00894802
-0.01001204
-0.00686105
-0.00452765
-0.00641973
-0.00830964
-0.00554264
-0.00755488
-0.00827908
-0.00953430
-0.00399554
-0.00825956
-0.00637073
0.00166894
-0.00645009
-0.00462506
-0.00742593
-0.00426407
-0.00693184
-0.00782968
-0.00527366
-0.00695974
-0.00655366
-0.00136219
-0.00604481
0.00001104
-0.00513322
-0.00524234
-0.00360543
-0.00145857
-0.00296343
-0.00403322
0.00038420
0.00219744
-0.00191927
-0.00788342
-0.00004871
0.00521922
-0.00346710
-0.00239641
-0.00228379
0.00464887
0.00605990
0.00793940
-0.00105965
0.01006883
-0.00356933
-0.00134135
0.00098774
-0.00043338
0.00195320
0.00773438
0.00221188
-0.00058715
0.00667388
0.00166567
0.00159059
0.00733092
0.00495882
0.00885625
-0.00343767
0.00254858
-0.00239105
-0.00534035
0.00432479
0.00147824
0.00311756
-0.00012431
0.00598781
-0.00225989
-0.00133034
0.00910255
0.00646081
0.01682225
0.00995215
0.00594249
0.00103778
0.00408375
0.00078148
-0.00160446
0.00687360
0.00812240
0.00301599
0.01035146
-0.00196199
0.00800282
0.01796646
-0.00032213
0.00525386
0.00466787
0.00351905
0.01632871
0.00715482
0.00400960
0.00437381
0.00700615
0.00624341
0.00986578
0.01153094
0.01040381
-0.00215154
0.00830526
0.00497088
-0.00662154
0.00245145
0.01676258
0.01075260
-0.00038102
0.01297693
0.00554932
0.01153689
0.01233828
0.00716778
0.01184327
0.02584578
0.00599720
0.00601635
0.00614865
0.00848105
0.01627032
0.00851276
0.01427669
0.00399557
0.00525826
0.01906167
0.00581003
0.01049965
0.00543607
0.00570389
0.00788563
0.01149680
0.02012211
0.00730338
0.00933803
0.00124631
0.00341350
0.01612991
0.01337188
0.02157237
0.01786337
0.00371726
0.01288646
0.00757196
0.00768875
0.00996533
0.01778347
0.02125293
0.01905976
0.02420734
0.01537386
