-0.00023993
-0.00011493
0.00017936
0.00003813
0.00004576
-0.00027399
-0.00016728
-0.00015265
-0.00030348
-0.00016387
-0.00014366
-0.00032678
-0.00035416
-0.00013609
0.00016116
-0.00007625
-0.00031205
0.00003724
-0.00008576
-0.00005568
-0.00018848
-0.00003427
0.00012809
-0.00011447
-0.00009066
0.00006136
0.00014738
0.00009673
-0.00014213
0.00027567
0.00039967
-0.00004743
-0.00007935
0.00004606
0.00027084
0.00020754
0.00013005
0.00025186
0.00016421
0.00004301
-0.00006183
0.00003387
0.00013244
0.00014814
0.00004839
0.00032442
0.00030244
0.00020583
-0.00010410
0.00002313
-0.00002676
0.00017154
-0.00012232
0.00013642
0.00016288
0.00017265
-0.00006272
0.00016621
0.00023974
-0.00001308
-0.00029364
-0.00027168
0.00008021
0.00005940
-0.00008840
0.00011608
-0.00006710
-0.00012634
-0.00002343
-0.00002069
0.00010557
-0.00006102
-0.00014504
-0.00012958
0.00006444
-0.00009445
-0.00010327
-0.00011888
-0.00014323
-0.00034028
-0.00025255
-0.00006444
-0.00002342
-0.00022388
-0.00026173
-0.00005600
0.00011714
-0.00008984
-0.00025721
-0.00011145
-0.00007168
-0.00009372
-0.00007164
0.00001557
-0.00009843
-0.00014782
-0.00011331
0.00006426
0.00007345
-0.00009730
-0.00026938
-0.00004650
0.00013108
-0.00004215
-0.00004974
0.00005283
0.00015614
0.00012165
0.00018759
0.00014527
0.00025742
-0.00002648
-0.00006856
0.00001481
-0.00004140
-0.00000300
-0.00006040
0.00029267
0.00058991
0.00035339
0.00022592
0.00046510
0.00028875
0.00026117
0.00028252
0.00036629
0.00016283
0.00006058
-0.00050916
0.00012055
0.00007453
0.00015344
0.00024922
-0.00016147
0.00007305
0.00022638
0.00035290
0.00018144
-0.00016420
0.00030815
-0.00010724
-0.00018115
-0.00046214
-0.00014490
0.00073871
-0.00025194
-0.00016199
-0.00041674
-0.00045452
-0.00008514
-0.00018806
-0.00093290
-0.00061134
0.00012990
0.00022779
-0.00048969
-0.00058450
-0.00002583
0.00052763
-0.00019936
-0.00099479
-0.00060502
0.00022212
-0.00001750
-0.00013920
-0.00086227
-0.00039272
-0.00064772
-0.00021341
-0.00039087
-0.00016374
-0.00044371
-0.00071915
-0.00034653
0.00037160
-0.00023069
0.00084221
0.00090384
-0.00046144
-0.00043408
-0.00059211
0.00020037
0.00067040
-0.00021147
0.00017261
0.00077405
-0.00019139
-0.00008652
0.00023623
0.00247532
0.00141242
-0.00002926
-0.00039251
-0.00104997
-0.00048393
-0.00125214
0.00000727
0.00060340
-0.00078107
-0.00003689
0.00067296
-0.00035690
-0.00005409
-0.00010690
-0.00091994
-0.00113903
0.00086827
-0.00051244
-0.00028573
-0.00043262
-0.00034233
0.00043070
-0.00148445
-0.00016459
0.00015723
-0.00019609
-0.00198426
-0.00155001
-0.00090157
-0.00072014
-0.00121168
-0.00245734
-0.00235454
-0.00291040
-0.00428135
-0.00704202
-0.01122105
-0.01687877
-0.03059837
-0.06344467
-0.15501249
3.43814468
137.00007629
36.23479462
0.18109494
0.09222873
0.04029701
0.02144735
0.01289877
0.00779078
0.00538816
0.00466050
0.00212642
0.00076215
0.00154864
0.00172939
0.00001224
-0.00015340
0.00080695
-0.00046672
0.00027411
0.00059004
0.00105065
0.00124225
0.00087415
-0.00047947
-0.00011659
0.00062800
-0.00084920
-0.00132668
-0.00075856
0.00005086
0.00026330
-0.00011435
-0.00057812
0.00035517
0.00043072
0.00017870
0.00010674
0.00048113
-0.00044771
0.00029315
-0.00009629
-0.00040253
0.00002206
-0.00021133
0.00006791
0.00000925
0.00060445
0.00052390
0.00024831
0.00006516
-0.00006255
-0.00000670
0.00013431
0.00010361
0.00031677
0.00035279
-0.00008877
0.00015252
-0.00019993
-0.00074484
-0.00023194
0.00048285
0.00036973
-0.00024994
-0.00056789
0.00002350
0.00020788
0.00077853
0.00042478
0.00025399
-0.00007827
-0.00024647
-0.00049756
0.00084933
-0.00016586
-0.00009845
0.00026355
-0.00017921
0.00085750
0.00045594
-0.00108108
-0.00028214
0.00047718
0.00080431
0.00066015
0.00174792
-0.00162824
-0.00056844
-0.00042513
0.00028471
0.00002965
-0.00076547
-0.00070070
-0.00142337
-0.00104946
-0.00055419
0.00022648
0.00083739
-0.00057305
-0.00077442
-0.00058801
0.00032265
0.00008150
-0.00017205
-0.00001871
-0.00076873
-0.00233007
-0.00420009
-0.00099491
-0.00072960
0.00124592
0.00335510
0.00163177
0.00028412
-0.00192520
-0.00076425
-0.00329657
-0.00211944
-0.00034042
0.00212079
-0.00147403
-0.00377801
-0.00021801
0.00053179
0.00249890
0.00220777
-0.00535415
-0.00055240
-0.00138475
-0.00140135
-0.00047769
-0.00123817
0.00137818
0.00292913
0.00076191
-0.00031592
0.00127346
-0.00075030
-0.00192911
-0.00306965
0.00099399
-0.00165799
0.00020539
0.00543824
-0.00038064
-0.00050138
-0.00220032
0.00067442
-0.00230264
-0.00327802
-0.00162194
-0.00331469
-0.00267461
0.00077623
-0.00192530
0.00174528
-0.00200861
-0.00199794
-0.00124309
0.00047452
-0.00083219
-0.00189157
0.00187501
0.00306510
-0.00047209
-0.00548391
0.00009496
0.00473712
-0.00225343
-0.00225410
-0.00102895
0.00408563
0.00621086
0.00659907
0.00030261
0.00696352
-0.00358532
-0.00186613
0.00003527
-0.00135970
0.00047123
0.00503507
0.00122691
-0.00135835
0.00417442
0.00053198
-0.00045193
0.00395379
0.00323843
0.00529854
-0.00478062
-0.00190229
-0.00622179
-0.00814469
-0.00012172
-0.00119786
-0.00128583
-0.00307894
0.00075122
-0.00629779
-0.00546733
0.00197559
0.00294162
0.01065776
0.00549765
0.00113460
-0.00459415
-0.00217981
-0.00433998
-0.00651269
0.00044135
0.00135411
-0.00168188
0.00175701
-0.00706075
0.00212526
0.00918703
-0.00480145
-0.00256297
-0.00278262
-0.00217780
0.00716440
0.00007869
-0.00342559
-0.00277904
-0.00055319
-0.00129272
0.00128365
0.00404113
0.00158376
-0.00928004
-0.00003919
-0.00464981
-0.01479873
-0.00553627
0.00646763
0.00053721
-0.00856260
0.00204629
-0.00235723
0.00215515
0.00235966
-0.00230071
0.00269823
0.01282473
-0.00325304
-0.00330975
-0.00355843
-0.00204669
0.00454972
-0.00122239
0.00179961
-0.00609647
-0.00442665
0.00543693
-0.00457554
-0.00193967
-0.00525760
-0.00647626
-0.00500670
-0.00014933
0.00654050
-0.00410054
-0.00485646
-0.01072612
-0.00807425
0.00222798
0.00088426
0.00766278
0.00404004
-0.00805517
-0.00148854
-0.00410129
-0.00578303
-0.00425950
0.00447633
0.00624584
0.00477848
0.00857139
0.00048478
