Frequency (Hz)	Level (dB)
10.766602	-59.702908
21.533203	-62.370815
32.299805	-61.328735
43.066406	-59.651894
53.833008	-57.132500
64.599609	-57.279186
75.366211	-60.882973
86.132813	-70.823822
96.899414	-59.673286
107.666016	-54.821224
118.432617	-57.600060
129.199219	-69.353828
139.965820	-72.948769
150.732422	-60.006077
161.499023	-55.859905
172.265625	-55.828686
183.032227	-53.339592
193.798828	-53.213135
204.565430	-55.447277
215.332031	-56.068718
226.098633	-57.481277
236.865234	-50.741688
247.631836	-43.585072
258.398438	-44.032631
269.165039	-49.843590
279.931641	-49.080566
290.698242	-56.891949
301.464844	-50.038570
312.231445	-57.957382
322.998047	-61.282078
333.764648	-61.124714
344.531250	-55.061646
355.297852	-43.119816
366.064453	-41.284260
376.831055	-46.247494
387.597656	-53.711803
398.364258	-55.460495
409.130859	-62.729465
419.897461	-54.707699
430.664063	-54.466267
441.430664	-57.004417
452.197266	-61.820580
462.963867	-60.440365
473.730469	-69.327881
484.497070	-66.990135
495.263672	-60.177155
506.030273	-60.139118
516.796875	-57.649349
527.563477	-55.723560
538.330078	-51.862301
549.096680	-53.658169
559.863281	-55.468033
570.629883	-52.284275
581.396484	-51.169071
592.163086	-56.708031
602.929688	-60.986538
613.696289	-62.639774
624.462891	-57.335369
635.229492	-64.226837
645.996094	-45.186234
656.762695	-43.267448
667.529297	-36.502674
678.295898	-25.562149
689.062500	-12.615494
699.829102	-9.199828
710.595703	-14.986369
721.362305	-33.243397
732.128906	-38.274761
742.895508	-41.643879
753.662109	-47.161827
764.428711	-50.869877
775.195313	-52.316036
785.961914	-52.687748
796.728516	-53.466400
807.495117	-59.279549
818.261719	-59.269485
829.028320	-59.062958
839.794922	-65.852455
850.561523	-68.066536
861.328125	-63.993305
872.094727	-58.611839
882.861328	-60.319405
893.627930	-59.705700
904.394531	-69.543983
915.161133	-63.465916
925.927734	-60.594933
936.694336	-66.983955
947.460938	-62.451305
958.227539	-61.633736
968.994141	-68.328064
979.760742	-69.828995
990.527344	-62.832188
1001.293945	-66.784782
1012.060547	-64.663795
1022.827148	-68.578239
1033.593750	-61.253685
1044.360352	-62.790359
1055.126953	-64.342865
1065.893555	-54.699162
1076.660156	-52.478703
1087.426758	-53.823906
1098.193359	-54.948532
1108.959961	-55.565319
1119.726563	-58.027794
1130.493164	-56.472748
1141.259766	-66.310295
1152.026367	-62.252029
1162.792969	-67.077690
1173.559570	-55.434830
1184.326172	-54.884983
1195.092773	-58.359871
1205.859375	-56.095440
1216.625977	-58.270348
1227.392578	-62.996605
1238.159180	-60.935562
1248.925781	-60.509563
1259.692383	-54.767845
1270.458984	-55.307629
1281.225586	-53.924999
1291.992188	-52.820438
1302.758789	-56.347599
1313.525391	-55.710957
1324.291992	-53.048058
1335.058594	-55.237747
1345.825195	-55.529907
1356.591797	-47.461128
1367.358398	-44.251106
1378.125000	-27.206514
1388.891602	-16.845865
1399.658203	-15.564560
1410.424805	-22.926918
1421.191406	-40.300732
1431.958008	-46.959671
1442.724609	-49.042393
1453.491211	-50.580643
1464.257813	-53.040562
1475.024414	-46.942322
1485.791016	-46.703339
1496.557617	-54.239010
1507.324219	-59.633369
1518.090820	-52.507229
1528.857422	-50.760384
1539.624023	-55.044579
1550.390625	-64.180870
1561.157227	-62.219528
1571.923828	-65.826675
1582.690430	-64.480507
1593.457031	-60.139427
1604.223633	-64.521561
1614.990234	-66.210701
1625.756836	-72.211723
1636.523438	-71.987236
1647.290039	-62.086102
1658.056641	-60.854160
1668.823242	-60.440460
1679.589844	-59.580544
1690.356445	-62.111946
1701.123047	-68.915192
1711.889648	-63.255840
1722.656250	-68.982155
1733.422852	-66.657837
1744.189453	-65.756569
1754.956055	-84.854027
1765.722656	-88.850838
1776.489258	-66.916809
1787.255859	-64.397011
1798.022461	-75.834244
1808.789063	-74.111206
1819.555664	-75.340683
1830.322266	-73.958694
1841.088867	-73.037727
1851.855469	-69.640831
1862.622070	-64.456573
1873.388672	-67.324448
1884.155273	-69.327187
1894.921875	-68.809128
1905.688477	-73.456749
1916.455078	-70.243568
1927.221680	-63.544556
1937.988281	-65.822708
1948.754883	-59.759636
1959.521484	-66.025604
1970.288086	-62.299576
1981.054688	-57.575748
1991.821289	-58.754776
2002.587891	-61.545334
2013.354492	-60.208328
2024.121094	-59.464577
2034.887695	-59.750549
2045.654297	-58.269276
2056.420898	-53.791237
2067.187500	-49.380939
2077.954102	-35.810631
2088.720703	-24.538025
2099.487305	-23.287895
2110.253906	-31.827913
2121.020508	-53.703903
2131.787109	-54.794765
2142.553711	-52.515549
2153.320313	-48.556053
2164.086914	-51.409866
2174.853516	-59.440208
2185.620117	-74.893745
2196.386719	-60.464008
2207.153320	-57.298706
2217.919922	-56.893135
2228.686523	-57.990448
2239.453125	-62.354778
2250.219727	-62.173397
2260.986328	-68.975441
2271.752930	-65.453644
2282.519531	-62.982998
2293.286133	-70.364319
2304.052734	-60.803402
2314.819336	-61.666348
2325.585938	-60.235947
2336.352539	-61.262920
2347.119141	-67.985199
2357.885742	-74.385689
2368.652344	-72.713425
2379.418945	-66.695175
2390.185547	-71.958916
2400.952148	-77.808632
2411.718750	-78.682175
2422.485352	-70.621315
2433.251953	-70.919746
2444.018555	-76.669189
2454.785156	-74.788536
2465.551758	-69.254005
2476.318359	-70.210114
2487.084961	-85.933983
2497.851563	-81.049957
2508.618164	-82.759506
2519.384766	-96.479599
2530.151367	-77.291374
2540.917969	-75.136772
2551.684570	-72.376373
2562.451172	-77.346901
2573.217773	-73.817413
2583.984375	-76.177681
2594.750977	-78.479408
2605.517578	-73.301804
2616.284180	-70.240143
2627.050781	-68.793701
2637.817383	-74.599495
2648.583984	-74.367203
2659.350586	-65.880280
2670.117188	-64.285645
2680.883789	-58.814663
2691.650391	-58.177311
2702.416992	-64.837029
2713.183594	-78.681442
2723.950195	-61.636745
2734.716797	-56.829441
2745.483398	-65.647041
2756.250000	-63.919785
2767.016602	-56.284523
2777.783203	-38.075085
2788.549805	-25.923410
2799.316406	-23.037497
2810.083008	-28.682943
2820.849609	-43.493137
2831.616211	-44.858284
2842.382813	-47.041882
2853.149414	-52.428459
2863.916016	-55.464680
2874.682617	-57.220928
2885.449219	-61.621391
2896.215820	-60.853443
2906.982422	-62.519970
2917.749023	-72.486649
2928.515625	-69.526878
2939.282227	-67.782204
2950.048828	-68.553955
2960.815430	-66.604088
2971.582031	-65.600700
2982.348633	-64.013252
2993.115234	-67.273117
3003.881836	-71.079422
3014.648438	-67.513588
3025.415039	-71.414101
3036.181641	-96.118721
3046.948242	-82.031982
3057.714844	-81.380402
3068.481445	-81.510544
3079.248047	-83.449944
3090.014648	-82.997017
3100.781250	-84.149643
3111.547852	-77.879211
3122.314453	-79.619347
3133.081055	-75.584412
3143.847656	-77.546623
3154.614258	-77.622879
3165.380859	-79.738007
3176.147461	-84.837219
3186.914063	-89.237808
3197.680664	-71.790077
3208.447266	-65.322342
3219.213867	-65.708961
3229.980469	-70.088013
3240.747070	-68.632744
3251.513672	-70.074150
3262.280273	-66.601372
3273.046875	-65.970184
3283.813477	-66.171806
3294.580078	-70.361626
3305.346680	-66.284645
3316.113281	-62.231079
3326.879883	-67.030685
3337.646484	-65.739708
3348.413086	-59.070946
3359.179688	-58.448353
3369.946289	-60.044437
3380.712891	-60.175861
3391.479492	-57.433502
3402.246094	-59.361301
3413.012695	-64.766609
3423.779297	-59.507004
3434.545898	-63.093365
3445.312500	-55.636475
3456.079102	-58.102772
3466.845703	-51.753242
3477.612305	-46.862385
3488.378906	-31.533686
3499.145508	-23.776442
3509.912109	-24.718618
3520.678711	-35.258900
3531.445313	-74.988091
3542.211914	-60.932400
3552.978516	-60.390110
3563.745117	-68.591301
3574.511719	-61.573483
3585.278320	-52.024513
3596.044922	-50.471451
3606.811523	-52.635746
3617.578125	-55.512756
3628.344727	-59.378876
3639.111328	-58.541004
3649.877930	-58.824890
3660.644531	-64.542015
3671.411133	-68.977867
3682.177734	-64.162994
3692.944336	-70.822807
3703.710938	-61.632545
3714.477539	-59.584244
3725.244141	-60.929306
3736.010742	-66.433334
3746.777344	-66.053688
3757.543945	-69.209274
3768.310547	-79.682236
3779.077148	-82.408066
3789.843750	-78.578133
3800.610352	-71.476242
3811.376953	-65.565361
3822.143555	-72.052475
3832.910156	-70.799156
3843.676758	-74.239326
3854.443359	-72.737099
3865.209961	-72.428909
3875.976563	-73.740906
3886.743164	-69.713860
3897.509766	-77.634277
3908.276367	-76.591034
3919.042969	-72.340050
3929.809570	-74.102585
3940.576172	-72.614571
3951.342773	-72.218590
3962.109375	-77.352242
3972.875977	-70.455894
3983.642578	-68.093086
3994.409180	-71.988960
4005.175781	-73.698647
4015.942383	-77.410347
4026.708984	-87.022026
4037.475586	-81.847649
4048.242188	-67.106682
4059.008789	-63.390312
4069.775391	-64.278831
4080.541992	-66.278893
4091.308594	-66.309074
4102.075195	-66.386993
4112.841797	-60.197990
4123.608398	-58.059135
4134.375000	-65.734901
4145.141602	-65.183151
4155.908203	-61.344978
4166.674805	-62.349701
4177.441406	-57.185215
4188.208008	-44.711491
4198.974609	-33.464348
4209.741211	-30.983465
4220.507813	-37.288433
4231.274414	-44.115147
4242.041016	-48.891575
4252.807617	-57.238945
4263.574219	-66.368561
4274.340820	-57.141491
4285.107422	-53.228802
4295.874023	-52.446537
4306.640625	-54.878712
4317.407227	-62.607250
4328.173828	-67.588272
4338.940430	-70.161644
4349.707031	-79.947563
4360.473633	-72.844513
4371.240234	-67.740028
4382.006836	-68.418694
4392.773438	-70.556229
4403.540039	-72.209061
4414.306641	-74.148811
4425.073242	-69.462250
4435.839844	-63.702682
4446.606445	-63.083736
4457.373047	-64.782646
4468.139648	-66.848434
4478.906250	-66.818619
4489.672852	-67.324600
4500.439453	-69.664894
4511.206055	-73.871033
4521.972656	-80.618126
4532.739258	-85.061729
4543.505859	-84.922989
4554.272461	-84.611588
4565.039063	-78.662407
4575.805664	-83.095253
4586.572266	-81.956169
4597.338867	-88.050827
4608.105469	-81.444046
4618.872070	-75.402420
4629.638672	-74.046547
4640.405273	-75.535835
4651.171875	-79.350319
4661.938477	-77.786865
4672.705078	-88.492081
4683.471680	-77.429588
4694.238281	-77.877129
4705.004883	-72.345695
4715.771484	-73.584778
4726.538086	-81.060829
4737.304688	-73.685837
4748.071289	-69.308174
4758.837891	-66.970802
4769.604492	-68.400238
4780.371094	-68.202583
4791.137695	-64.175415
4801.904297	-60.796837
4812.670898	-62.302105
4823.437500	-67.134857
4834.204102	-74.276978
4844.970703	-85.029984
4855.737305	-75.044998
4866.503906	-64.610550
4877.270508	-53.762741
4888.037109	-52.091599
4898.803711	-54.996338
4909.570313	-43.702499
4920.336914	-35.823097
4931.103516	-36.125736
4941.870117	-45.111408
4952.636719	-57.308231
4963.403320	-61.652569
4974.169922	-66.989159
4984.936523	-71.116417
4995.703125	-61.008450
5006.469727	-62.082584
5017.236328	-68.540543
5028.002930	-64.703171
5038.769531	-62.908951
5049.536133	-65.668228
5060.302734	-74.638428
5071.069336	-70.724037
5081.835938	-74.552124
5092.602539	-67.711296
5103.369141	-80.537407
5114.135742	-72.234024
5124.902344	-68.914841
5135.668945	-70.387108
5146.435547	-73.961678
5157.202148	-73.083611
5167.968750	-73.361534
5178.735352	-75.185448
5189.501953	-76.960579
5200.268555	-82.243835
5211.035156	-83.403061
5221.801758	-82.139183
5232.568359	-73.771164
5243.334961	-73.873398
5254.101563	-81.201515
5264.868164	-87.618584
5275.634766	-85.220009
5286.401367	-89.697571
5297.167969	-78.107071
5307.934570	-73.123093
5318.701172	-73.595482
5329.467773	-77.307259
5340.234375	-84.772232
5351.000977	-94.376144
5361.767578	-76.423050
5372.534180	-71.460098
5383.300781	-83.824577
5394.067383	-79.513252
5404.833984	-81.149841
5415.600586	-76.816872
5426.367188	-82.528603
5437.133789	-82.030029
5447.900391	-77.393120
5458.666992	-72.880951
5469.433594	-76.682541
5480.200195	-77.031303
5490.966797	-74.315430
5501.733398	-77.710693
5512.500000	-74.098999
5523.266602	-71.702179
5534.033203	-69.334663
5544.799805	-65.438156
5555.566406	-65.936996
5566.333008	-69.773567
5577.099609	-74.570457
5587.866211	-62.833118
5598.632813	-56.875248
5609.399414	-59.704556
5620.166016	-41.729252
5630.932617	-28.535418
5641.699219	-24.348820
5652.465820	-28.023951
5663.232422	-41.706074
5673.999023	-66.658661
5684.765625	-64.886147
5695.532227	-60.558079
5706.298828	-71.433121
5717.065430	-77.436638
5727.832031	-65.964844
5738.598633	-66.650780
5749.365234	-72.164429
5760.131836	-70.490601
5770.898438	-69.696144
5781.665039	-68.513031
5792.431641	-73.346184
5803.198242	-74.355629
5813.964844	-73.158012
5824.731445	-72.432800
5835.498047	-72.131271
5846.264648	-79.333633
5857.031250	-75.629105
5867.797852	-74.457649
5878.564453	-70.453018
5889.331055	-64.884277
5900.097656	-63.162914
5910.864258	-65.416527
5921.630859	-65.026382
5932.397461	-63.601887
5943.164063	-66.763901
5953.930664	-72.585587
5964.697266	-79.333511
5975.463867	-73.612801
5986.230469	-77.198105
5996.997070	-82.277466
6007.763672	-78.706917
6018.530273	-81.374924
6029.296875	-78.981819
6040.063477	-73.531815
6050.830078	-73.540337
6061.596680	-70.983299
6072.363281	-70.212906
6083.129883	-78.487061
6093.896484	-70.430794
6104.663086	-72.994377
6115.429688	-82.390549
6126.196289	-90.313950
6136.962891	-83.436943
6147.729492	-82.494514
6158.496094	-86.703529
6169.262695	-80.297371
6180.029297	-73.553757
6190.795898	-72.198364
6201.562500	-74.920837
6212.329102	-79.375099
6223.095703	-74.639824
6233.862305	-72.685661
6244.628906	-76.868126
6255.395508	-73.521080
6266.162109	-66.834427
6276.928711	-65.106834
6287.695313	-66.693932
6298.461914	-66.959244
6309.228516	-66.953850
6319.995117	-74.599724
6330.761719	-62.618244
6341.528320	-55.851048
6352.294922	-50.320992
6363.061523	-50.047462
6373.828125	-52.768974
6384.594727	-58.596191
6395.361328	-57.074303
6406.127930	-55.207676
6416.894531	-69.208725
6427.661133	-67.230507
6438.427734	-75.435371
6449.194336	-72.290306
6459.960938	-69.091362
6470.727539	-69.789429
6481.494141	-69.576172
6492.260742	-68.951454
6503.027344	-67.769394
6513.793945	-66.527168
6524.560547	-69.096779
6535.327148	-71.279961
6546.093750	-73.700630
6556.860352	-80.314278
6567.626953	-98.634583
6578.393555	-81.158737
6589.160156	-87.673515
6599.926758	-79.812668
6610.693359	-73.715942
6621.459961	-69.102097
6632.226563	-67.137100
6642.993164	-66.517258
6653.759766	-67.533310
6664.526367	-67.203720
6675.292969	-66.484940
6686.059570	-65.714531
6696.826172	-66.986801
6707.592773	-71.665031
6718.359375	-70.354622
6729.125977	-72.282242
6739.892578	-83.308029
6750.659180	-76.683807
6761.425781	-73.279190
6772.192383	-70.381905
6782.958984	-67.307335
6793.725586	-68.821983
6804.492188	-72.560051
6815.258789	-70.574829
6826.025391	-67.284103
6836.791992	-64.801590
6847.558594	-63.745464
6858.325195	-66.036438
6869.091797	-67.908493
6879.858398	-69.822189
6890.625000	-72.300072
6901.391602	-74.044090
6912.158203	-73.546066
6922.924805	-66.448074
6933.691406	-67.989586
6944.458008	-70.806953
6955.224609	-71.760559
6965.991211	-74.909195
6976.757813	-79.464325
6987.524414	-72.390205
6998.291016	-66.614372
7009.057617	-69.147644
7019.824219	-67.327644
7030.590820	-64.808685
7041.357422	-64.189178
7052.124023	-63.137066
7062.890625	-60.278221
7073.657227	-47.052738
7084.423828	-37.676075
7095.190430	-35.434078
7105.957031	-39.422203
7116.723633	-51.164684
7127.490234	-64.374657
7138.256836	-64.857864
7149.023438	-72.596382
7159.790039	-78.378304
7170.556641	-73.790092
7181.323242	-70.800827
7192.089844	-68.913132
7202.856445	-69.089142
7213.623047	-75.937347
7224.389648	-86.082642
7235.156250	-83.167427
7245.922852	-82.788383
7256.689453	-78.474342
7267.456055	-76.215584
7278.222656	-82.772179
7288.989258	-85.465569
7299.755859	-81.829796
7310.522461	-88.490738
7321.289063	-84.025368
7332.055664	-77.277428
7342.822266	-71.319275
7353.588867	-73.626900
7364.355469	-88.178802
7375.122070	-73.126831
7385.888672	-68.293037
7396.655273	-70.981895
7407.421875	-91.760094
7418.188477	-80.310143
7428.955078	-80.768463
7439.721680	-67.595711
7450.488281	-65.356148
7461.254883	-71.344818
7472.021484	-77.226349
7482.788086	-77.998886
7493.554688	-77.365601
7504.321289	-85.914673
7515.087891	-87.626724
7525.854492	-98.903633
7536.621094	-82.524879
7547.387695	-87.800201
7558.154297	-82.626854
7568.920898	-71.556168
7579.687500	-70.369026
7590.454102	-74.556641
7601.220703	-78.126503
7611.987305	-72.098785
7622.753906	-69.469002
7633.520508	-72.221237
7644.287109	-75.137238
7655.053711	-72.550499
7665.820313	-72.144829
7676.586914	-76.528175
7687.353516	-73.871819
7698.120117	-66.299751
7708.886719	-65.510155
7719.653320	-68.597099
7730.419922	-69.445526
7741.186523	-70.437462
7751.953125	-74.901169
7762.719727	-72.322769
7773.486328	-70.509422
7784.252930	-70.754547
7795.019531	-66.284744
7805.786133	-61.818050
7816.552734	-47.976181
7827.319336	-43.190617
7838.085938	-44.675106
7848.852539	-52.497307
7859.619141	-70.129585
7870.385742	-77.000656
7881.152344	-71.667061
7891.918945	-71.863327
7902.685547	-75.793831
7913.452148	-83.598114
7924.218750	-71.348419
7934.985352	-69.824409
7945.751953	-81.939232
7956.518555	-73.301582
7967.285156	-73.082222
7978.051758	-71.878365
7988.818359	-69.655251
7999.584961	-72.405373
8010.351563	-78.009911
8021.118164	-84.076675
8031.884766	-74.496346
8042.651367	-69.024765
8053.417969	-68.028511
8064.184570	-68.493301
8074.951172	-70.303459
8085.717773	-75.922775
8096.484375	-76.805687
8107.250977	-77.874519
8118.017578	-83.331985
8128.784180	-91.610878
8139.550781	-79.360725
8150.317383	-78.124283
8161.083984	-77.823906
8171.850586	-72.790718
8182.617188	-71.439270
8193.383789	-70.652138
8204.150391	-71.144157
8214.916992	-84.571213
8225.683594	-73.986389
8236.450195	-71.809792
8247.216797	-75.079231
8257.983398	-88.536873
8268.750000	-71.763184
8279.516602	-68.611198
8290.283203	-69.624580
8301.049805	-70.018944
8311.816406	-71.077255
8322.583008	-77.380936
8333.349609	-80.346886
8344.116211	-77.021530
8354.882813	-78.972336
8365.649414	-93.724113
8376.416016	-82.521805
8387.182617	-94.530426
8397.949219	-77.604805
8408.715820	-78.359207
8419.482422	-68.614388
8430.249023	-66.229927
8441.015625	-78.067070
8451.782227	-72.817886
8462.548828	-66.603394
8473.315430	-63.466228
8484.082031	-58.562813
8494.848633	-52.684795
8505.615234	-53.341007
8516.381836	-62.736874
8527.148438	-77.238037
8537.915039	-76.668114
8548.681641	-56.767124
8559.448242	-42.935314
8570.214844	-37.701572
8580.981445	-38.946140
8591.748047	-48.042400
8602.514648	-82.733871
8613.281250	-76.601311
8624.047852	-68.127769
8634.814453	-73.257912
8645.581055	-73.531502
8656.347656	-75.242706
8667.114258	-75.854355
8677.880859	-78.275368
8688.647461	-85.445793
8699.414063	-78.714668
8710.180664	-82.542358
8720.947266	-74.592056
8731.713867	-76.620132
8742.480469	-78.015373
8753.247070	-74.866684
8764.013672	-77.698799
8774.780273	-81.229652
8785.546875	-77.900970
8796.313477	-81.957520
8807.080078	-79.311699
8817.846680	-80.891655
8828.613281	-97.080658
8839.379883	-81.449593
8850.146484	-77.354431
8860.913086	-76.742943
8871.679688	-76.178040
8882.446289	-79.994019
8893.212891	-79.579994
8903.979492	-78.237511
8914.746094	-81.271660
8925.512695	-75.343414
8936.279297	-90.947731
8947.045898	-76.006561
8957.812500	-74.318237
8968.579102	-78.032501
8979.345703	-77.638176
8990.112305	-75.897537
9000.878906	-76.311493
9011.645508	-71.965111
9022.412109	-69.121025
9033.178711	-76.558235
9043.945313	-75.588387
9054.711914	-70.264252
9065.478516	-71.641464
9076.245117	-74.871056
9087.011719	-81.052330
9097.778320	-73.567352
9108.544922	-72.455139
9119.311523	-69.872269
9130.078125	-64.278709
9140.844727	-63.582226
9151.611328	-68.119125
9162.377930	-74.014328
9173.144531	-75.298828
9183.911133	-56.634247
9194.677734	-51.585186
9205.444336	-54.665134
9216.210938	-66.876709
9226.977539	-84.418701
9237.744141	-74.239197
9248.510742	-70.888382
9259.277344	-70.206413
9270.043945	-70.619270
9280.810547	-66.876862
9291.577148	-65.812531
9302.343750	-55.760975
9313.110352	-44.606602
9323.876953	-40.356464
9334.643555	-42.681080
9345.410156	-50.845455
9356.176758	-62.667671
9366.943359	-68.013481
9377.709961	-72.521744
9388.476563	-87.623276
9399.243164	-75.800568
9410.009766	-70.288887
9420.776367	-69.246338
9431.542969	-72.212982
9442.309570	-73.736526
9453.076172	-72.731056
9463.842773	-73.020523
9474.609375	-74.875320
9485.375977	-71.548698
9496.142578	-68.763512
9506.909180	-71.509293
9517.675781	-76.662079
9528.442383	-79.396179
9539.208984	-78.061302
9549.975586	-79.071930
9560.742188	-78.306084
9571.508789	-76.614479
9582.275391	-78.972565
9593.041992	-95.673347
9603.808594	-81.284805
9614.575195	-82.752220
9625.341797	-95.823036
9636.108398	-80.918472
9646.875000	-81.131340
9657.641602	-79.882423
9668.408203	-78.959206
9679.174805	-80.029617
9689.941406	-83.941917
9700.708008	-79.860947
9711.474609	-76.337975
9722.241211	-75.244995
9733.007813	-74.823265
9743.774414	-79.905640
9754.541016	-84.278030
9765.307617	-81.586334
9776.074219	-76.096306
9786.840820	-72.822990
9797.607422	-74.097336
9808.374023	-77.014496
9819.140625	-81.231293
9829.907227	-77.893143
9840.673828	-70.335434
9851.440430	-66.496063
9862.207031	-65.552956
9872.973633	-67.857780
9883.740234	-60.283234
9894.506836	-54.482635
9905.273438	-56.298355
9916.040039	-61.778507
9926.806641	-64.689629
9937.573242	-69.920410
9948.339844	-64.407578
9959.106445	-57.250648
9969.873047	-60.735298
9980.639648	-72.381775
9991.406250	-72.291214
10002.172852	-72.643051
10012.939453	-73.574318
10023.706055	-68.034393
10034.472656	-78.413345
10045.239258	-73.436729
10056.005859	-65.427773
10066.772461	-56.557396
10077.539063	-47.314251
10088.305664	-44.309803
10099.072266	-53.316910
10109.838867	-52.165619
10120.605469	-56.369488
10131.372070	-69.043907
10142.138672	-78.036247
10152.905273	-67.435211
10163.671875	-79.040298
10174.438477	-73.326141
10185.205078	-76.446175
10195.971680	-84.973022
10206.738281	-85.471016
10217.504883	-76.065208
10228.271484	-74.801781
10239.038086	-77.229057
10249.804688	-73.257973
10260.571289	-71.089508
10271.337891	-72.913048
10282.104492	-77.030205
10292.871094	-75.950462
10303.637695	-77.012535
10314.404297	-93.644989
10325.170898	-72.559959
10335.937500	-72.290062
10346.704102	-78.448936
10357.470703	-78.156693
10368.237305	-80.581177
10379.003906	-80.828110
10389.770508	-82.738121
10400.537109	-84.622421
10411.303711	-76.898376
10422.070313	-71.336037
10432.836914	-70.263428
10443.603516	-70.083458
10454.370117	-69.607552
10465.136719	-71.135796
10475.903320	-73.079292
10486.669922	-75.419662
10497.436523	-90.287491
10508.203125	-87.055923
10518.969727	-79.958717
10529.736328	-76.449196
10540.502930	-70.383759
10551.269531	-62.470066
10562.036133	-62.392895
10572.802734	-59.338367
10583.569336	-64.975555
10594.335938	-53.514400
10605.102539	-55.702740
10615.869141	-72.359436
10626.635742	-73.678284
10637.402344	-80.799927
10648.168945	-86.289040
10658.935547	-77.210533
10669.702148	-67.902275
10680.468750	-68.915955
10691.235352	-84.666176
10702.001953	-75.030174
10712.768555	-71.345779
10723.535156	-69.525307
10734.301758	-73.245850
10745.068359	-88.707352
10755.834961	-76.722984
10766.601563	-72.938049
10777.368164	-74.187584
10788.134766	-74.860634
10798.901367	-74.480881
10809.667969	-81.508774
10820.434570	-77.611023
10831.201172	-74.594849
10841.967773	-63.669930
10852.734375	-69.356636
10863.500977	-52.994976
10874.267578	-54.397705
10885.034180	-67.951004
10895.800781	-74.313293
10906.567383	-74.282784
10917.333984	-74.319183
10928.100586	-75.831635
10938.867188	-77.346291
10949.633789	-82.245216
10960.400391	-81.412628
10971.166992	-76.532440
10981.933594	-81.257431
10992.700195	-100.086266
11003.466797	-89.727249
11014.233398	-77.719887
11025.000000	-75.000313
11035.766602	-72.950729
11046.533203	-75.022125
11057.299805	-89.046028
11068.066406	-78.721634
11078.833008	-82.233421
11089.599609	-83.954109
11100.366211	-85.806732
11111.132813	-82.720406
11121.899414	-81.405540
11132.666016	-82.487579
11143.432617	-82.789146
11154.199219	-76.318214
11164.965820	-73.759720
11175.732422	-74.695419
11186.499023	-77.951820
11197.265625	-75.807175
11208.032227	-72.541435
11218.798828	-75.235229
11229.565430	-76.236855
11240.332031	-77.504761
11251.098633	-78.255653
11261.865234	-82.338127
11272.631836	-86.894623
11283.398438	-69.824623
11294.165039	-56.491852
11304.931641	-53.537113
11315.698242	-59.728119
11326.464844	-81.750664
11337.231445	-71.537018
11347.998047	-73.448906
11358.764648	-74.104149
11369.531250	-76.963509
11380.297852	-79.912804
11391.064453	-72.905289
11401.831055	-76.722969
11412.597656	-77.206459
11423.364258	-78.147552
11434.130859	-95.898468
11444.897461	-87.602798
11455.664063	-78.363876
11466.430664	-77.832008
11477.197266	-84.596329
11487.963867	-86.698471
11498.730469	-88.438919
11509.497070	-84.311417
11520.263672	-80.705002
11531.030273	-77.942955
11541.796875	-79.180702
11552.563477	-84.656631
11563.330078	-77.068375
11574.096680	-77.777519
11584.863281	-73.276459
11595.629883	-70.949440
11606.396484	-74.229607
11617.163086	-65.965279
11627.929688	-55.726479
11638.696289	-54.650280
11649.462891	-63.167492
11660.229492	-87.177444
11670.996094	-78.361092
11681.762695	-79.721710
11692.529297	-89.403061
11703.295898	-80.754822
11714.062500	-76.845627
11724.829102	-78.721443
11735.595703	-82.970810
11746.362305	-81.239426
11757.128906	-83.570518
11767.895508	-84.686241
11778.662109	-83.872894
11789.428711	-86.809189
11800.195313	-79.927834
11810.961914	-79.190109
11821.728516	-85.416061
11832.495117	-84.091461
11843.261719	-83.576195
11854.028320	-86.579445
11864.794922	-91.027603
11875.561523	-77.325943
11886.328125	-72.003723
11897.094727	-70.129631
11907.861328	-71.053101
11918.627930	-75.853256
11929.394531	-80.867737
11940.161133	-90.813766
11950.927734	-77.916122
11961.694336	-71.552025
11972.460938	-74.767967
11983.227539	-67.019341
11993.994141	-59.852066
12004.760742	-57.279358
12015.527344	-59.640862
12026.293945	-67.433922
12037.060547	-81.727783
12047.827148	-74.217377
12058.593750	-71.283546
12069.360352	-79.002167
12080.126953	-70.687210
12090.893555	-62.138348
12101.660156	-62.321831
12112.426758	-71.652916
12123.193359	-85.749283
12133.959961	-79.822655
12144.726563	-88.598427
12155.493164	-82.530579
12166.259766	-83.963448
12177.026367	-92.669006
12187.792969	-92.900024
12198.559570	-92.232079
12209.326172	-89.605896
12220.092773	-83.522575
12230.859375	-75.182602
12241.625977	-78.146431
12252.392578	-88.047180
12263.159180	-77.501930
12273.925781	-81.970963
12284.692383	-86.521408
12295.458984	-79.293839
12306.225586	-81.115723
12316.992188	-78.095154
12327.758789	-79.354904
12338.525391	-80.497147
12349.291992	-71.128990
12360.058594	-69.078812
12370.825195	-72.522987
12381.591797	-77.135094
12392.358398	-76.135056
12403.125000	-73.097549
12413.891602	-61.573151
12424.658203	-56.753738
12435.424805	-54.402420
12446.191406	-59.005817
12456.958008	-68.860786
12467.724609	-72.786324
12478.491211	-73.686790
12489.257813	-71.961411
12500.024414	-69.962158
12510.791016	-73.022934
12521.557617	-75.851967
12532.324219	-72.710564
12543.090820	-75.374672
12553.857422	-80.999405
12564.624023	-84.686913
12575.390625	-94.860054
12586.157227	-86.127327
12596.923828	-85.774605
12607.690430	-92.241341
12618.457031	-90.522621
12629.223633	-91.752762
12639.990234	-92.536148
12650.756836	-92.958069
12661.523438	-85.412689
12672.290039	-83.082268
12683.056641	-78.550102
12693.823242	-75.424286
12704.589844	-72.857536
12715.356445	-64.648521
12726.123047	-62.329830
12736.889648	-65.174332
12747.656250	-70.614143
12758.422852	-74.425293
12769.189453	-81.974983
12779.956055	-83.620323
12790.722656	-68.003777
12801.489258	-62.946922
12812.255859	-65.411789
12823.022461	-76.528648
12833.789063	-82.763962
12844.555664	-79.329742
12855.322266	-78.649048
12866.088867	-79.337334
12876.855469	-82.855019
12887.622070	-88.790916
12898.388672	-98.293129
12909.155273	-80.486969
12919.921875	-76.701744
12930.688477	-77.220711
12941.455078	-82.391830
12952.221680	-87.939438
12962.988281	-82.054199
12973.754883	-86.551361
12984.521484	-89.743729
12995.288086	-79.655151
13006.054688	-78.835747
13016.821289	-80.995598
13027.587891	-81.947227
13038.354492	-85.137985
13049.121094	-82.330093
13059.887695	-75.406464
13070.654297	-75.428055
13081.420898	-84.234505
13092.187500	-86.998993
13102.954102	-80.921417
13113.720703	-84.511627
13124.487305	-87.445587
13135.253906	-79.407928
13146.020508	-81.113304
13156.787109	-84.534050
13167.553711	-87.813400
13178.320313	-84.875534
13189.086914	-77.963654
13199.853516	-82.081772
13210.620117	-64.666267
13221.386719	-55.385006
13232.153320	-56.532722
13242.919922	-64.366692
13253.686523	-67.557861
13264.453125	-76.257790
13275.219727	-83.648056
13285.986328	-76.818489
13296.752930	-71.928802
13307.519531	-80.148407
13318.286133	-91.960197
13329.052734	-83.094864
13339.819336	-87.989601
13350.585938	-80.498314
13361.352539	-82.406013
13372.119141	-80.136642
13382.885742	-79.216286
13393.652344	-76.502068
13404.418945	-75.823730
13415.185547	-74.058090
13425.952148	-58.701630
13436.718750	-50.927544
13447.485352	-51.154373
13458.251953	-59.994003
13469.018555	-77.381531
13479.785156	-75.264732
13490.551758	-70.673378
13501.318359	-64.443665
13512.084961	-65.784599
13522.851563	-75.100815
13533.618164	-86.345650
13544.384766	-78.599838
13555.151367	-81.683029
13565.917969	-87.084091
13576.684570	-86.925293
13587.451172	-83.078392
13598.217773	-84.677544
13608.984375	-91.219193
13619.750977	-89.387306
13630.517578	-81.894867
13641.284180	-85.184868
13652.050781	-83.505379
13662.817383	-85.255470
13673.583984	-96.600082
13684.350586	-87.176849
13695.117188	-75.317528
13705.883789	-74.999374
13716.650391	-92.083595
13727.416992	-89.565666
13738.183594	-88.880669
13748.950195	-86.380814
13759.716797	-88.071846
13770.483398	-82.493759
13781.250000	-77.297234
13792.016602	-76.573547
13802.783203	-84.166321
13813.549805	-82.853813
13824.316406	-85.774719
13835.083008	-83.572914
13845.849609	-80.736107
13856.616211	-87.653473
13867.382813	-93.221359
13878.149414	-83.351173
13888.916016	-76.245537
13899.682617	-70.323723
13910.449219	-70.282631
13921.215820	-81.456009
13931.982422	-77.829208
13942.749023	-79.732086
13953.515625	-88.900642
13964.282227	-83.593414
13975.048828	-80.984810
13985.815430	-86.378578
13996.582031	-77.545364
14007.348633	-83.073036
14018.115234	-76.625420
14028.881836	-62.893250
14039.648438	-61.629692
14050.415039	-62.508015
14061.181641	-63.233021
14071.948242	-68.558464
14082.714844	-73.101715
14093.481445	-83.841568
14104.248047	-94.331696
14115.014648	-83.696678
14125.781250	-83.774628
14136.547852	-84.411072
14147.314453	-80.809319
14158.081055	-79.634834
14168.847656	-87.286636
14179.614258	-81.179085
14190.380859	-66.240303
14201.147461	-60.210110
14211.914063	-62.798897
14222.680664	-74.773956
14233.447266	-81.097389
14244.213867	-80.603493
14254.980469	-80.439690
14265.747070	-85.651855
14276.513672	-93.205170
14287.280273	-85.117653
14298.046875	-78.370438
14308.813477	-77.083183
14319.580078	-82.676567
14330.346680	-88.578270
14341.113281	-81.994949
14351.879883	-80.567238
14362.646484	-82.089920
14373.413086	-88.524269
14384.179688	-84.727524
14394.946289	-84.589012
14405.712891	-81.594460
14416.479492	-82.149269
14427.246094	-80.099709
14438.012695	-80.727394
14448.779297	-84.834610
14459.545898	-88.211952
14470.312500	-93.954582
14481.079102	-80.590019
14491.845703	-74.766823
14502.612305	-74.599648
14513.378906	-79.770691
14524.145508	-85.804878
14534.912109	-98.239944
14545.678711	-88.492790
14556.445313	-91.365761
14567.211914	-98.338104
14577.978516	-85.317215
14588.745117	-75.987198
14599.511719	-74.244614
14610.278320	-80.953156
14621.044922	-89.598999
14631.811523	-88.135986
14642.578125	-81.813515
14653.344727	-81.066017
14664.111328	-82.807205
14674.877930	-83.038055
14685.644531	-85.994278
14696.411133	-85.742294
14707.177734	-82.160713
14717.944336	-81.652878
14728.710938	-82.253494
14739.477539	-78.670319
14750.244141	-73.797340
14761.010742	-72.822769
14771.777344	-78.623947
14782.543945	-100.931564
14793.310547	-90.295586
14804.077148	-79.654999
14814.843750	-74.390236
14825.610352	-72.192825
14836.376953	-78.737701
14847.143555	-77.126785
14857.910156	-67.498985
14868.676758	-66.064049
14879.443359	-71.844688
14890.209961	-57.037281
14900.976563	-55.875908
14911.743164	-64.138985
14922.509766	-84.995834
14933.276367	-79.619400
14944.042969	-75.714729
14954.809570	-86.315674
14965.576172	-86.346581
14976.342773	-90.035263
14987.109375	-86.140770
14997.875977	-86.239471
15008.642578	-85.691559
15019.409180	-81.969238
15030.175781	-79.782516
15040.942383	-78.337479
15051.708984	-77.937012
15062.475586	-82.050835
15073.242188	-80.662567
15084.008789	-82.965752
15094.775391	-78.616837
15105.541992	-80.269745
15116.308594	-96.344620
15127.075195	-81.449471
15137.841797	-89.254845
15148.608398	-85.097237
15159.375000	-83.093925
15170.141602	-96.434921
15180.908203	-86.333771
15191.674805	-80.549957
15202.441406	-77.020744
15213.208008	-83.586990
15223.974609	-91.483437
15234.741211	-81.084496
15245.507813	-80.426628
15256.274414	-84.757813
15267.041016	-85.626587
15277.807617	-84.678123
15288.574219	-75.835686
15299.340820	-75.889091
15310.107422	-84.278862
15320.874023	-85.673164
15331.640625	-81.952072
15342.407227	-80.601089
15353.173828	-72.066780
15363.940430	-71.593399
15374.707031	-78.594971
15385.473633	-83.137978
15396.240234	-86.440132
15407.006836	-94.834335
15417.773438	-95.890656
15428.540039	-86.393135
15439.306641	-88.687096
15450.073242	-91.621002
15460.839844	-82.577065
15471.606445	-76.577370
15482.373047	-74.929504
15493.139648	-74.664925
15503.906250	-77.765472
15514.672852	-91.513840
15525.439453	-81.493095
15536.206055	-94.189499
15546.972656	-84.748543
15557.739258	-78.171364
15568.505859	-74.151642
15579.272461	-75.688354
15590.039063	-79.890167
15600.805664	-82.009842
15611.572266	-79.053299
15622.338867	-68.832260
15633.105469	-68.892784
15643.872070	-76.967728
15654.638672	-81.229645
15665.405273	-81.537979
15676.171875	-88.660988
15686.938477	-73.477249
15697.705078	-67.176086
15708.471680	-75.755997
15719.238281	-73.347824
15730.004883	-78.040909
15740.771484	-81.633232
15751.538086	-83.772972
15762.304688	-89.641647
15773.071289	-96.251465
15783.837891	-83.552826
15794.604492	-77.398048
15805.371094	-82.662018
15816.137695	-82.420250
15826.904297	-76.267197
15837.670898	-70.610245
15848.437500	-70.944939
15859.204102	-78.738106
15869.970703	-96.163109
15880.737305	-83.825424
15891.503906	-86.087631
15902.270508	-78.916252
15913.037109	-79.452240
15923.803711	-83.359978
15934.570313	-84.552452
15945.336914	-81.516800
15956.103516	-77.555214
15966.870117	-80.212761
15977.636719	-81.212524
15988.403320	-76.045937
15999.169922	-74.534660
16009.936523	-76.287148
16020.703125	-79.959152
16031.469727	-82.765244
16042.236328	-78.600899
16053.002930	-81.213104
16063.769531	-86.546227
16074.536133	-89.046326
16085.302734	-80.516594
16096.069336	-74.669716
16106.835938	-74.431076
16117.602539	-78.597595
16128.369141	-82.605988
16139.135742	-84.137245
16149.902344	-85.521706
16160.668945	-89.791901
16171.435547	-82.080368
16182.202148	-78.307404
16192.968750	-76.578064
16203.735352	-77.110909
16214.501953	-77.316849
16225.268555	-77.798279
16236.035156	-79.600075
16246.801758	-83.751198
16257.568359	-95.404015
16268.334961	-94.864891
16279.101563	-78.042038
16289.868164	-62.552376
16300.634766	-58.736645
16311.401367	-63.218403
16322.167969	-78.094994
16332.934570	-76.155182
16343.701172	-78.275513
16354.467773	-71.794930
16365.234375	-62.096119
16376.000977	-60.479454
16386.767578	-65.458961
16397.534180	-77.374580
16408.300781	-84.670212
16419.067383	-86.669037
16429.833984	-78.500496
16440.600586	-74.747849
16451.367188	-76.364792
16462.133789	-79.166756
16472.900391	-77.523750
16483.666992	-81.403656
16494.433594	-86.944649
16505.200195	-78.570930
16515.966797	-86.353554
16526.733398	-86.515381
16537.500000	-67.663933
16548.266602	-62.551846
16559.033203	-69.633743
16569.799805	-72.645485
16580.566406	-74.785820
16591.333008	-83.151054
16602.099609	-74.583633
16612.866211	-75.629051
16623.632813	-83.867844
16634.399414	-88.290970
16645.166016	-90.959900
16655.932617	-98.966560
16666.699219	-92.555099
16677.465820	-87.171104
16688.232422	-76.113831
16698.999023	-72.008377
16709.765625	-73.221359
16720.532227	-77.995796
16731.298828	-80.196671
16742.065430	-78.678474
16752.832031	-86.513184
16763.598633	-86.220352
16774.365234	-85.920815
16785.131836	-99.321457
16795.898438	-85.698418
16806.665039	-85.051697
16817.431641	-93.022133
16828.198242	-84.500778
16838.964844	-83.714897
16849.731445	-86.445946
16860.498047	-84.484650
16871.264648	-85.379807
16882.031250	-84.515793
16892.797852	-76.763260
16903.564453	-75.375526
16914.331055	-81.283569
16925.097656	-90.858269
16935.864258	-94.683578
16946.630859	-88.970520
16957.397461	-85.980125
16968.164063	-80.527603
16978.930664	-70.583305
16989.697266	-62.487926
17000.463867	-62.403378
17011.230469	-73.023376
17021.997070	-77.306938
17032.763672	-76.096092
17043.530273	-75.607979
17054.296875	-78.897446
17065.063477	-84.406258
17075.830078	-82.806808
17086.596680	-81.577568
17097.363281	-81.269493
17108.129883	-73.521370
17118.896484	-63.780331
17129.663086	-62.479740
17140.429688	-67.390785
17151.196289	-75.990883
17161.962891	-79.942993
17172.729492	-82.925926
17183.496094	-83.395737
17194.262695	-80.202888
17205.029297	-79.627251
17215.795898	-79.241234
17226.562500	-79.080788
17237.329102	-85.129417
17248.095703	-93.697639
17258.862305	-92.505371
17269.628906	-87.738861
17280.395508	-78.347923
17291.162109	-70.321602
17301.928711	-68.580322
17312.695313	-76.232712
17323.461914	-87.301514
17334.228516	-83.395546
17344.995117	-83.547623
17355.761719	-84.296562
17366.528320	-87.793510
17377.294922	-95.459976
17388.061523	-84.047813
17398.828125	-82.441322
17409.594727	-85.823914
17420.361328	-93.339500
17431.127930	-80.547020
17441.894531	-90.682022
17452.661133	-89.438866
17463.427734	-86.695862
17474.194336	-84.270332
17484.960938	-86.019058
17495.727539	-75.994843
17506.494141	-77.781982
17517.260742	-82.519424
17528.027344	-76.606354
17538.793945	-77.892853
17549.560547	-87.357185
17560.327148	-86.993134
17571.093750	-78.571617
17581.860352	-79.257675
17592.626953	-79.052467
17603.393555	-83.144707
17614.160156	-98.877640
17624.926758	-94.581573
17635.693359	-79.394310
17646.459961	-79.034668
17657.226563	-85.933426
17667.993164	-88.711166
17678.759766	-75.090607
17689.526367	-66.169334
17700.292969	-65.151215
17711.059570	-71.549171
17721.826172	-87.330994
17732.592773	-79.652412
17743.359375	-68.635590
17754.125977	-60.798759
17764.892578	-61.467491
17775.659180	-69.245544
17786.425781	-81.678764
17797.192383	-85.515541
17807.958984	-77.976265
17818.725586	-76.636078
17829.492188	-82.590179
17840.258789	-86.247726
17851.025391	-95.440048
17861.791992	-85.493752
17872.558594	-71.007332
17883.325195	-64.518997
17894.091797	-66.389893
17904.858398	-87.976677
17915.625000	-76.755623
17926.391602	-94.888695
17937.158203	-89.876633
17947.924805	-84.832024
17958.691406	-81.646812
17969.458008	-83.124062
17980.224609	-87.952858
17990.991211	-90.978073
18001.757813	-86.605904
18012.524414	-84.672218
18023.291016	-87.538322
18034.057617	-91.156700
18044.824219	-96.711578
18055.590820	-97.099144
18066.357422	-95.729324
18077.124023	-85.174286
18087.890625	-81.866707
18098.657227	-81.474564
18109.423828	-83.429314
18120.190430	-88.169548
18130.957031	-93.448181
18141.723633	-97.300964
18152.490234	-90.937523
18163.256836	-86.728073
18174.023438	-91.873520
18184.790039	-82.677528
18195.556641	-76.517380
18206.323242	-77.379677
18217.089844	-86.050713
18227.856445	-83.209770
18238.623047	-78.052971
18249.389648	-79.846237
18260.156250	-86.849434
18270.922852	-79.468376
18281.689453	-78.925873
18292.456055	-84.698555
18303.222656	-84.297997
18313.989258	-86.656235
18324.755859	-87.393608
18335.522461	-97.544197
18346.289063	-92.648895
18357.055664	-79.888008
18367.822266	-83.103889
18378.588867	-82.838982
18389.355469	-66.282944
18400.122070	-63.508324
18410.888672	-69.382881
18421.655273	-83.323914
18432.421875	-96.461479
18443.188477	-86.831093
18453.955078	-82.518372
18464.721680	-74.620842
18475.488281	-71.230263
18486.254883	-75.415359
18497.021484	-86.514465
18507.788086	-82.425308
18518.554688	-97.821037
18529.321289	-88.806252
18540.087891	-89.863640
18550.854492	-88.062172
18561.621094	-84.328514
18572.387695	-83.082283
18583.154297	-81.201683
18593.920898	-78.710510
18604.687500	-79.523811
18615.454102	-87.407722
18626.220703	-96.515572
18636.987305	-89.515297
18647.753906	-91.781517
18658.520508	-80.856445
18669.287109	-76.016197
18680.053711	-78.921036
18690.820313	-74.436554
18701.586914	-71.841049
18712.353516	-75.305443
18723.120117	-81.228676
18733.886719	-87.542519
18744.653320	-91.128700
18755.419922	-81.089233
18766.186523	-78.501312
18776.953125	-78.318130
18787.719727	-78.732849
18798.486328	-81.215958
18809.252930	-99.087303
18820.019531	-83.972282
18830.786133	-78.163834
18841.552734	-74.255486
18852.319336	-79.139885
18863.085938	-90.220688
18873.852539	-89.034698
18884.619141	-83.274857
18895.385742	-78.590492
18906.152344	-78.747368
18916.918945	-87.250725
18927.685547	-93.793938
18938.452148	-88.461113
18949.218750	-88.544006
18959.985352	-82.920486
18970.751953	-83.979691
18981.518555	-88.062889
18992.285156	-89.239655
19003.051758	-77.249336
19013.818359	-75.314537
19024.584961	-79.185463
19035.351563	-82.082199
19046.118164	-86.346611
19056.884766	-97.104988
19067.651367	-87.676735
19078.417969	-93.244362
19089.184570	-70.306290
19099.951172	-62.807167
19110.717773	-64.312668
19121.484375	-76.619385
19132.250977	-88.282166
19143.017578	-93.473000
19153.784180	-80.382126
19164.550781	-78.297401
19175.317383	-80.397415
19186.083984	-73.548523
19196.850586	-71.576920
19207.617188	-79.279076
19218.383789	-95.015640
19229.150391	-87.688171
19239.916992	-85.133331
19250.683594	-96.603828
19261.450195	-82.996384
19272.216797	-81.588165
19282.983398	-87.629723
19293.750000	-80.370995
19304.516602	-80.994034
19315.283203	-90.943092
19326.049805	-89.116913
19336.816406	-83.199539
19347.583008	-88.852043
19358.349609	-83.031082
19369.116211	-81.456512
19379.882813	-78.209824
19390.649414	-71.518799
19401.416016	-70.718742
19412.182617	-76.051888
19422.949219	-76.717789
19433.715820	-71.646927
19444.482422	-73.839546
19455.249023	-81.038818
19466.015625	-86.742714
19476.782227	-91.078972
19487.548828	-87.572937
19498.315430	-83.352249
19509.082031	-82.940811
19519.848633	-85.146240
19530.615234	-96.279388
19541.381836	-93.895828
19552.148438	-100.959366
19562.915039	-96.669815
19573.681641	-96.030823
19584.448242	-84.458633
19595.214844	-75.458908
19605.981445	-74.646843
19616.748047	-82.119904
19627.514648	-92.131180
19638.281250	-88.135735
19649.047852	-85.228859
19659.814453	-84.898056
19670.581055	-87.142982
19681.347656	-84.616356
19692.114258	-78.197105
19702.880859	-77.477386
19713.647461	-84.559525
19724.414063	-89.608360
19735.180664	-91.900970
19745.947266	-96.624817
19756.713867	-95.722008
19767.480469	-100.108574
19778.247070	-87.931297
19789.013672	-77.548264
19799.780273	-68.953438
19810.546875	-68.023659
19821.313477	-72.759506
19832.080078	-75.520271
19842.846680	-79.100304
19853.613281	-83.625351
19864.379883	-95.923782
19875.146484	-82.765305
19885.913086	-67.723854
19896.679688	-63.501198
19907.446289	-68.088371
19918.212891	-82.757370
19928.979492	-88.698013
19939.746094	-85.327286
19950.512695	-87.001915
19961.279297	-92.834068
19972.045898	-95.134331
19982.812500	-87.122772
19993.579102	-85.253510
20004.345703	-93.465752
20015.112305	-96.682388
20025.878906	-88.480583
20036.645508	-80.937157
20047.412109	-79.740196
20058.178711	-84.662743
20068.945313	-83.913857
20079.711914	-86.082306
20090.478516	-82.527756
20101.245117	-81.516396
20112.011719	-88.599075
20122.778320	-92.093727
20133.544922	-83.523605
20144.311523	-75.276901
20155.078125	-70.979004
20165.844727	-77.363289
20176.611328	-77.077721
20187.377930	-81.338448
20198.144531	-85.198700
20208.911133	-77.253716
20219.677734	-75.203003
20230.444336	-73.662437
20241.210938	-75.236046
20251.977539	-80.438873
20262.744141	-82.890205
20273.510742	-83.275826
20284.277344	-78.897995
20295.043945	-73.986977
20305.810547	-73.314392
20316.577148	-80.131996
20327.343750	-83.814507
20338.110352	-84.194069
20348.876953	-86.993156
20359.643555	-88.734802
20370.410156	-84.240021
20381.176758	-85.013931
20391.943359	-87.419487
20402.709961	-87.952026
20413.476563	-106.263939
20424.243164	-91.933121
20435.009766	-98.998291
20445.776367	-94.905228
20456.542969	-88.472633
20467.309570	-85.317505
20478.076172	-83.545570
20488.842773	-81.638306
20499.609375	-78.523567
20510.375977	-72.416550
20521.142578	-68.085838
20531.909180	-69.394241
20542.675781	-78.401314
20553.442383	-87.506607
20564.208984	-82.202339
20574.975586	-88.313835
20585.742188	-74.734840
20596.508789	-65.599731
20607.275391	-65.584282
20618.041992	-75.549942
20628.808594	-79.360054
20639.575195	-78.829590
20650.341797	-82.649559
20661.108398	-108.325264
20671.875000	-82.596542
20682.641602	-82.550003
20693.408203	-93.959206
20704.174805	-90.133003
20714.941406	-94.782425
20725.708008	-91.874733
20736.474609	-85.334099
20747.241211	-86.849182
20758.007813	-84.763680
20768.774414	-79.266556
20779.541016	-78.049545
20790.307617	-76.680725
20801.074219	-76.135223
20811.840820	-82.801033
20822.607422	-92.980400
20833.374023	-101.343353
20844.140625	-97.415497
20854.907227	-87.679688
20865.673828	-81.560455
20876.440430	-79.894447
20887.207031	-81.742180
20897.973633	-88.991020
20908.740234	-91.321648
20919.506836	-86.823654
20930.273438	-86.182213
20941.040039	-86.950516
20951.806641	-86.255318
20962.573242	-87.090065
20973.339844	-87.349159
20984.106445	-86.617760
20994.873047	-83.096603
21005.639648	-81.688599
21016.406250	-80.707367
21027.172852	-77.848282
21037.939453	-85.655182
21048.706055	-85.326187
21059.472656	-87.570686
21070.239258	-89.489365
21081.005859	-89.742416
21091.772461	-86.566284
21102.539063	-87.210762
21113.305664	-86.812233
21124.072266	-86.941841
21134.838867	-92.453316
21145.605469	-89.665886
21156.372070	-86.555557
21167.138672	-88.819855
21177.905273	-91.864540
21188.671875	-92.501465
21199.438477	-89.393265
21210.205078	-90.473221
21220.971680	-84.607697
21231.738281	-74.687256
21242.504883	-71.781891
21253.271484	-76.431824
21264.038086	-86.484276
21274.804688	-90.138565
21285.571289	-92.288254
21296.337891	-85.170311
21307.104492	-83.000412
21317.871094	-88.377167
21328.637695	-95.876877
21339.404297	-98.979706
21350.170898	-95.562775
21360.937500	-94.267166
21371.704102	-98.030121
21382.470703	-98.696548
21393.237305	-101.766960
21404.003906	-98.724411
21414.770508	-97.421547
21425.537109	-102.656036
21436.303711	-110.758598
21447.070313	-120.622437
21457.836914	-114.060493
21468.603516	-108.174240
21479.370117	-111.692360
21490.136719	-100.910713
21500.903320	-97.739822
21511.669922	-100.856056
21522.436523	-101.890274
21533.203125	-100.730835
21543.969727	-100.559914
21554.736328	-103.224144
21565.502930	-131.545761
21576.269531	-103.005241
21587.036133	-101.096573
21597.802734	-106.543465
21608.569336	-115.432716
21619.335938	-119.440643
21630.102539	-109.644325
21640.869141	-106.581848
21651.635742	-104.252975
21662.402344	-101.766121
21673.168945	-101.212448
21683.935547	-109.665237
21694.702148	-104.281807
21705.468750	-106.972481
21716.235352	-116.668983
21727.001953	-103.134415
21737.768555	-99.691711
21748.535156	-95.745422
21759.301758	-96.947426
21770.068359	-105.291634
21780.834961	-107.636734
21791.601563	-102.725502
21802.368164	-104.271606
21813.134766	-102.985069
21823.901367	-103.584198
21834.667969	-101.952843
21845.434570	-100.515190
21856.201172	-101.791756
21866.967773	-101.784737
21877.734375	-102.813843
21888.500977	-98.347610
21899.267578	-95.318642
21910.034180	-98.479881
21920.800781	-99.995949
21931.567383	-97.888527
21942.333984	-98.764900
21953.100586	-102.372704
21963.867188	-101.668945
21974.633789	-98.192238
21985.400391	-97.753479
21996.166992	-98.046440
22006.933594	-96.331047
22017.700195	-97.086388
22028.466797	-99.133217
22039.233398	-101.089088
